-2.745573801416070637e+03
-8.405982764066548043e+02
-7.892301225771730060e+02
-8.174446336856432254e+02
-7.939217739111422816e+02
-9.975324170139375610e+02
-9.775506612567917273e+02
-1.067095035190853650e+03
-1.001011959227791749e+03
-1.014019469960779134e+03
-1.015491231453457203e+03
-1.108940242446198681e+03
-9.105200678163154180e+02
-9.501302554735515287e+02
-9.746107684963926658e+02
-1.289169006998317400e+03
-1.027194317735202276e+03
-8.333030391705048032e+02
-9.728302471474493132e+02
-9.328733673534974287e+02
-9.878869939496823918e+02
-1.004220284627496426e+03
-1.024337861249424350e+03
-1.013541919435897398e+03
-9.984929146681766952e+02
-9.666365292461106264e+02
-8.390964589911507119e+02
-9.883891734148731985e+02
-8.306938683963512631e+02
-8.993170979170639612e+02
-8.150344911565474604e+02
-7.482490616614438750e+02
-1.165691555585191963e+03
-9.516443565654108170e+02
-9.388425075301217930e+02
-9.858313527243894896e+02
-9.004562915293687411e+02
-1.158879490618505315e+03
-8.580721883897091402e+02
-8.690788544177391941e+02
-9.059530717873313961e+02
-8.280471117852974885e+02
-7.835764315069936856e+02
-9.281784085225930312e+02
-7.967802494400947353e+02
-9.098642510660747575e+02
-8.520041298206998590e+02
-8.684161005661447916e+02
-8.736836842846648779e+02
-8.429949550122308892e+02
-7.947023592592618115e+02
-8.591371872842414632e+02
-7.943296158160502500e+02
-8.810360163484665463e+02
-8.533844781344927242e+02
-9.000941313881822907e+02
-9.754821793025714669e+02
-1.039848235279877144e+03
-8.037753275721229329e+02
-8.780067814065872653e+02
-1.030937561746836309e+03
-8.515060990363351721e+02
-8.219460070899411903e+02
-8.485383709764283822e+02
-7.694893506205717131e+02
-8.022994228283979510e+02
-1.262910718202875842e+03
-1.109285265072951915e+03
-9.852137294438566641e+02
-8.327294073911989472e+02
-8.625777008110858333e+02
-8.912965307020454020e+02
-8.203469608384039020e+02
-8.267538479381225898e+02
-1.085275417724130421e+03
-9.567653132010932495e+02
-1.032018109447713414e+03
-8.913148075398278252e+02
-9.350069760593826231e+02
-9.277224014938250320e+02
-9.229039800987607123e+02
-1.042280044140325799e+03
-2.124817547304968230e+03
-1.291180626508703881e+03
-8.555151539065418547e+02
-9.359175646747286237e+02
-8.583045489489124975e+02
-9.221270971557012217e+02
-8.548050403554190098e+02
-1.001006653527140770e+03
-8.434139326818785776e+02
-8.094247422257664084e+02
-1.172040516586414014e+03
-9.480733702771213984e+02
-8.708698662209977783e+02
-1.258143878497563492e+03
-1.043639380335829856e+03
-1.459006288572679296e+03
-1.096153876172949822e+03
-9.538457387086291419e+02
-9.762849139087151116e+02
-1.041753763415850699e+03
-1.145265835397938872e+03
-1.614048974742717292e+03
-1.111708083908077924e+03
-1.116127398266954287e+03
-9.002177823413155693e+02
-1.154525858862442874e+03
-1.299690394741906175e+03
-1.550208354718009332e+03
-9.656176146010801631e+02
-9.232791674147537151e+02
-1.787426726053619859e+03
-9.489594893063033396e+02
-2.379634213786948749e+03
-9.046357907451656502e+02
-8.081758535889808854e+02
-8.760861509524077064e+02
-9.130450418058244395e+02
-8.797560147203595307e+02
-8.196386775430942180e+02
-7.904850317714774519e+02
-9.877895370990385118e+02
-1.179054765511626101e+03
-1.003427182903744097e+03
-1.522015969497766264e+03
-8.715626140058603823e+02
-9.263913807470833035e+02
-7.947591921848647871e+02
-7.901819092873898853e+02
-1.929714442871445272e+03
-8.939433806575055996e+02
-9.136172791417197914e+02
-9.498546012131157568e+02
-7.833339107616770889e+02
-8.901959012459856240e+02
-8.513335677328702786e+02
-9.397739044468628435e+02
-8.736514883718253941e+02
-9.490563906834634054e+02
-9.874968814064922071e+02
-1.146106824983430897e+03
-9.396172188617426855e+02
-1.088010290470276459e+03
-8.801080986086923303e+02
-7.630448641962060492e+02
-8.014959215166174999e+02
-1.110978932321713728e+03
-8.555322924937462403e+02
-9.224144053177894875e+02
-9.860913153482831603e+02
-7.871951990758508373e+02
-8.605825732078636747e+02
-1.083707684676698818e+03
-8.610274666633470133e+02
-1.401656194254092952e+03
-1.195534684070589947e+03
-9.941765446989160182e+02
-1.553136781382735080e+03
-1.474603686165732142e+03
-8.502138455401290003e+02
-1.078106668336406756e+03
-1.501061276142964743e+03
-1.201910845594898319e+03
-1.091369805573995563e+03
-9.483911381294221883e+02
-1.029804819508986157e+03
-8.871181757633944471e+02
-8.335136012394318641e+02
-8.812886728436477597e+02
-1.144354832737664083e+03
-1.009582783061502596e+03
-9.434882738298431377e+02
-1.049520084569611299e+03
-9.741418603299174492e+02
-1.276652257232055717e+03
-9.288393776916195748e+02
-9.132218520612993871e+02
-1.042337126470795738e+03
-1.004616962903537114e+03
-9.456521912823966431e+02
-8.759257304895312473e+02
-1.110024736231042880e+03
-7.811006698638137777e+02
-1.033575731293972922e+03
-9.008737302688986119e+02
-1.051928682204066490e+03
-9.964520796803058147e+02
-9.305504224296911389e+02
-1.028207750364825415e+03
-8.636755176436893180e+02
-9.570793070667157281e+02
-9.439357100851441373e+02
-8.781095121408804971e+02
-1.453817845107584162e+03
-9.762636929197104791e+02
-1.034809198196462603e+03
-8.190776241275298162e+02
-9.151846793814268040e+02
-8.108409105407172319e+02
-1.005533243706346639e+03
-9.385992996512534319e+02
-9.093540928828871301e+02
-9.444196064969304416e+02
-7.977606538146615094e+02
-8.614781796948805095e+02
-9.475861327201386075e+02
-9.444521928320777988e+02
-9.141511824978422283e+02
-9.032948377278150929e+02
-7.195462865002959916e+02
-9.704311421954258776e+02
-7.154235303635340415e+02
-8.787745736393138714e+02
-8.840248009536524023e+02
-8.726198137074331953e+02
-9.396076083866325916e+02
-8.591639055559883218e+02
-9.388590959169757753e+02
-8.069714914424041581e+02
-1.096478532742576817e+03
-8.657354986844339919e+02
-9.664196385860996088e+02
-9.063971909755260867e+02
-7.743838632614819062e+02
-7.704457368065438914e+02
-8.241614571102962827e+02
-1.126614488764576208e+03
-8.552859813302671910e+02
-9.258140730878978957e+02
-8.674199624932407460e+02
-9.574813355565160009e+02
-9.967079232689596893e+02
-8.239139648210207270e+02
-9.158423161955289515e+02
-8.670981266914599246e+02
-8.714408110955795337e+02
-8.430731866217151946e+02
-7.160399438809374715e+02
-8.155229345981321103e+02
-8.423657225879837824e+02
-9.696853862267909108e+02
-1.006263319556911142e+03
-9.657361875318399598e+02
-7.400112841677669167e+02
-9.116387307444740600e+02
-9.319828921141820501e+02
-8.612375270297899306e+02
-6.438776675136822405e+02
-1.049766702976240595e+03
-1.092235273654186585e+03
-1.011457022165524108e+03
-1.730268235604047732e+03
-1.145631174997639391e+03
-8.548570639383503931e+02
-8.841056155570754527e+02
-9.498358790633069475e+02
-8.209340680675024942e+02
-8.034418562981003333e+02
-7.771324113048684694e+02
-9.845668983002082086e+02
-8.189518236435026211e+02
-9.431908589253531545e+02
-1.096654725928511652e+03
-6.996236375469317181e+02
-1.232695287401254063e+03
-7.367288836976903212e+02
-7.608039387465915979e+02
-8.184942390181056453e+02
-7.042737277419423663e+02
-1.030033403681308073e+03
-7.205250706096619524e+02
-1.003206783904549411e+03
-6.363838443137688046e+02
-9.097459177047569483e+02
-9.418198936169258104e+02
-7.628244440549545970e+02
-1.075890037084664527e+03
-1.336782269842446340e+03
-7.802475483490233046e+02
-1.312480193396693267e+03
-1.163830466784676446e+03
-8.114374016954315039e+02
-7.923353851180784204e+02
-7.902161305583534840e+02
-1.018936654458548446e+03
-8.255061424810763810e+02
-7.923223162746727439e+02
-7.284244637655637007e+02
-8.459317821946788172e+02
-9.503076648598525935e+02
-8.419508447706633660e+02
-8.621036037477088030e+02
-8.386707807419252276e+02
-1.102577099760788769e+03
-9.285143064067618752e+02
-8.599730626003120051e+02
-1.604050204699913138e+02
-9.865143707982240358e+02
-7.587741201506950119e+02
-7.846975241586158063e+02
-1.184244103013590802e+03
-8.349638410881815389e+02
-8.489607516108286518e+02
-1.002818510844756474e+03
-8.938003436377080106e+02
-6.548350620934711515e+02
-1.232802390273322089e+03
-8.468615184488032810e+02
-8.134940452388675567e+02
-7.561098436751162808e+02
-8.610456301195393962e+02
-7.424991630368332380e+02
-8.852251208734081729e+02
-8.666301869687964654e+02
-8.342116511497606552e+02
-8.206711133218028635e+02
-9.136476162438916617e+02
-9.104143154917511538e+02
-9.643568869010408662e+02
-7.738591413733654463e+02
-7.968764310535779032e+02
-7.640676747788960483e+02
4.001718895870908455e+02
-8.111825232089804558e+02
7.738458015814705959e+01
-8.787554320907386227e+02
-8.541280157838338027e+02
-9.540751454641859937e+02
-8.250159283895355884e+02
5.772048333565379608e+02
-6.852853256192762501e+02
-1.001517783436814170e+03
-4.295595672299606917e+02
-8.092089742854130918e+02
-8.571283116211253628e+02
-8.640954148338798859e+02
-8.653840741885273928e+02
-8.876534435547151816e+02
-8.843241853749806296e+02
-5.741114323765798417e+02
-8.617200425965540944e+02
-8.529372914895103577e+02
-9.068162788319631318e+02
-8.749462901758275848e+02
-9.405037591981307514e+02
-8.571252993419765289e+02
-8.268108508431812425e+02
-8.785267194226431684e+02
-8.224024426787102584e+02
-7.766679006265284215e+02
-8.392864581892367823e+02
-8.272653709845359344e+02
-8.365932630122315459e+02
-9.158945612627709352e+02
-1.243587697479578765e+03
-8.669581680130179393e+02
-9.136476456168666118e+02
-8.241740050691714714e+02
-6.446852204827657715e+02
-9.027843805500062899e+02
-1.721044533050125665e+03
-9.038444124169401448e+02
-8.418126450132195941e+02
-6.915822002438193294e+02
-7.403985332409025659e+02
-8.649255051345047605e+02
-8.046027374800080452e+02
-7.106454991889976327e+02
-6.660334012548019018e+02
-8.847285331783451738e+02
-7.610354527960586211e+02
-8.366787256527077261e+02
-7.420997590625106568e+02
-8.203786824483936471e+02
-8.618183775501208856e+02
-8.475781848683312774e+02
-7.209163184677961453e+02
-6.916266470538147360e+02
-7.687566121407467108e+02
-5.026838949035411019e+02
-7.806664973020210709e+02
-7.655793897252603983e+02
-1.095664762948073985e+03
-9.346774648394695078e+02
-9.787010977206660982e+02
-9.930634325915210638e+02
-7.523887039680155340e+02
-7.918163867756480840e+02
-1.114486615419056079e+03
-7.980034406691846698e+02
-9.187567862541945942e+02
-7.588124700049422700e+02
-9.497633509335258850e+02
-8.714624249130550879e+02
-9.121055217367305659e+02
-9.644095096193416339e+02
-8.158941325688135748e+02
-8.889982528702546460e+02
-9.165006576755865808e+02
-8.840020131708332656e+02
-8.033357811207550867e+02
-8.919822894696054618e+02
-9.006666723329271917e+02
-9.010054123203196923e+02
-9.570185995539652595e+02
-9.328831250793028858e+02
-7.786538977298015425e+02
-5.137200018528282044e+02
-7.744804484947381980e+02
-8.113467101512960653e+02
-8.689996406309528538e+02
-6.660528260171590773e+02
-9.421704834954371108e+02
-9.092056043677969228e+02
-8.922587209658438496e+02
-7.489075236922819840e+02
-7.555047985952401177e+02
-8.636710636819174169e+02
-8.432056403707704249e+02
-8.559157844118104776e+02
-9.251729699015554615e+02
-7.653346384544115608e+02
-7.793910307603985075e+02
-1.489249868177112376e+03
-7.477790586766772094e+02
-7.776001047727877449e+02
-7.686570230811265674e+02
-7.729747940923954275e+02
-6.769876101851416479e+02
-8.395776331680852991e+02
-6.412498068890331524e+02
-6.811857196259546754e+02
-8.771882204508593759e+02
-7.540200764779382325e+02
-1.558276209911806973e+03
-6.923331595853976523e+02
-8.168267576432738224e+02
-6.810911123858617202e+02
-8.146577363731379364e+02
-7.828384109730667433e+02
-8.797790044465732535e+02
-8.701363843575159081e+02
-7.768669040897726745e+02
-1.238438704227981134e+03
-7.652020234323604200e+02
-7.373996928146478922e+02
-7.593397552334549800e+02
-7.334658627315807280e+02
-7.977894941579460237e+02
-8.177135223399073993e+02
-8.325981180409875151e+02
-8.477651566201626565e+02
-1.605529247928884843e+03
-8.147130140614497122e+02
-7.662238910177977687e+02
-7.760616802089190287e+02
-8.187908235256572880e+02
-8.257193806482034688e+02
-8.638585033309060464e+02
-8.996054139978109561e+02
-8.072750382487382694e+02
-8.377742119121188580e+02
-7.827696763777402111e+02
-7.119988614798965045e+02
-9.379818947742121509e+02
-7.629980154006257180e+02
-6.947642661831721398e+02
-6.048247144512868090e+02
-6.664268025248493359e+02
-7.682470186456844203e+02
-7.251495961188584261e+02
-7.175503883333107069e+02
-8.916624999399560920e+02
-5.504099382308240820e+02
-6.226374466088202553e+02
-8.122458002158890622e+02
-1.684895317704793797e+03
-8.447767513089112299e+02
-7.616689674086294417e+02
-6.989991146481253281e+02
-8.293117028801699462e+02
-7.331494352934046219e+02
-6.939636708194542507e+02
-1.561576212331065790e+03
-7.570504324128710323e+02
-8.372120700547172873e+02
-1.172812064795639344e+03
-8.083791366807466829e+02
-8.124198824091553206e+02
-6.202274611405133555e+02
-7.354516919577329190e+02
-9.402230236556371210e+02
-1.659366799470230944e+03
-6.947533694866742735e+02
-6.658966826610683256e+02
-6.919639067423270262e+02
-5.499458619668623669e+02
-7.310463016681932231e+02
-1.486375251361377650e+03
-8.734816545399260121e+02
-1.337747846554836087e+03
-6.506311671915010493e+02
-1.480917287348356012e+03
-1.308885188790120537e+03
-9.264924704618207443e+02
-7.453252476602995102e+02
-4.471865076195842335e+02
-7.038405212265965929e+02
-1.293220893481415942e+03
-1.061737998678486520e+03
5.486040340821364225e+02
-6.811956816295906947e+02
-6.255659763743753956e+02
-5.915205178206747405e+02
-8.482863870556058146e+02
-6.876896493996645177e+02
-7.843268689260881956e+02
-7.090435045033689221e+02
-7.386190690877967882e+02
-7.701450091181477546e+02
-6.866160500676992342e+02
-1.534651143016134029e+03
-1.229627545534546698e+03
-1.490376129556861997e+03
-8.886701449250924725e+02
-1.547596419028449191e+02
-1.510389178666114958e+03
-1.004286376820081841e+03
-5.321765584021485438e+02
-7.485842406929181152e+02
-1.363980672255393074e+03
-6.715584260237510534e+02
-6.472191151939437077e+02
-9.667601465665366050e+02
-2.061283299892195828e+03
-7.678316393465588590e+02
-9.940978913211866939e+02
-9.488065098969617566e+02
-1.299420151507146102e+03
-1.307458596261050388e+03
-1.810515405437042091e+03
-1.069673422748066514e+03
-5.406960150817448039e+02
-1.081649034347198267e+03
-1.080192492881776616e+03
-6.806198983097330029e+02
-4.284880698492781335e+02
-4.776516135300465749e+02
-1.236652286374594041e+03
-9.821323286328920403e+02
-1.709874019620892113e+03
-1.007836317196666755e+03
-4.957044838661068979e+02
-1.029301783318508797e+03
-7.571985515155971598e+02
-8.915504058843764597e+02
-1.182358776120612220e+03
-6.492924048448118128e+02
-1.323095978133783774e+03
-8.401902334386145412e+02
-1.579434295714112977e+03
-6.712548490434261339e+02
-7.310082259367675306e+02
-9.356974708156365068e+02
-8.283011341046562848e+02
-7.981025667600220004e+02
-7.725446317928289091e+02
-1.074797088061006662e+03
-8.136423697336799705e+02
-7.013732524597223801e+02
-5.056499636203283785e+02
-6.733689611843598186e+02
-1.333641275955200399e+03
-3.324106775691271878e+02
-3.832142923089436408e+02
3.862009005222489577e+01
-1.697130333397742277e+02
-9.384329228487322325e+02
-3.262857523412628211e+02
-8.465581011078734264e+02
-7.587594163295175349e+02
-8.109187861060834166e+02
-1.743703566529738282e+03
-1.153069608518251471e+03
-1.021349263421541536e+03
2.701610414200990817e+01
5.948798547751403021e+01
-1.070196259444933276e+02
-6.166050948725331864e+02
-1.525117598023071196e+03
-3.815461947197066479e+02
-4.890492817363366385e+02
-6.396163240354539994e+02
-6.758925068486688588e+02
-5.550606681535649614e+02
-6.441760955173914454e+02
-1.158633589402249072e+03
-6.075987570310157935e+02
-1.044408713857629209e+03
-8.318671719419195369e+02
-5.263931433258185280e+02
-7.975752221908231832e+01
-7.523604296076907758e+02
-4.468125726056669578e+02
-3.809952601620582868e+02
-1.337735625888000186e+03
-2.938438494605168216e+02
-3.267388754574114955e+02
-1.222762403971125877e+03
-1.266323359129167102e+03
-4.091428008101032674e+02
-1.642015787027941087e+01
-1.006172101993425372e+03
-3.350627749707048224e+02
-6.659294311745633195e+02
-3.591669430882146798e+02
-6.246844040290171733e+02
-1.344962474439823836e+03
3.664791141996495298e+02
-1.544833901767504472e+02
2.654268590308785178e+02
-7.025637335891290149e+02
-6.247384617146932442e+02
-3.506852334315102553e+02
-9.650197291006556952e+02
-1.056501780690214673e+03
-3.866761734064373286e+02
-5.178264225232635454e+01
-8.210980956507745532e+01
1.734640168781175475e+02
-7.957337991204340142e+02
-1.179075726508557693e+02
-1.012042686884808404e+03
-1.201470985947098370e+03
-1.038822213308699929e+03
-6.382091046167095101e+02
-9.732811224561223753e+02
-9.794485007907992440e+02
-3.544304732680484449e+02
-1.046102884849207385e+03
-1.007735303680868810e+03
-4.807579875624811621e+02
-1.024537792051563883e+03
-3.653936267176641195e+02
-9.951981252398732067e+02
-1.178401057214064167e+03
-1.858632699896882968e+03
-1.913485495099022273e+02
-4.730702479650551595e+01
-8.455013503217076050e+02
-3.519926879782498759e+02
-1.138112282329409481e+03
-9.777723837941845204e+02
-9.282361169925513877e+02
-1.217474076459987373e+03
-3.542976316444902523e+02
5.713510107390300163e+01
-9.000488025585229934e+01
-3.167010099548987228e+02
-3.572448902558429040e+02
-1.242245734776522568e+03
2.599328607801854787e+02
-5.570119340425749215e+02
-1.233322086067858891e+03
-1.126121371376007119e+03
-1.244244751117337273e+03
-4.505469008547069052e+02
-9.056873872921628390e+02
6.213566533214668652e+01
8.230059556770277140e+01
-8.358153570485734463e+01
-3.498662116836034670e+02
-1.000888325154167546e+02
-7.666102096467216143e+01
-1.066874203819470495e+02
-2.046477126861371403e+02
3.391131834455526928e+02
-3.610104118263683972e+02
-2.578264804824160024e+02
-1.275751387376691923e+02
3.257384248952189409e+01
-9.313795607401103780e+02
1.872089897401341432e+02
4.365754633608945028e+02
-8.043689379654467757e+02
5.564398201449427006e+02
1.925810686960913927e+02
3.443577262038586468e+02
4.042533528801679950e+02
3.078555514380629461e+02
1.418336380871315328e+02
5.617083714174573288e+02
-7.532837499782544910e+00
3.749448027109962140e+02
-3.063667678095648057e+02
5.076597225533936921e+02
3.319664422639147006e+01
-6.467767724585871747e+01
1.009725592078631280e+02
1.584221765488325104e+02
1.613127671090725812e+02
4.608495809165359560e+02
-8.422444713862114440e+02
5.733525650301448877e+02
2.266314382463899051e+02
1.158264692290682660e+02
-7.096222186663607090e+01
8.833961129841827642e+01
-8.833844821977573929e+02
2.510606849666572771e+02
5.246585268772538484e+02
2.355772529287285124e+02
-1.160734984931472354e+03
5.226186507990619248e+02
1.955308356803359402e+02
-3.889839509950122647e+02
6.473406149532279414e+02
-5.456390927093508481e+02
1.468667929316554250e+02
-5.432292344077918642e+02
-8.677002552960171897e+02
3.099250691325593721e+02
6.812506543247013724e+02
-4.543680986936931845e+02
3.170786167664442701e+02
-4.776908726645126535e+01
7.052536472065291946e+02
6.271139157568284190e+02
2.825894233485411178e+02
-3.070147001129897149e+02
-7.988513549049793028e+01
4.599928250217558343e+02
3.613995096793528319e+02
-2.687250642312650939e+02
1.236431670185405665e+02
5.642570648460158509e+02
5.913089724499201338e+02
6.074036540814055343e+02
6.506665645968707850e+02
7.374939372386620562e+02
6.593572721003799870e+02
3.103015644545681084e+02
4.559982369652237821e+02
4.004036099782654219e+02
7.198264838323661934e+02
5.556192877804326145e+02
6.206166429547606640e+02
7.301745353992673699e+02
-1.027866352693087492e+03
6.709714609114286077e+02
6.395317105961214565e+02
5.455519651759798307e+02
-1.041606891076756938e+03
5.832772580209622220e+02
5.925700573035974230e+02
6.453590378158149861e+02
5.745310330132197123e+02
6.235709876341641120e+02
4.870477820743226971e+02
5.373301941435988738e+02
3.069911794523995923e+02
6.217424368233847645e+02
5.959123520756727430e+02
3.804080285822691394e+02
5.807309019705994615e+02
4.417747209382274605e+02
4.107047749540609516e+02
4.289403280976358133e+02
3.097720850420294596e+02
-1.035521510215261969e+03
1.894806894295862776e+02
4.144067811408609145e+02
4.675450676226977862e+02
5.899726994701827607e+02
3.995723252785469413e+02
3.804620038575842500e+02
3.703175951714342773e+02
3.303504242104340847e+02
5.507291202235658147e+02
3.548373017469616570e+02
3.542492841487504620e+02
1.939052544413720511e+02
2.017480657831716258e+02
-5.690675504346600064e+02
3.958910577040874728e+02
-1.328706976148097738e+03
4.896265181089694352e+01
-9.504559070950250543e+01
5.217748129584094841e+01
2.812505183196498137e+01
2.003170419552908470e+02
1.019225539952118993e+02
2.185864114034308727e+02
1.481520769614151618e+02
1.519677622652853870e+02
-2.028943614122040913e+02
-3.835489290970962202e+02
1.895498454212704473e+02
3.224131563859697849e+02
3.833676000140211499e+02
1.330499026002503342e+02
2.179663914465295989e+02
3.132563444627335798e+02
3.591920914633191160e+02
2.599307828771170534e+02
4.914596306277280178e+02
3.145198454836885276e+02
-6.539803188166176824e+02
5.378232398372506395e+02
3.585000432487400417e+02
4.823365323114232979e+02
-3.241140641627208652e+02
3.593959937177512529e+02
2.295919886498815572e+02
-1.062075824987167834e+03
-8.672804544190910292e+02
-1.053260072868677071e+03
-1.368249301024632359e+03
-1.020399681972925805e+03
-1.423103944150079542e+03
-1.276682589360791553e+03
-1.013774846797911323e+03
2.695816788788687290e+01
4.140372701577433645e+01
-7.256133675494924091e+02
-7.526540191501833306e+02
2.247626587193707337e+01
-1.707551457937802297e+03
8.352724796442367960e+01
3.215597399777317378e+02
1.550742477157126018e+02
-4.126654048466730274e+01
-4.805631378949180998e+01
-5.114969380467164228e+02
-5.568762125182282716e+02
-3.782267254117807056e+02
-3.942795061697637493e+01
1.099103523384663958e+02
9.392943630540031563e+01
8.489834006579718562e+01
5.982587057819728216e-01
1.864276932571192447e+01
2.852591985110041719e+02
1.892281690212553258e+02
1.370101366640045626e+02
-2.321090441366314280e+03
-8.012326645874600217e+01
-8.065884183106135197e+01
1.671045507471342262e+01
1.315102033114852134e+02
1.116003614756664888e+02
-2.186723232894821649e+03
1.867255973268311209e+01
-1.335123019267346649e+02
-3.539564794943623269e+02
2.911253314309192319e+00
-1.606516695402145274e+02
-4.200057468952695672e+01
-4.870367341173940076e+03
-8.481632990502185976e+01
1.028087708975493797e+02
-1.203263236181335287e+02
4.617481302406995383e+02
5.198125981104504945e+01
1.105132909787840845e+02
2.959880958314578834e+02
2.153379287762668923e+02
1.858257229300792801e+02
2.460934532833178423e+02
1.543667744202084009e+02
2.821759602951095758e+02
3.319029270097345830e+02
1.948077053404057324e+02
1.991839040299350927e+01
-4.040856014731866708e+03
3.398202667830668133e+02
2.033815773514584180e+02
1.288737556825847719e+02
2.817590233103335322e+02
3.675909689343857281e+02
2.584665361880317960e+02
6.556336880179487707e+02
3.312626574747904442e+02
6.356955890425468851e+02
3.576797482412533782e+02
1.117939782660977244e+01
2.837829290517458958e+02
-1.062821424755363751e+03
4.617403387761568183e+02
6.371287478933168131e+02
3.718468423483908509e+02
4.784477069096876676e+02
5.153434157408285046e+02
-1.159186267203970147e+03
4.997763322486738957e+02
5.426921347025112254e+02
4.258449868487975323e+02
6.224159863920958742e+02
6.593065599904601868e+02
6.539455721524966521e+02
5.945974914538663825e+02
6.063279100068730258e+02
6.350209219329434518e+02
6.685679460853716591e+02
5.784337559285856969e+02
6.841932095560865719e+02
4.660848446451482232e+02
6.053973995740708460e+02
-3.022733142765900993e+01
3.991561832431588641e+02
4.663306890580980166e+02
6.517010484168295079e+02
7.070515906530488337e+02
5.765851594690551565e+02
4.916255599220532417e+02
6.672930809465275388e+02
5.790469035237700837e+02
4.713537829831742556e+02
2.942061576138449936e+02
2.884592156825170832e+02
5.842734410412955413e+02
6.557870254161276762e+02
5.840783516744299959e+02
6.621477484756517242e+02
3.433165307758218887e+02
4.797877835465151861e+02
-1.723345574141037332e+03
3.011504990723069568e+02
5.657484929158595151e+02
6.682168273970619339e+02
5.811366539893003846e+02
6.005767551586050104e+02
6.817719163340648265e+02
7.368188740372061147e+02
5.581413281793561509e+02
6.845325117022630366e+02
6.418048025336003093e+02
5.460726499402229592e+02
5.424862820017725653e+02
5.832223892000017713e+02
5.518678179854475729e+02
4.103301810534771903e+02
5.746670324600002004e+02
5.347418483514311447e+02
6.567305945133350633e+02
5.679060332357119023e+02
5.496342305547736942e+02
5.973321433614005400e+02
3.428710447266795427e+02
6.445805964203050280e+02
6.886950797587309125e+02
6.192808374168174623e+02
7.852629299872634192e+02
7.477543310799376286e+02
6.223758432242094614e+02
5.821226112621409357e+02
6.619083571596415823e+02
7.108297328225803540e+02
7.366785594413840954e+02
6.734886047019297166e+02
6.644469217002466621e+02
7.867462622383559392e+02
3.391812969860413887e+02
5.653888304078006968e+02
4.778554399956963152e+02
6.613118650282940507e+02
5.833150975597095567e+02
5.768748764876237374e+02
1.157928210427015756e+02
7.674483032967452800e+02
-1.214155156552045582e+02
7.936857298781316103e+02
7.113174467624598947e+02
8.097846201586473853e+02
4.270898619073835789e+02
2.955415340812585328e+02
-2.317092857330202605e+03
7.015971937958662465e+02
6.760329036358332360e+02
6.708471478124073428e+02
5.553979331847208414e+02
6.950986745129407609e+02
6.443560703959856255e+02
6.574142134386245289e+02
5.659504975700439218e+02
7.054676434254585047e+02
6.145816864415489817e+02
7.094235901898418888e+02
6.926137278080167334e+02
6.126486116478007489e+02
6.457454508354545624e+02
6.003032693740171908e+02
5.253034430779956665e+02
3.707334243421250335e+02
6.125159436350377291e+02
5.710498142523495062e+02
5.754843026577790397e+02
6.187374892175131436e+02
5.087532586935504924e+02
