-2.643510884841209190e+03
-8.127637091374117517e+02
-7.139026559855749383e+02
-5.718912300381676914e+02
-7.296219066016091119e+02
-7.957335266940742713e+02
-7.090287136459724024e+02
-7.638944663260454035e+02
-9.387146822589509156e+02
-7.734803839710524471e+02
-9.450750502915192328e+02
-7.704688797114455383e+02
-6.473060469104457297e+02
-6.272677208430640121e+02
-6.490099361453015945e+02
-7.510753776408093927e+02
-8.783561689473270917e+02
-8.458049980845476057e+02
-7.118325856530207147e+02
-7.435731530422831383e+02
-7.744631489225607766e+02
-7.413413247412586315e+02
-8.157447649054172416e+02
-6.464881095201889138e+02
-5.709013272821932787e+02
-8.510743445781140508e+02
-4.783219264882699235e+02
-7.583787170535242694e+02
-9.127932663568276439e+02
-8.429819080246877547e+02
-7.325189792915964517e+02
-7.449800163906219268e+02
-6.991728897419616260e+02
-5.939775006785412188e+02
-7.998756414742576908e+02
-5.312088278063351936e+02
-7.970842620142444730e+02
-8.202887921631677273e+02
-8.544637725033039715e+02
-8.187587329997953702e+02
-8.106078030805158505e+02
-7.713931271608576026e+02
-8.156570505585120827e+02
-8.888899262968304811e+02
-8.157791430354591284e+02
-8.294708290966702862e+02
-9.362859448071467341e+02
-8.946010232892416525e+02
-9.000554593393336518e+02
-7.813672167698515523e+02
-7.536655972994453805e+02
-7.085605659946216974e+02
-7.609425177726285483e+02
-8.015119602990268959e+02
-7.714663027538756523e+02
-6.805119699957393777e+02
-7.200385745112569111e+02
-9.003859233333639622e+02
-8.727471432408806322e+02
-6.043295643425381058e+02
-5.241915073389398003e+02
-6.406533473860966978e+02
-5.516068077498441653e+02
-8.336834330349869333e+02
-7.583628761991737974e+02
-5.346389474836643103e+02
-8.929582917931970769e+02
-8.517322134176710051e+02
-7.965107658782438875e+02
-8.786928834924984812e+02
-7.866709128041750319e+02
-7.944993446446140979e+02
-8.480218927350123295e+02
-7.790829374493870318e+02
-6.529481613595733052e+02
-8.334215268983590477e+02
-8.350361008788535173e+02
-6.129983594458402649e+02
-7.954887606803788458e+02
-7.327139720733835020e+02
-8.526621149147784990e+02
-6.881044401345127426e+02
-8.185635572333185337e+02
-6.614328496036648630e+02
-9.102902319936110871e+02
-6.604650658380890036e+02
-7.631291560221932286e+02
-8.169628380924995099e+02
-7.922309032128843000e+02
-7.310748499525371926e+02
-7.698607909807893748e+02
-6.517901960012791278e+02
-7.587992015119207281e+02
-8.328715487004483293e+02
-7.780444219603317606e+02
-7.921598690269140661e+02
-8.878428873989587373e+02
-8.053312308262609349e+02
-5.654362372839577802e+02
-8.301973560375205352e+02
-8.312948995806650601e+02
-9.221273833277617769e+02
-8.408764407115428412e+02
-7.379780679870287941e+02
-7.424835510160020249e+02
-8.092629614433238885e+02
-7.809464832407925314e+02
-6.365328667372003792e+02
-8.149920976259970757e+02
-7.215765376919935079e+02
-7.554732948974044575e+02
-6.074204649166969148e+02
-7.928992047709076587e+02
-8.879812463126272633e+02
-8.521189377088250012e+02
-6.619679688720868853e+02
-7.798253837892953015e+02
-5.558456578065128042e+02
-6.851610127125693452e+02
-6.286146819558310881e+02
-6.735404346362201977e+02
-7.571534164551561616e+02
-7.045150739854957465e+02
-5.840575227011757988e+02
-5.051857462000264150e+02
-6.527442144844404766e+02
-9.286386895131694246e+02
-7.381850713570360085e+02
-7.009304594350137450e+02
-5.624294974704239394e+02
-8.728142195913519572e+02
-8.280123687853388219e+02
-7.901483574592285777e+02
-9.375542232387647346e+02
-7.914361028169184920e+02
-5.141536570170378582e+02
-7.455786682589858856e+02
-8.047440286367431099e+02
-7.090764291962394736e+02
-8.922254814418423621e+02
-6.612396184700078265e+02
-7.888018427615121482e+02
-7.342393245381563247e+02
-6.948100525614755725e+02
-6.928398204253326185e+02
-5.533121017737803413e+02
-6.755755137592382198e+02
-8.334017909602287091e+02
-8.234322430881350101e+02
-7.144636724484304295e+02
-8.250536144759608987e+02
-9.068680786886204714e+02
-6.012494167469008062e+02
-7.504968126685087100e+02
-4.156740926638869951e+02
-6.929671029889316287e+02
-5.261849044314868706e+02
-9.014823407174758358e+02
-8.004489453689881202e+02
-7.833176861610199921e+02
-8.405027610278037855e+02
-8.055221810670932427e+02
-8.279907753396537373e+02
-8.583590481746750811e+02
-6.107350827257650963e+02
-8.744460130291427049e+02
-7.870765868697253609e+02
-5.776465032447243857e+02
-7.227092091729832646e+02
-8.251169631929343495e+02
-8.121004337954603898e+02
-7.046576363547288793e+02
-9.228159177662203092e+02
-7.340647443878439162e+02
-6.861218152086094051e+02
-8.554198120051105434e+02
-7.293908153633108213e+02
-6.959768998165307039e+02
-6.710545006678795517e+02
-6.123866714213295381e+02
-6.024937331713622370e+02
-6.308475117679384994e+02
-7.116892151765782728e+02
-7.676853745619364418e+02
-8.369586898765054457e+02
-7.482433880606856746e+02
-7.448251657994661628e+02
-6.623005202511487823e+02
-5.051322512020421982e+02
-8.827142674061573189e+02
-7.333879736752099916e+02
-8.651379921444712409e+02
-6.702970718604989315e+02
-7.829596434960247961e+02
-8.909455136239535022e+02
-7.805813884559169082e+02
-8.869349908960140283e+02
-7.015522943092029209e+02
-8.615509708623922052e+02
-5.701183602279926390e+02
-6.951499831315132951e+02
-8.474553908606512778e+02
-7.921077529255051104e+02
-7.090266204352985824e+02
-7.977464702204853211e+02
-6.313370401172278434e+02
-8.491844694601588799e+02
-7.323693842362655460e+02
-6.391600829049718868e+02
-6.370937990123334203e+02
-6.973442985154429152e+02
-5.293597171033291033e+02
-8.459835416554441281e+02
-7.188431856026976448e+02
-8.266188765644417344e+02
-7.046884488027029647e+02
-6.995286839942560846e+02
-5.268534364325294064e+02
-7.002085549370868875e+02
-6.666261221951926927e+02
-7.517718996031229608e+02
-6.992380116528064491e+02
-7.346835266694785105e+02
-5.688108571424263573e+02
-7.263916080034530296e+02
-7.325894813399918348e+02
-7.436233836711529648e+02
-7.848197977959043783e+02
-7.172743978188706251e+02
-8.818794373376867952e+02
-7.110411415609756887e+02
-8.906848820882185009e+02
-7.371608682320356820e+02
-8.667879123650130850e+02
-6.913192838285083326e+02
-6.166401104939267270e+02
-7.049377690834854775e+02
-8.920477216759068142e+02
-8.196751329059620730e+02
-9.043278983687300752e+02
-6.887013168041067956e+02
-7.471324863949039354e+02
-6.882682046072357025e+02
-7.349179030439801181e+02
-6.206278076095613869e+02
-7.992298547715192854e+02
-8.177323530332002974e+02
-7.201596796296493039e+02
-7.954163484148573389e+02
-8.288062162525790200e+02
-8.328364723154694502e+02
-9.121959625482136289e+02
-8.844827259717354764e+02
-8.054237310364101177e+02
-8.004278329765161288e+02
-7.779285086480858808e+02
-6.833413544656308432e+02
-7.738996216010937133e+02
-9.187310047433733189e+02
-8.307570242116649979e+02
-5.604012204820253373e+02
-8.159400487262460047e+02
-8.547578181201558891e+02
-6.809105740087932190e+02
-7.207116669096672013e+02
-6.459144283087493932e+02
-8.407696984090293881e+02
-7.848667737881402218e+02
-6.844044231649037329e+02
-7.012027330368481444e+02
-7.171140746162590176e+02
-6.990872616028436823e+02
-7.580789435792805762e+02
-7.380892924003039752e+02
-7.134676821073092015e+02
-8.601732146812173596e+02
-7.797191266934652276e+02
-6.053783395594695094e+02
-8.631282035566941886e+02
-7.959342602962290130e+02
-6.871992640309763374e+02
-7.270348254961709245e+02
-8.137683522492188786e+02
-6.640843491304869985e+02
-6.323216544352626443e+02
-9.310968439597376118e+02
-4.841074229409938994e+02
-6.567695157764671876e+02
-8.277255788034892703e+02
-6.383778939562503183e+02
-7.523260946409944836e+02
-8.751178737658455020e+02
-7.486842116046293540e+02
-7.318783157930462266e+02
-7.451126177925215188e+02
-7.892349063199865213e+02
-8.035445945773665244e+02
-6.774943341232567491e+02
-7.309368058863818760e+02
-4.654427042144051825e+02
-5.774799506034637488e+02
-6.659097737656147729e+02
-7.330047498754868229e+02
-8.059287043457259188e+02
-8.607713150921520082e+02
-7.951949419248957156e+02
-7.446257429370297132e+02
-8.441684004025429431e+02
-9.170121832236277442e+02
-7.903616049157429870e+02
-7.020355546807734299e+02
-4.774897558447633514e+02
-7.096066355422973402e+02
-8.558196858805831653e+02
-6.235531906123776480e+02
-8.452437569536958790e+02
-8.936073086814355975e+02
-8.012449184576702237e+02
-8.516810723717192104e+02
-6.954090138189559411e+02
-4.296538404619275298e+02
-5.995133851560979110e+02
-6.477513183931919230e+02
-5.981427072298290568e+02
-7.420751214583438014e+02
-5.941266630913576137e+02
-5.801878648192022183e+02
-9.335974008866367058e+02
-5.885618297715292329e+02
-7.635758067001535210e+02
-8.348575620775627613e+02
-7.870110661423829015e+02
-7.295536926206702901e+02
-8.075404874300215852e+02
-9.273680655343337094e+02
-6.888889859745125932e+02
-8.467771397632452590e+02
-8.507655659361283824e+02
-7.792691896714463837e+02
-7.244475996337971537e+02
-7.761735832316235246e+02
-6.099689432963460831e+02
-8.383436146642920903e+02
-6.568304860171508608e+02
-6.703912817315281245e+02
-7.915467838301730126e+02
-8.858942365937496106e+02
-7.774269851295753142e+02
-7.670630070173550621e+02
-6.092949007138313391e+02
-6.422722442815476143e+02
-7.812874994065132341e+02
-8.189570255856723406e+02
-8.519507444615991290e+02
-7.531469439559504053e+02
-8.492544765700143898e+02
-8.062912088705119231e+02
-6.392744093197221673e+02
-7.191587048532470590e+02
-7.911428077831109249e+02
-7.283556262028793071e+02
-8.755388015737133856e+02
-7.787338079230738686e+02
-8.845952953173433571e+02
-8.651999135168243811e+02
-8.037125914842449674e+02
-8.040211883650765685e+02
-5.727460868758466859e+02
-4.666383403784490724e+02
-8.180137866621938656e+02
-9.214835531911026010e+02
-8.453440710962045159e+02
-6.431823030544479707e+02
-5.584598446261678646e+02
-7.442222939147488887e+02
-6.298924450519568836e+02
-7.304874006349214142e+02
-6.273749822661495728e+02
-8.588617152136728237e+02
-6.612879763261400967e+02
-7.223773271763343473e+02
-8.104503221905781629e+02
-7.278839447194889090e+02
-6.965478999158425495e+02
-6.142375130893103687e+02
-8.774663177325085144e+02
-8.956017077555324022e+02
-6.874256889270562851e+02
-8.834890216869108599e+02
-5.933950604208289406e+02
-6.066041338701339782e+02
-7.791912467772446007e+02
-7.795143643846319037e+02
-8.435334813978522561e+02
-5.896399343974628664e+02
-6.387831415330282425e+02
-6.797994649896605779e+02
-7.949713716847535352e+02
-9.227029366608329610e+02
-8.079452934713701779e+02
-8.620242061615381317e+02
-6.981249035946925687e+02
-5.208798729497932527e+02
-6.736243449944603299e+02
-6.234624736293417300e+02
-8.217906186706464950e+02
-6.655155876770564873e+02
-8.438444462838489244e+02
-7.314565707938641026e+02
-8.019545812095495876e+02
-5.967121739804747449e+02
-8.967123133166390971e+02
-5.420856718973383295e+02
-4.026463519293915851e+02
-7.455397146655221832e+02
-5.299488006729940253e+02
-8.259357119705734931e+02
-8.445346759287692748e+02
-6.451297816062967740e+02
-6.165752692314315482e+02
-6.072320028556657689e+02
-7.774219535799031746e+02
-7.752756182507386029e+02
-8.286102408982729912e+02
-7.939193810017097803e+02
-9.380043690353094235e+02
-8.191850676101541922e+02
-7.264411834256146676e+02
-7.776553893510824764e+02
-7.203807248586216474e+02
-8.241196945140094385e+02
-9.355687174360102745e+02
-6.521184651108646904e+02
-6.484589012409139741e+02
-7.925887593573869481e+02
-5.965771692674330779e+02
-7.346969938561783238e+02
-7.848811109349887829e+02
-7.602293327638602705e+02
-8.023405752661309407e+02
-8.260676830856166362e+02
-6.336225726346615374e+02
-6.050741630090254830e+02
-6.311384385497840412e+02
-6.584214702479409880e+02
-8.644604693574538032e+02
-7.031034298626251484e+02
-6.811874706169899127e+02
-8.412048016859478139e+02
-8.975249957681522801e+02
-7.422322627826916914e+02
-7.709349578047100522e+02
-7.317721629616411292e+02
-8.100044694365087707e+02
-8.688773057659122969e+02
-7.897062159727462358e+02
-7.616477721757839845e+02
-7.598315657023956646e+02
-9.187972519750546780e+02
-8.267737912004062082e+02
-9.336088907204716634e+02
-7.664401786011737840e+02
-7.453727121825905897e+02
-7.792167764656419422e+02
-8.110695674461867384e+02
-7.935419452180939288e+02
-6.107776741701155743e+02
-8.093763066950726852e+02
-6.002493271828276420e+02
-8.114932700947612148e+02
-7.085123018825327108e+02
-8.053443796323538209e+02
-7.532652728427685815e+02
-8.087387331089128111e+02
-8.909642883096558990e+02
-8.022630852916640833e+02
-7.838799188030999403e+02
-8.029475076125578425e+02
-6.728315966879749794e+02
-7.433072175073241397e+02
-7.799011647088178734e+02
-6.676315106544313949e+02
-8.189715861749896249e+02
-6.300236843080584777e+02
-7.368242784805402152e+02
-7.205029729839998254e+02
-7.129720268601766975e+02
-5.980810363380155650e+02
-8.507450992498251026e+02
-9.228054774152938080e+02
-6.976654859964162370e+02
-6.236823372108428885e+02
-6.285514289639676235e+02
-5.922180307270388084e+02
-9.275259532146185393e+02
-7.913241096153882381e+02
-8.198473177393982496e+02
-7.157248427244302320e+02
-8.533805888819649681e+02
-7.122091738046181035e+02
-7.520000981090731784e+02
-8.321944755174912416e+02
-6.216516745349423445e+02
-6.547168001933142705e+02
-5.575512631831591079e+02
-8.138303466362849576e+02
-8.115973993556445976e+02
-6.961824187670880519e+02
-5.847628448899448586e+02
-8.182693858852508129e+02
-7.134609176979178073e+02
-7.421622870699342229e+02
-8.547858500028257822e+02
-6.786562955060152262e+02
-6.998151036898327675e+02
-7.407697442181024599e+02
-8.708594118902583432e+02
-6.717845628792927073e+02
-7.869567024997235194e+02
-5.565529558405908119e+02
-7.631964670008575240e+02
-6.415891673069246508e+02
-8.620691400391989418e+02
-8.772994902963829418e+02
-6.717942300346618367e+02
-6.547303424322807359e+02
-8.196592848914098113e+02
-7.583966504885642053e+02
-7.944735696466023001e+02
-7.495902662937022569e+02
-8.134943839041028468e+02
-9.349991641981860084e+02
-9.157344997186171440e+02
-8.995345506627977556e+02
-7.169148675251117311e+02
-8.287634598079705484e+02
-6.343052577674733357e+02
-8.862628319479640595e+02
-7.170629137242934803e+02
-6.387705790040201919e+02
-7.705406223127341718e+02
-5.595226661750000403e+02
-7.903342190199805373e+02
-7.192799706470898400e+02
-6.128930424388696565e+02
-7.904552181132536361e+02
-7.500535773151128751e+02
-7.036124918379621249e+02
-7.662706847805071675e+02
-9.243057427612517358e+02
-8.903762816897856283e+02
-7.307309107244997222e+02
-8.742589447585555718e+02
-8.215376639345113290e+02
-7.826002023829705649e+02
-7.461537229283779880e+02
-6.499842383838533806e+02
-6.692788424643799772e+02
-7.042275559482195604e+02
-7.979205565048755489e+02
-7.644922855616244988e+02
-7.688019396240878223e+02
-7.174242905387303608e+02
-6.604592865791190661e+02
-8.243470753979916026e+02
-9.181263026958740738e+02
-8.970505195264489657e+02
-8.534026674570503701e+02
-9.184796222498306406e+02
-7.171638447633358737e+02
-5.186299342339209488e+02
-6.341347999419552934e+02
-7.903235381634767691e+02
-6.801381978559071513e+02
-7.298955881109602615e+02
-6.053651390516275796e+02
-8.847119308082578755e+02
-7.907309329102228048e+02
-6.995020675581379237e+02
-8.962448257660597619e+02
-7.949088715583974363e+02
-7.942510773025377375e+02
-7.446672174772626249e+02
-5.513401170735622827e+02
-7.480995562944237918e+02
-8.310254278855072698e+02
-5.693009601729471569e+02
-7.761072360888765616e+02
-7.166153305734492278e+02
-7.975394374792467715e+02
-9.207747007461608746e+02
-7.091528995033593219e+02
-8.149904769096140171e+02
-7.140069116499007578e+02
-8.978806737511221172e+02
-7.775337286618168946e+02
-8.629207819387897871e+02
-8.248677341941843224e+02
-7.942103687809101302e+02
-6.903426201411127749e+02
-7.875354385307754228e+02
-6.380068614236927260e+02
-8.117267554652237322e+02
-7.477093284245247560e+02
-8.257559560820533306e+02
-7.730680198495190325e+02
-9.160861979464272054e+02
-8.704456808702109356e+02
-7.509218718356427189e+02
-8.211507672621854681e+02
-7.355384652266218382e+02
-7.106130543343098225e+02
-5.391114700347006874e+02
-7.751029023397832134e+02
-8.980633102086621875e+02
-6.302907302500241258e+02
-7.870827309552649922e+02
-5.682486055044149680e+02
-6.141555581902857739e+02
-7.300340885795699251e+02
-7.493951996972873530e+02
-7.513772302409443000e+02
-5.497490218245540063e+02
-5.771017895600738257e+02
-8.653557401848278232e+02
-5.837339986297220094e+02
-6.323912166252707721e+02
-5.800116433301623147e+02
-7.294617155859898503e+02
-7.809414748707630451e+02
-6.363105291812104269e+02
-7.986837145714127928e+02
-8.671126442382100095e+02
-9.094394769612790697e+02
-8.649634123295301151e+02
-7.961532961604777938e+02
-8.096551951504202407e+02
-8.533697459130219158e+02
-7.909119538899013833e+02
-5.901184271510039707e+02
-7.884540852185889435e+02
-8.276301719846439937e+02
-9.056977486632076761e+02
-7.281388263083581478e+02
-7.733706199028457604e+02
-7.961977220926956988e+02
-6.173174138264153044e+02
-8.065689845682766190e+02
-5.755509577640383441e+02
-8.455821697172522136e+02
-5.896033136388654157e+02
-4.607860421375798410e+02
-4.736565893764154112e+02
-7.324834450810080853e+02
-7.441801331942900788e+02
-7.516461355024135855e+02
-6.592377563120958257e+02
-7.046400812463540433e+02
-8.818202950506569096e+02
-7.968491114041507899e+02
-7.520469819997109653e+02
-6.726558693325528111e+02
-7.790625896862200079e+02
-7.554927668858213110e+02
-5.767634424038456018e+02
-8.688660357030904606e+02
-9.084671878382525847e+02
-8.015449398877251497e+02
-7.893721550120346819e+02
-6.477390354646144033e+02
-7.344844187062921037e+02
-7.895040428881105754e+02
-6.104800585251309712e+02
-8.907266329896024217e+02
-9.230393022357183099e+02
-7.879154706858688542e+02
-6.644336654282230938e+02
-7.402141785032681582e+02
-8.345894623566388191e+02
-8.599795911713889609e+02
-5.938559359310223726e+02
-6.410317854104067692e+02
-8.038274776168191238e+02
-6.127999408605799090e+02
-8.869559308406797982e+02
-8.194484315673890933e+02
-7.227788938909131957e+02
-5.006721329921494998e+02
-7.149898068293902043e+02
-6.464392859946216277e+02
-9.019980853019616234e+02
-6.991065193917529541e+02
-8.930627600761470148e+02
-5.051438431139895329e+02
-9.163882998448669923e+02
-8.536669309686801626e+02
-7.993985154374136073e+02
-6.425238896839381368e+02
-8.379114576340961094e+02
-7.440670769378601790e+02
-7.278610583573596386e+02
-8.057404662259115184e+02
-7.363907551729673742e+02
-7.089806326795605855e+02
-7.398781295967647793e+02
-5.969856458835511148e+02
-7.654441659335053600e+02
-8.063186487818875321e+02
-9.153482301694882608e+02
-9.307850447153283540e+02
-7.854817965773804644e+02
-9.255658925730284636e+02
-6.524796777792340663e+02
-7.171955312013469666e+02
-5.463936409802340677e+02
-8.360770099420366250e+02
-8.472897759418195847e+02
-7.434765984845844287e+02
-9.133426766219436104e+02
-8.700177917654410749e+02
-5.932421045782299416e+02
-7.082833756950361703e+02
-8.509804807253790386e+02
-5.251149930268611570e+02
-6.514535320094371400e+02
-6.301566238070361123e+02
-8.675954547718860113e+02
-6.283506860527384106e+02
-7.014060303874650799e+02
-7.238831469514751689e+02
-7.904153121486385771e+02
-7.733974642808959743e+02
-9.313745930977490843e+02
-7.605958147743880318e+02
-8.567088199304901082e+02
-7.447781829069689365e+02
-8.413714515362521524e+02
-9.080852647537778921e+02
-5.854497751135536419e+02
-6.266462494252263014e+02
-6.839310797743158901e+02
-7.522915017356438057e+02
-7.280492319786897042e+02
-7.001891145749679026e+02
-8.326992875307785198e+02
-7.405866623125824617e+02
-8.279347996467708981e+02
-8.202677637453609805e+02
-6.128920862618087995e+02
-7.515893241349249365e+02
-6.467972787826348622e+02
-6.339283876411624306e+02
-8.742077270660123531e+02
-6.515864946329621716e+02
-6.604078346918850002e+02
-6.661027644754444736e+02
-8.323381302900443188e+02
-6.226266720478781735e+02
-8.692092822986215879e+02
-6.865917346707304887e+02
-8.047862451652224536e+02
-7.925647108110314321e+02
-8.225157280905694961e+02
-5.433627825106843829e+02
-8.560717627449865859e+02
-7.425992372891250852e+02
-6.764842732108027121e+02
-6.246807085783080993e+02
-9.114195691074279466e+02
-7.696993607869168272e+02
-6.198097125820642077e+02
-8.737992141529177843e+02
-7.977267504074353610e+02
-7.953006581500806078e+02
-6.973213802385051849e+02
-7.674241030987662953e+02
-7.494452119103393670e+02
-4.927651266420989487e+02
-5.964761573577317222e+02
-7.970088266247619231e+02
-5.018819533163793949e+02
-6.047758970816942110e+02
-8.856425669244359824e+02
-7.112758765031802568e+02
-6.612769462830261773e+02
-7.281973375822387879e+02
-8.647689783950486344e+02
-8.187762176077372942e+02
-7.342806600703077038e+02
-7.877559791921622718e+02
-5.948441450941202220e+02
-8.510395714649059755e+02
-8.165317525820995570e+02
-6.620380010284266064e+02
-6.929729155473937681e+02
-7.400355608057990366e+02
-6.386701602218525977e+02
-8.285060558398797639e+02
-7.811654494903647219e+02
-7.229259254671595727e+02
-6.981452848767935393e+02
-8.667459719514589551e+02
-9.373827716981638787e+02
-7.231800586013081329e+02
-7.281404127368583659e+02
-6.556196373985848140e+02
-8.307256398444911838e+02
-6.454122226436668370e+02
-6.096392092823421081e+02
-7.114870733966065472e+02
-7.899755596209462283e+02
-8.945301867788139134e+02
-8.662162685541529754e+02
-7.617572455473027730e+02
-7.164263248696383926e+02
-6.564806429017990013e+02
-7.385723925643915209e+02
-7.041470132026734063e+02
-7.232622459426710293e+02
-7.011727108539789697e+02
-8.308655928982486785e+02
-8.434030256664605076e+02
-8.531091206866999528e+02
-8.375299277478570730e+02
-6.611074725209657572e+02
-7.929523092279745242e+02
-7.587095471905299746e+02
-7.455561880844120424e+02
-7.914417885436955657e+02
-8.405077440822932431e+02
-8.239956794333500056e+02
-5.497283121312555068e+02
-8.140172346616980121e+02
-7.125879139138860410e+02
-5.570489274848646346e+02
-6.829391303584567368e+02
-5.732121110804691853e+02
-7.876463816066150230e+02
-6.504811205110245282e+02
-7.329292445683136066e+02
-7.592737001112524240e+02
-7.656191315679342324e+02
-7.824412184001898822e+02
-8.234237514994633784e+02
-7.828979754106945848e+02
-4.686932602190959756e+02
-7.534504746520120761e+02
-6.824028565117270091e+02
-9.215007229706459384e+02
-6.253376609238021047e+02
-7.757667977761187785e+02
-7.139332008394817422e+02
-6.909992711556170661e+02
-7.126131028181955571e+02
-6.909513646414806090e+02
-7.940571251166653610e+02
-7.835075379342923725e+02
-8.846666556878883512e+02
-7.199935775380611176e+02
-8.081867749333149504e+02
-7.501978487731887526e+02
-8.371992497873859520e+02
-6.111617487803248423e+02
-7.967489925369392267e+02
-6.555914908281404223e+02
-5.783289713659532936e+02
-8.704142753636926955e+02
-5.516589057312738760e+02
-7.905915182027065384e+02
-7.992632443803181559e+02
-6.031772320732139860e+02
-7.705225803027940401e+02
-5.180705311955446177e+02
-9.103680077721811585e+02
-7.180368428802632934e+02
-8.832447050255959766e+02
-4.348792930373235777e+02
-6.843662695751709180e+02
-7.239200838664745561e+02
-6.963832194834769780e+02
-8.163210885882291450e+02
-8.416520662845671268e+02
-7.639127026134063954e+02
-7.942871532629046669e+02
-8.958819653624434522e+02
-8.121625583166844535e+02
-6.439258391276368911e+02
-9.221431256427428025e+02
-9.209966095130953363e+02
-7.369447003396068112e+02
-9.330286244610978201e+02
-8.123305759568019084e+02
-7.973081860387254665e+02
-9.265715687175681978e+02
-7.857685929822783919e+02
-6.301945569733206867e+02
-5.450403037139801654e+02
-9.201188186792944634e+02
-8.040605407191558243e+02
-7.277158272537118364e+02
-8.016472731621730645e+02
-5.944544175673736390e+02
-7.320208360461949724e+02
-8.640872812547221429e+02
-5.956421938971518557e+02
-6.741191020859076843e+02
-5.599189543034608505e+02
-7.023314249714128437e+02
-6.773523342025014244e+02
-8.117703015829330297e+02
-7.526845058727462856e+02
-6.617275857440796472e+02
-7.429406769763356806e+02
-5.474639324159202260e+02
-7.446229131891393536e+02
-5.439641377312485702e+02
-6.346271869765914744e+02
-8.534268738507709031e+02
-7.816100602397286821e+02
-6.827724389963743761e+02
-7.035637735908145487e+02
-7.885376000730094574e+02
-7.758948024365506626e+02
-6.136622351386306491e+02
-7.531636603242793626e+02
-6.709212673091280976e+02
-7.549859169215026213e+02
-7.508487870563158140e+02
-7.789195515473011255e+02
-6.228582776198038573e+02
-8.044114319703326146e+02
-4.512701454913897123e+02
-9.205072393420598473e+02
-7.282992151531838090e+02
-6.611391285700420894e+02
-7.993254881812229087e+02
-6.332973052055443759e+02
-6.409231519381360158e+02
-7.164343187153593817e+02
-5.476201122799900531e+02
-5.631397603321346423e+02
-8.137525595597013535e+02
-8.483645118300116792e+02
-7.046750766348905017e+02
-7.662283971968940932e+02
-8.960386442348195715e+02
-8.150129469559910831e+02
-6.713412943790419831e+02
-6.211572468349194196e+02
-6.748040050470488040e+02
-8.519446746405820932e+02
-8.947114165741784291e+02
-7.968764654279246997e+02
-9.342079837315419582e+02
-9.075012172666490642e+02
-7.856565670294918391e+02
-8.222758482086493359e+02
-6.434324111325461217e+02
-7.988235835071981228e+02
-9.033735636047022126e+02
-6.483461176753957034e+02
-8.917750149126336510e+02
-6.627333856336763347e+02
-5.004853179301761656e+02
-7.195787824286808245e+02
-7.739790314680830079e+02
-9.234240238793802291e+02
-6.723062032280525955e+02
-7.259368653355137440e+02
-8.597716865831171162e+02
-7.059151839633087775e+02
-7.370207383591789494e+02
-6.743228703917897064e+02
-8.316236508183922069e+02
-4.392491602297325812e+02
-9.213821023129754622e+02
-8.565098831705563498e+02
-8.678055620805675971e+02
-6.299484623620496677e+02
-7.600229432726014238e+02
-6.328269033446954381e+02
-5.964838984730617995e+02
-6.995248165576970223e+02
-6.764969178028885608e+02
-6.955216233613241457e+02
-8.959333223202731915e+02
-8.567171401978077938e+02
-6.601722390930294750e+02
-6.387033991511426620e+02
-8.619324784814128861e+02
-6.208412682390691089e+02
-6.212055875798060924e+02
-8.019094178570577469e+02
-7.968115723930575314e+02
-5.483420231306304231e+02
-7.278009446803057472e+02
-8.451896168850369122e+02
-5.799323218428805831e+02
-8.770003918825384517e+02
-8.053887472516547632e+02
