-2.317926996074724684e+03
-8.145917802115166069e+02
-7.636608662879608573e+02
-6.237741862086197671e+02
-6.481604135893411467e+02
-6.591918455873483254e+02
-7.360496834286590229e+02
-6.490840160851394103e+02
-5.147869552558256601e+02
-6.788022037594732865e+02
-5.743190778427410805e+02
-7.186532907991432921e+02
-6.560322039705457655e+02
-6.200542759076430457e+02
-5.958696199031012384e+02
-5.654000774255988517e+02
-6.169083525873789995e+02
-6.080630781189164509e+02
-6.562052608958368864e+02
-7.133522806252796045e+02
-6.955341502862202105e+02
-7.003259835642514872e+02
-5.879827417034084647e+02
-6.972797928817208231e+02
-5.979960256641251135e+02
-7.025980996169786295e+02
-4.901066346214799978e+02
-6.215978639615642578e+02
-5.386774547057966629e+02
-5.523612884908382057e+02
-5.807287998332251391e+02
-6.848639646876328015e+02
-7.554850550232588375e+02
-7.070697753735261131e+02
-6.657019019017054688e+02
-6.579188852973354642e+02
-7.353941944907263633e+02
-5.174288396325188160e+02
-7.090536898077918977e+02
-5.929434446399997114e+02
-6.918314533681543708e+02
-5.686002797990998943e+02
-5.935585335857285827e+02
-6.707719330850184178e+02
-6.283511190026612212e+02
-6.891943761684992751e+02
-6.820537871762679742e+02
-7.059348111435608644e+02
-6.505908611825617527e+02
-5.736348753780060861e+02
-6.386241749859027550e+02
-6.225853394779918517e+02
-6.605230868024495976e+02
-7.010843788115191728e+02
-7.734957143288776251e+02
-6.814062918765051791e+02
-7.258748820835430706e+02
-5.765659910296811859e+02
-6.956196285886491069e+02
-7.117250089427810735e+02
-6.858849488259595546e+02
-6.415033892401245339e+02
-6.840292858205891662e+02
-5.576715413155189935e+02
-5.291007803308119719e+02
-6.906860336820504926e+02
-6.864619129120769685e+02
-6.469004162132580404e+02
-7.481376594207682729e+02
-6.294382726209465773e+02
-6.053678383034722401e+02
-6.695212899722555449e+02
-6.575610987707854065e+02
-7.135538771945188046e+02
-6.237031881652427501e+02
-6.664400053756839952e+02
-5.579616231841301897e+02
-6.478668064509696478e+02
-6.101643199867927478e+02
-7.239627340236751252e+02
-6.146279729066908430e+02
-6.551286333781644089e+02
-7.480690209858569233e+02
-7.036378939846797493e+02
-6.834255370882200395e+02
-6.097427477485541658e+02
-6.177189267983799255e+02
-6.784323220591652444e+02
-7.664419383863234998e+02
-8.928797333414530613e+02
-8.272746785129364753e+02
-7.585731255572811733e+02
-6.679200593602482741e+02
-7.157058503644419716e+02
-5.626023899138049273e+02
-7.366768255752956520e+02
-6.228555147061996422e+02
-8.621500565674032259e+02
-5.658080532679055068e+02
-6.178607323709345565e+02
-6.602263809820868801e+02
-7.042907625492800889e+02
-6.959367855913823178e+02
-8.381476327094118233e+02
-6.391167850238916799e+02
-6.417928933203919541e+02
-6.690055220114081749e+02
-6.800631824923802924e+02
-7.806132788056177105e+02
-6.254867746352510949e+02
-7.353814756469125768e+02
-7.348323031638497014e+02
-6.701604716663659929e+02
-6.492152409305410856e+02
-6.855434981354591173e+02
-8.697670629054489382e+02
-9.773208010800431111e+02
-7.558891588663572065e+02
-6.104923437177362757e+02
-5.539334607638255648e+02
-5.156392735809345140e+02
-7.468366879061585450e+02
-8.686494952876585103e+02
-7.088688262832587270e+02
-8.276554894010597536e+02
-7.428863294486384348e+02
-5.664484642838184527e+02
-7.001021259890942474e+02
-5.889321073408945040e+02
-7.418926215766630321e+02
-6.131878845618057312e+02
-7.315726352314699170e+02
-8.209085172508271171e+02
-6.250242298769801437e+02
-6.104060359303173300e+02
-5.479006537698664943e+02
-7.463966353716778031e+02
-7.180711620260387917e+02
-5.970064076952957066e+02
-6.470871137606733328e+02
-7.313197958688782592e+02
-7.400388857576343753e+02
-7.693551236584105482e+02
-7.346646175123862577e+02
-7.618608303368426959e+02
-6.564743800511655536e+02
-6.907960066147609268e+02
-8.047968357188545951e+02
-7.827118942782228714e+02
-7.523725618905723422e+02
-7.296740354260175536e+02
-7.503021027247231132e+02
-6.957601598825444853e+02
-6.577564345006065878e+02
-7.564057102978842977e+02
-6.799078366445435222e+02
-5.831867135820298245e+02
-5.700011499664259418e+02
-6.873465046602931352e+02
-4.899767830250725638e+02
-7.391256082248344228e+02
-7.095474227461197643e+02
-6.967793770249938916e+02
-5.254036653769533132e+02
-9.358016720229051089e+02
-6.509770724464402747e+02
-6.306856474635378618e+02
-6.606250615379175315e+02
-9.148538971726225100e+02
-7.890701782229264154e+02
-6.631732523187021116e+02
-6.579421401110628267e+02
-6.924115380286912114e+02
-8.148722242613928302e+02
-6.878587588351515478e+02
-5.941196696322588195e+02
-7.138387237808453847e+02
-7.354294430444005002e+02
-6.384729640427106006e+02
-6.950194950621246335e+02
-6.046890596674334120e+02
-7.127674181739079131e+02
-6.565240028490070472e+02
-6.872731349938098901e+02
-7.164262990303857350e+02
-7.750905790166120823e+02
-7.226308020966210961e+02
-6.815027698061245474e+02
-6.111067740594816087e+02
-6.717122430025225412e+02
-8.152962178267314357e+02
-4.931938618447529734e+02
-5.503665147705318077e+02
-6.549674981969224064e+02
-7.927886556310113519e+02
-7.044485960070239798e+02
-7.385971954238370927e+02
-7.303880011804590140e+02
-7.203364004258240811e+02
-7.608061264847326584e+02
-8.347468336439051200e+02
-7.052397799064845003e+02
-6.512141208915054449e+02
-8.026799109105311345e+02
-7.710408200218807906e+02
-8.259882331115493344e+02
-8.605345701576042075e+02
-6.568174877809522059e+02
-7.534609921064350146e+02
-6.254290603779387538e+02
-6.634144707376874521e+02
-9.154913383461774856e+02
-8.462895847679141070e+02
-7.049422780539216546e+02
-8.225960527006693610e+02
-6.091326225232285196e+02
-8.232665606614466469e+02
-8.321811124857357527e+02
-5.845772390734813371e+02
-8.607983087968522113e+02
-8.184583635763558505e+02
-6.849698141980976516e+02
-8.899866496942920548e+02
-7.182225230454397433e+02
-9.764079631129039853e+02
-6.456198111180818842e+02
-6.293520335182175813e+02
-7.062383411006014740e+02
-7.187181915821024631e+02
-7.490342311624945069e+02
-5.949732298403083632e+02
-6.988814595281162383e+02
-6.624453923733939291e+02
-7.207093314638980246e+02
-7.173586407651448553e+02
-7.964321940464523095e+02
-6.447236549003552000e+02
-8.224347746892369742e+02
-7.302670676446884954e+02
-6.512689201736613995e+02
-8.673237337409151451e+02
-1.039898264168415835e+03
-6.504886231604770046e+02
-8.923511958028905156e+02
-7.638612722745818928e+02
-8.710252879747135921e+02
-6.997938244626427604e+02
-6.468692649242219659e+02
-7.683433923323016188e+02
-7.604072866358277452e+02
-6.908711633475032841e+02
-7.045736137478253340e+02
-5.414976494447006417e+02
-7.002662663364612854e+02
-7.474133906791205391e+02
-7.382177566298134934e+02
-6.471270361398263731e+02
-7.002779570844975296e+02
-7.731761050679178879e+02
-8.145981912751741447e+02
-8.369301706861641605e+02
-5.123191973840539504e+02
-6.089685389758543579e+02
-6.643826670277502444e+02
-7.747687235755257689e+02
-6.926376867428550668e+02
-6.636704032909231046e+02
-6.700306247419478041e+02
-8.031570079090447507e+02
-5.851443437560416214e+02
-6.071435645966033690e+02
-6.524772995920363883e+02
-6.987702293830099052e+02
-6.991011097973172355e+02
-6.838075372540884018e+02
-6.257511325039147323e+02
-5.393509139149183511e+02
-5.760835652076309543e+02
-6.141166013410165760e+02
-6.823809309157135203e+02
-6.347880528185182811e+02
-6.208086259490058865e+02
-4.768679592505557139e+02
-7.818681991183868831e+02
-6.810672055288819138e+02
-6.241817255008861594e+02
-6.539532741921582328e+02
-7.183583049583880893e+02
-7.433628766790653799e+02
-6.662690965884248726e+02
-6.418371959305741257e+02
-7.201180934878393600e+02
-6.871625600040408699e+02
-6.126048835573097904e+02
-6.664544048646046122e+02
-7.127005900775820919e+02
-7.769487042460759767e+02
-8.006177409038500628e+02
-6.264793472940941683e+02
-5.204781026101909447e+02
-7.304783546029054833e+02
-6.277048969118833384e+02
-6.484425177061336854e+02
-6.262112175414182502e+02
-6.058828817811540830e+02
-6.011743757384897435e+02
-7.874636700225281629e+02
-6.265967891615317740e+02
-7.229780872380135861e+02
-5.976647898395592620e+02
-6.405575476294493455e+02
-8.121241259487353545e+02
-7.317645156440675009e+02
-6.528579933574628740e+02
-6.353753322449368852e+02
-6.572388292904520313e+02
-5.875416972310312076e+02
-6.515698728072821950e+02
-5.188487732666875445e+02
-6.128484065361907369e+02
-6.738105487262365614e+02
-5.545512726083738926e+02
-8.079356477970680999e+02
-5.277821533826547693e+02
-6.992606709304893684e+02
-6.782025999109006307e+02
-5.978177492838499347e+02
-6.838237351496015890e+02
-7.445561285147230137e+02
-7.708372809012703328e+02
-7.174067741081355507e+02
-5.972420481365965088e+02
-6.283115856520930720e+02
-7.424679852272880680e+02
-5.243676975178882458e+02
-5.862257954966745501e+02
-6.253406658995995713e+02
-6.766723318319018290e+02
-7.904613396546931199e+02
-5.400366429975003939e+02
-7.115401822681817521e+02
-5.975129460975488200e+02
-6.658293535620421153e+02
-8.359651605582607772e+02
-6.754840018743668679e+02
-7.580521692139100196e+02
-6.056480850193445349e+02
-6.238234789948348862e+02
-7.403578363599353906e+02
-5.905466859464377194e+02
-7.152734456615986574e+02
-6.103906498290741638e+02
-7.851555993731869876e+02
-6.119888213159413226e+02
-7.170516031739398386e+02
-6.678596942543591695e+02
-6.843519514150275427e+02
-6.916677167883244692e+02
-6.908029555855665649e+02
-6.727162534111265586e+02
-5.674565256094618917e+02
-7.013121235202340813e+02
-6.652183879760182208e+02
-7.014159306267847569e+02
-7.170608245082128178e+02
-6.732959650498446535e+02
-6.459124063684571411e+02
-7.150582922699753681e+02
-6.475087213808153592e+02
-7.887594788905144014e+02
-6.453023035315811740e+02
-6.108772298462901063e+02
-7.462905407270814067e+02
-6.882026720804551587e+02
-7.297514044316667423e+02
-5.895061329755860697e+02
-6.153340151234398263e+02
-6.598773301882388296e+02
-7.179648162683203054e+02
-5.882144714712414952e+02
-5.190456538179248582e+02
-5.919188977524077018e+02
-6.163531251260340014e+02
-6.383784399118131887e+02
-7.202525172253690471e+02
-5.996061866706593264e+02
-7.862337353421374928e+02
-6.613262645512414792e+02
-6.442636842359279399e+02
-7.529259959360787207e+02
-7.203930267043871254e+02
-6.992708228955991672e+02
-6.760287621887448495e+02
-7.055496238612417983e+02
-8.295670043118209378e+02
-5.514007884199083946e+02
-6.621601711737450842e+02
-7.060180875578054156e+02
-6.734879333120068168e+02
-7.114845450661080122e+02
-7.256917773374393619e+02
-7.503271635864839482e+02
-6.635586006645208954e+02
-6.385482099608919953e+02
-6.876471670552540445e+02
-6.471414452064785792e+02
-6.988191525633005767e+02
-7.208836860468928762e+02
-7.361882678762251544e+02
-6.859174952882136722e+02
-6.284409422284470566e+02
-5.975295932186145365e+02
-7.374226819431853528e+02
-5.969612623547953945e+02
-7.399846587209092377e+02
-7.369334344690531680e+02
-6.326471042901827104e+02
-6.774032990856347851e+02
-6.105597765738351654e+02
-7.605080353880740631e+02
-5.980160482266217059e+02
-6.480939204034323211e+02
-5.622032654323820680e+02
-7.767501517100564570e+02
-7.095655585763576028e+02
-6.051880156930577641e+02
-6.219313862558414030e+02
-7.430503162598229210e+02
-6.507348831106922944e+02
-4.937933310552850799e+02
-6.428699734812279303e+02
-6.114439081126467954e+02
-7.515417688168835184e+02
-5.772090873262259265e+02
-7.489694636047717040e+02
-7.054713796693570202e+02
-6.437742219197439226e+02
-5.711760291532172005e+02
-5.296711696299906862e+02
-6.422524508398980743e+02
-6.492598032212736143e+02
-8.000507652946042754e+02
-7.696465185250452805e+02
-6.966510957913114908e+02
-7.087945687175943021e+02
-7.110777068496065567e+02
-7.378385360862789639e+02
-5.444739067309610618e+02
-6.525292901567918307e+02
-6.671827743988693555e+02
-6.159715184550570939e+02
-6.936628818367622671e+02
-7.665816764435571713e+02
-6.778579647723611288e+02
-6.984714857480275896e+02
-5.827857257829882656e+02
-8.148950080521615291e+02
-6.843344544208680418e+02
-8.380644873561357144e+02
-7.172577842862070838e+02
-5.476371803835595529e+02
-5.968829596917363460e+02
-6.993630109501085599e+02
-6.094198030854838635e+02
-6.876044559252658246e+02
-6.045806584585996006e+02
-6.862211847918493959e+02
-6.372117810672855285e+02
-6.732807459939529053e+02
-6.265925300822848385e+02
-4.969495620838052332e+02
-5.930732678496895005e+02
-5.813903087734034898e+02
-6.645882414050022362e+02
-6.323071838974876755e+02
-7.234343518538298667e+02
-7.458104902270260936e+02
-7.188322340368177947e+02
-5.659354185969305036e+02
-6.948656729093489730e+02
-6.967227880691696100e+02
-7.200446512005125896e+02
-6.595776815293143045e+02
-6.866470328065929607e+02
-5.541971546883646624e+02
-7.546298116950380290e+02
-7.476863060431188615e+02
-5.689367842897369201e+02
-6.308084117473366632e+02
-6.249621039375310829e+02
-6.338593330378812425e+02
-8.048023460852764401e+02
-6.571215058789451859e+02
-5.891038373604284288e+02
-7.664363084918783215e+02
-6.052873456134495882e+02
-7.957135630061426355e+02
-6.805154904656848203e+02
-5.703243521351041636e+02
-6.937910190136421988e+02
-5.576678097779577001e+02
-6.385680936715101552e+02
-5.882207205505676484e+02
-8.110550495599845817e+02
-6.196609287276012310e+02
-6.233041738562532146e+02
-7.196471302334886104e+02
-6.461350743583928988e+02
-5.775735119474965131e+02
-7.548214354836422899e+02
-7.224783368942759125e+02
-5.655741396033170076e+02
-7.202544320597304477e+02
-7.429936674714758738e+02
-7.648912139159056096e+02
-6.154386059630272712e+02
-6.754831835019585924e+02
-7.152408631366477039e+02
-7.218607793701876290e+02
-6.828843391791410795e+02
-7.535704457046067546e+02
-6.693321589057691199e+02
-7.379924342727036901e+02
-6.671393780271562264e+02
-7.244950958805683285e+02
-6.385934246341396374e+02
-7.592100069684962591e+02
-7.735512915413962673e+02
-7.017847020346133604e+02
-6.231546319135572958e+02
-7.029530781270857460e+02
-6.514771995910559781e+02
-5.727659839396826555e+02
-7.107416619657604997e+02
-6.898030671172650727e+02
-6.481989161177265260e+02
-6.330856775296489332e+02
-6.842324718585732626e+02
-6.021750857278937019e+02
-7.311860220401920287e+02
-7.238190541232305577e+02
-6.146064682688715948e+02
-6.830894573080610144e+02
-7.047623393397865357e+02
-6.275237415681378934e+02
-5.988183666007229249e+02
-7.537306067615115808e+02
-6.871336143822446729e+02
-6.553388876511327226e+02
-6.580739698463735294e+02
-5.707251276760079008e+02
-7.536962666461721483e+02
-6.187136078751404966e+02
-5.649116788784367600e+02
-6.259128104955882463e+02
-6.437252695716939570e+02
-5.281678413060975572e+02
-7.074505799697594739e+02
-6.512617460789726920e+02
-6.157732010476553342e+02
-6.973527938183376591e+02
-6.770611039273973120e+02
-6.466235905774288995e+02
-5.949716844332433539e+02
-6.036994822813535393e+02
-6.349111367416121539e+02
-6.353263077573139981e+02
-6.868159720430545576e+02
-7.463295006990786078e+02
-6.357750538759171377e+02
-6.812139266264800881e+02
-7.791317137942965019e+02
-7.589806458955405333e+02
-7.002630905095528533e+02
-6.071324466086608709e+02
-6.962000308794267767e+02
-5.196264748225909216e+02
-7.735102728779437484e+02
-7.182484833981159227e+02
-6.214033602995231149e+02
-8.342451334256755899e+02
-5.856536945299857280e+02
-6.934144403021821290e+02
-5.465307268052819154e+02
-6.658875970330013843e+02
-6.265056307975903565e+02
-5.919786115353148261e+02
-7.083109720691625171e+02
-6.460428567160897728e+02
-7.295817212395666047e+02
-5.811298145348762318e+02
-7.150243476622529215e+02
-6.786220392006669044e+02
-6.850292566632756461e+02
-5.739820595644569039e+02
-6.731817873502483280e+02
-7.030968591263147118e+02
-7.252952205275594224e+02
-6.551924510386299971e+02
-6.843041080498114752e+02
-7.353091148319396098e+02
-6.232976755633909534e+02
-5.864119664592296886e+02
-6.550117788849961471e+02
-6.845402664215914683e+02
-7.285228741549394726e+02
-5.801152631490767817e+02
-7.276205195634693155e+02
-6.703900908423185001e+02
-7.612890028553750881e+02
-6.179827386191557252e+02
-5.360517349670159319e+02
-6.562934683274230565e+02
-6.538589025255382694e+02
-6.950607193644128756e+02
-6.213541520551520989e+02
-6.058752387065518406e+02
-6.618665122839611286e+02
-5.687693434895411428e+02
-6.905336733914613205e+02
-7.496484916192626997e+02
-5.970000080535792222e+02
-6.317638961877790962e+02
-7.348727651797123599e+02
-6.170617358065131839e+02
-7.715825571750605150e+02
-7.133261254881111881e+02
-7.665270876121038555e+02
-6.606614331183725426e+02
-5.610819663925449277e+02
-6.902732207559748758e+02
-6.989498489143284132e+02
-6.090175481598581655e+02
-7.478678634718180547e+02
-6.314070444602484713e+02
-7.411797658924307370e+02
-7.074359399050030106e+02
-5.598491441100009069e+02
-6.649693160200882858e+02
-5.967749831816713595e+02
-6.467860988031699208e+02
-6.825294958418567148e+02
-6.490445516293219725e+02
-6.515996865892518599e+02
-7.609432350427068741e+02
-6.434219200644484999e+02
-6.833540941137284790e+02
-5.410625088758023367e+02
-6.239768130539074491e+02
-6.890512353346892951e+02
-5.834530381821133460e+02
-6.764496237285353573e+02
-6.559597542654615836e+02
-7.757958529478607943e+02
-7.110242843051302088e+02
-6.357302675033179185e+02
-5.076227246041103172e+02
-7.499830778772292206e+02
-5.744303872346230264e+02
-6.680510045431681192e+02
-6.449170702933517987e+02
-6.771603511434333313e+02
-5.142257131509735473e+02
-6.227519052301646525e+02
-6.434852144463603736e+02
-5.160527156104976712e+02
-7.689218544253402570e+02
-5.930871958765116005e+02
-6.732499725721296500e+02
-7.225318056223012491e+02
-6.436029709034388588e+02
-7.549888769832582511e+02
-6.795080046001420442e+02
-5.296743266944383777e+02
-5.575268109236881173e+02
-7.524132657954627348e+02
-7.087745981729409550e+02
-7.446004234406132127e+02
-5.178980984801203249e+02
-6.754350580863555251e+02
-6.376428799088554342e+02
-6.379594579936996297e+02
-7.567965247320410072e+02
-6.746289119861194195e+02
-7.407952002489410006e+02
-7.477823740583897916e+02
-6.825595766417088726e+02
-5.731334007200916858e+02
-6.775256534886848385e+02
-7.023727315191281377e+02
-6.324662890249287557e+02
-6.922070826112972100e+02
-6.351188478837609637e+02
-6.802338545102368244e+02
-4.939965342879341392e+02
-6.789439783610278027e+02
-7.090550287892489223e+02
-7.336510674466081809e+02
-5.143614820321315619e+02
-6.518415320221467937e+02
-7.834469216924794637e+02
-5.715371079872298878e+02
-6.417318661756499978e+02
-6.842315420219050566e+02
-5.411631591612589318e+02
-5.169685814224249043e+02
-7.433943216208675722e+02
-6.159081232953649305e+02
-6.678295238415342965e+02
-7.239117846440284438e+02
-5.995262956902558926e+02
-6.792166104457912752e+02
-7.001238604824654885e+02
-6.848497231056865076e+02
-6.925686540933404558e+02
-6.196835431418177222e+02
-5.852039545220354739e+02
-5.490435032646722675e+02
-6.827133188137166826e+02
-6.588875504997637336e+02
-5.102954622773123674e+02
-7.480007049935078385e+02
-4.754866690713188291e+02
-6.031268465754207000e+02
-6.474890850888958767e+02
-5.967146097509950096e+02
-5.583221281288801947e+02
-6.656606189771666777e+02
-6.579864704539165814e+02
-5.848342184152206755e+02
-6.067059978984567579e+02
-6.953356867957274972e+02
-6.403276440861071706e+02
-5.869833152765403383e+02
-6.550811600346938803e+02
-7.069589168073837300e+02
-6.558311107799365800e+02
-7.493301436231107573e+02
-7.146089861221640831e+02
-6.152396730491062726e+02
-7.548127190174454881e+02
-7.159856862868688268e+02
-7.339481951549711312e+02
-5.751960334790774141e+02
-7.405077953209624866e+02
-6.682436335272628867e+02
-6.306746744229745900e+02
-5.607046726528058116e+02
-6.035105451477672887e+02
-6.184484806500830700e+02
-6.406697544683376009e+02
-5.529898745163734475e+02
-7.223237103739243139e+02
-7.256293285342397894e+02
-5.934298079685278253e+02
-5.019393556021626068e+02
-6.445958947921892559e+02
-5.769334517964927045e+02
-6.838335660791269675e+02
-5.134950578841849165e+02
-6.671194321883642715e+02
-6.279471583754937001e+02
-5.606629354749760523e+02
-4.625935086214253147e+02
-6.306368450060848545e+02
-6.091671372527973745e+02
-6.190997868755856643e+02
-6.351053691101192271e+02
-5.252363433479015384e+02
-6.647959228806309966e+02
-5.080540021976994467e+02
-7.416493960839870851e+02
-6.994428676534382703e+02
-7.797474711207888731e+02
-5.760826289060470344e+02
-5.728257869209069213e+02
-5.952071469246576498e+02
-5.327856477222702551e+02
-5.445468875360157881e+02
-5.559184056362926185e+02
-5.864452991871032737e+02
-6.745949954680589826e+02
-7.111056383103491498e+02
-7.286606373005753312e+02
-6.557284761542874776e+02
-6.839135924380593679e+02
-6.670049869246468006e+02
-6.701210443782971424e+02
-5.249425275120040624e+02
-5.424053319617123634e+02
-5.557500415360212855e+02
-7.886407873965667932e+02
-6.686327392155141069e+02
-5.150923422411000274e+02
-4.973758110750435435e+02
-6.276977328389579043e+02
-5.619749638321338807e+02
-6.864964297155793247e+02
-7.415657707971394075e+02
-7.410420359838540207e+02
-5.283313702834715286e+02
-6.155278451488109113e+02
-6.715177285540935372e+02
-6.837300929404516410e+02
-6.963623731740802896e+02
-6.560308242282895890e+02
-5.343846821354172789e+02
-5.629143410746328300e+02
-6.237516006080103352e+02
-6.791636679775331231e+02
-6.216471608675220750e+02
-6.798661630787429431e+02
-5.908238922846657033e+02
-7.101226747893560969e+02
-7.558356815770146113e+02
-6.686700328970316605e+02
-5.788655144619575594e+02
-5.933292691720889707e+02
-5.778902494879221194e+02
-6.018165905199259669e+02
-6.516763690883720983e+02
-5.466670849941305050e+02
-6.513650482649684363e+02
-5.258908077456233059e+02
-6.225063525837465477e+02
-6.245952556050719977e+02
-5.847592158135017826e+02
-6.288412935567180284e+02
-5.562349763167742367e+02
-5.112365169685057253e+02
-5.935471971398515052e+02
-7.081806358754184885e+02
-6.207134432371838102e+02
-6.595792537581691022e+02
-4.804369866693357380e+02
-7.777974075010920387e+02
-5.873337842500567376e+02
-5.582964674871514035e+02
-6.442067251132582442e+02
-6.634862814142195475e+02
-6.689007526943777293e+02
-4.786551115576335746e+02
-6.528290263837977818e+02
-5.941507988226212547e+02
-6.768225592168881803e+02
-5.769531852583854743e+02
-7.513359816610700364e+02
-7.100279951304340784e+02
-5.734395104999842943e+02
-7.690860387107343286e+02
-6.356570303484909346e+02
-5.188073739509793540e+02
-5.834493012199768600e+02
-5.514676617837167214e+02
-7.235978033628130106e+02
-5.818209977429913806e+02
-7.175181413114195266e+02
-6.591413113940001267e+02
-5.214729638690195088e+02
-5.840035738817299489e+02
-8.122696762485295494e+02
-6.578455778331871215e+02
-6.051252387367172787e+02
-6.890530088924730308e+02
-5.505524395105642270e+02
-5.722071064458282308e+02
-6.841823829909729966e+02
-5.452119181317650600e+02
-7.199395092217203000e+02
-5.519093500522916429e+02
-6.477941788494871389e+02
-6.921812618067457379e+02
-6.540329491494248941e+02
-5.535720495246782775e+02
-6.846413821131581017e+02
-5.976178807790942074e+02
-6.702074495999819419e+02
-6.944561431018015583e+02
-7.416686720592319944e+02
-5.493213964547931027e+02
-6.255343358158550018e+02
-5.608921056732808665e+02
-6.639871551910684957e+02
-8.145394405917627410e+02
-7.035333256089766110e+02
-6.167190175317779222e+02
-7.841669504019390615e+02
-6.575028881768300835e+02
-8.056558774866475687e+02
-6.851190933363308204e+02
-5.462764166725988844e+02
-6.098221072564560927e+02
-6.923386570841657885e+02
-6.330822610065537219e+02
-7.037776360181123891e+02
-6.514559004700115565e+02
-7.055067669939580810e+02
-5.457164928582878929e+02
-7.249034417399145696e+02
-7.860082965119092933e+02
-4.844235639404266180e+02
-6.238496539948788495e+02
-6.452075267729804864e+02
-8.142042457665606889e+02
-6.194407827706601211e+02
-6.702189742084129875e+02
-6.037874419198811893e+02
-5.309332718766903554e+02
-5.058212951567104483e+02
-6.451821641115618604e+02
-6.399421589131707151e+02
-7.956317522377119076e+02
-6.024750621840989879e+02
-2.654074021080503485e+02
-5.697665293290933732e+02
-5.948268496387028108e+02
-6.060553614113362073e+02
-6.852120764946323561e+02
-7.338675525413877949e+02
-7.807938606182129888e+02
-6.731721119765733192e+02
-3.973659398624155301e+02
-5.629013594533345213e+02
-7.171126456094998503e+02
-6.286844140430675907e+02
-5.291712270178290964e+02
-5.717291538294525708e+02
-5.439650232564434873e+02
-6.062903298767016622e+02
-6.773611777530807103e+02
-5.536814446047637830e+02
-5.819189370274433486e+02
-6.420357102830926124e+02
-4.678063157905899061e+02
-6.379190598989908949e+02
-5.252204893379669102e+02
-4.935456058340615186e+02
-6.755446563556367892e+02
-6.785178942025956985e+02
-6.912128267431272661e+02
-7.625947632595496088e+02
-5.889235472299841376e+02
-6.495166488750381859e+02
-7.441099704249261322e+02
-5.343411644555004614e+02
-6.436131491551770978e+02
-5.000742206105447281e+02
-6.166772538857750305e+02
-4.613000316916625252e+02
-6.562424550394674725e+02
-6.130880313689920058e+02
-5.739497128171578879e+02
-6.767623959120866175e+02
-7.022546549128030620e+02
-6.651311063828325132e+02
-7.557831521147093099e+02
-6.844703700932903985e+02
-6.201552336625392172e+02
-7.863777097173897346e+02
-5.796568344199863532e+02
-3.161414138655746910e+02
-5.125947437850880988e+02
-5.711717102545886746e+02
-6.139927044967018901e+02
-5.154310302933195089e+02
-6.115797802910423115e+02
-7.035345549255082460e+02
-6.967877768306902908e+02
-6.604485960793201684e+02
-6.662086502966369608e+02
-5.679780281396540431e+02
-6.823760438844024065e+02
-6.348875542616947314e+02
-7.425470633340984250e+02
-7.221140114238825163e+02
-6.888051776792551664e+02
-5.696780147739719951e+02
-5.206488182742915569e+02
-5.935199301262700828e+02
-6.803454178533243066e+02
-6.822629016877788217e+02
-5.842739075571078047e+02
-5.409663449383564284e+02
-5.842316340969754265e+02
-5.338617393906442885e+02
-6.168023129977265171e+02
-6.387863842300257602e+02
-6.306298571642339539e+02
-6.815303282366236317e+02
-5.609167012644588795e+02
-6.258363441488971830e+02
-5.209394569834128106e+02
-6.407447042401348654e+02
-5.698743111018447962e+02
-6.896079810661246938e+02
-6.265267494996146524e+02
-7.445083186629168495e+02
-4.842983877418095062e+02
-5.578452292898169844e+02
-6.518109266437918450e+02
-5.128697109697881160e+02
-7.600458847557995341e+02
-5.473094239873875040e+02
-6.602719729021220019e+02
-5.105769869623616160e+02
-5.851753598528966904e+02
-1.326546184630511220e+02
-5.909891032117604937e+02
-5.507235142146524822e+02
-6.031378764207639733e+02
-5.536126105097350774e+02
-4.655029743991798910e+02
-5.511731866617006972e+02
-2.529673563976408843e+02
-6.539468957799712143e+02
-5.757923667474055947e+02
-5.802764351320256537e+02
-5.883300277869840329e+02
-6.403063182309127797e+02
-6.727833762225682221e+02
-4.020145468270210927e+02
-4.212194645020770167e+02
-6.915856305279717162e+02
-7.018924448805663587e+02
-6.257747152478916632e+02
-6.061757554055225228e+02
-6.899188105435416674e+02
-6.345817350487643580e+02
-6.143097423575250104e+02
-6.460137022582769077e+02
-5.007515068288015527e+02
-6.797672799001604744e+02
-5.992046746319470003e+02
-6.508152025909724898e+02
-6.270143726635772055e+02
-6.664539281375147084e+02
-6.926543825027347339e+02
-5.494237394797189609e+02
-5.811798291373613665e+02
-4.482011820390674188e+02
-6.695013441899682221e+02
-6.728415419159432531e+02
-5.628119697550234832e+02
-5.107661065159387590e+02
-5.933667419775016469e+02
-5.666287882130753815e+02
-4.711617494126708152e+02
-5.374291004905830960e+02
-6.744598768180463821e+02
-5.354403456822493581e+02
-6.632755059216541440e+02
-6.447125079509493162e+02
-6.760536065087436555e+02
-7.908843068050618967e+02
-6.339123091575036142e+02
-5.001004290424715464e+02
-6.149868825937969632e+02
-5.804874478214762803e+02
-6.621632738272386405e+02
-6.683580216976248494e+02
-5.464345309588001101e+02
-6.909736569728981976e+02
-7.128180601124091709e+02
-5.203748742565099974e+02
-5.754902792508419225e+02
-6.196979448005457698e+02
-4.195464150577416262e+02
-6.929411699931260955e+02
-5.577845643033691658e+02
-5.249331577797902355e+02
-5.505621060391941910e+02
-6.405448706041146352e+02
-7.632500346819737160e+02
-8.334746446750122004e+02
-5.415096420705683613e+02
-6.020507325755353349e+02
-6.232681283144546569e+02
-5.455055117898587014e+02
-6.817637052382294769e+02
-4.856448300110493506e+02
-6.939029760597833274e+02
-7.105640545147088005e+02
-7.046414065642079549e+02
-5.979344064412684929e+02
-5.614234271640468705e+02
-6.015675768196664421e+02
-5.474444742268566415e+02
-6.567514329385957126e+02
-5.186762404041458012e+02
-6.922467786646402601e+02
-7.126652218520650877e+02
-6.328755652927152369e+02
-5.463636095323852260e+02
-6.287604630311849405e+02
-5.305849328545318713e+02
-8.015605424518300879e+02
-6.495389092077097075e+02
-6.945579802960121469e+02
-5.804041535135895629e+02
-5.674374458039317233e+02
-5.653774648872351918e+02
-6.851440442274255247e+02
-6.453900774421144888e+02
-6.201271313482739060e+02
-6.294966767510239833e+02
-5.731377479426932950e+02
-3.919908250452550078e+02
-6.280687218862414056e+02
-6.365293389849056211e+02
-6.241431483395821260e+02
-5.663449827132236578e+02
-6.305160579843093274e+02
-6.089088959554649136e+02
-6.348865442828669075e+02
-6.966381528097098226e+02
-5.382946138473050723e+02
-7.517031818409059269e+02
-7.725513221957203314e+02
-6.595979410060640475e+02
-5.566411274337949635e+02
-6.328296092617083559e+02
-4.723559074174737020e+02
-3.083858242014532038e+02
-7.596794692727701204e+02
-6.116092899916429815e+02
-5.762424096197154313e+02
-4.979705971916090448e+02
-5.725218272925676501e+02
-5.328384967880210752e+02
-6.200951336219756058e+02
-5.883898405354439092e+02
-5.252861013701228785e+02
-6.453792330825754107e+02
-6.519290427491930586e+02
-6.070891405140702091e+02
-6.886144662688491280e+02
-7.035591646933828542e+02
-7.855531796526952348e+02
-6.552992060892192967e+02
-6.977497410844016485e+02
-7.340961622783031544e+02
-6.630186809015335712e+02
-6.792643154434656481e+02
-5.624533236871515101e+02
-5.980157050737076361e+02
-6.184700275297947201e+02
-6.992925849981236297e+02
-6.921119079005404728e+02
-5.364012091454783331e+02
-5.430710512690926635e+02
-6.973808495533683072e+02
-6.286140418919437707e+02
-4.924242619363279232e+02
-6.117862241617042400e+02
-5.401250220290608013e+02
-7.040139800050606027e+02
-4.892713703395897937e+02
-5.485242124563064863e+02
-6.734725412962993687e+02
-5.899196740920066304e+02
-5.961093065648257152e+02
-5.915332219864634453e+02
-6.836857840037210963e+02
-6.764263643912371435e+02
-6.334651501087278120e+02
-6.682410218910791855e+02
-6.203737811535620494e+02
-6.530193596767391000e+02
-6.667373487839803374e+02
-5.365822494945184644e+02
-5.582485753257507213e+02
-5.855496399628082145e+02
-6.337385895476330688e+02
-5.797746563325674742e+02
-6.567830566640318466e+02
-6.962823927921032237e+02
-6.445654212346090617e+02
-6.733965065194134922e+02
-5.826088849749806968e+02
-3.598830252393497062e+02
-3.252910001300244858e+02
-8.167104647339872372e+02
-6.537622705861871282e+02
-7.164861477121878579e+02
-6.354362825700313806e+02
-5.791674457300765653e+02
-5.072754252821912360e+02
-6.744555535842291647e+02
-6.073910930443008738e+02
-4.586461334386274871e+02
-6.476148095420412574e+02
-4.194401548827419788e+02
-5.455091515602049412e+02
-6.198814051283862909e+02
-6.849409106876305486e+02
-5.720376308320946919e+02
-6.165062003692438566e+02
-6.442287218349629256e+02
-5.420485223478076477e+02
-7.473153546852262252e+02
-6.773537468927377176e+02
-7.057457428369147010e+02
-6.245619961177952746e+02
-4.703371016057245129e+02
-6.372874405874442800e+02
-6.143221328576357791e+02
-5.492669758756401279e+02
-7.011282770630648429e+02
-6.703197339493875688e+02
-5.676484002150045853e+02
-6.499819432281353784e+02
-6.542398758752627828e+02
-4.591606108295242166e+02
-5.975762377269693388e+02
-6.505564876791161169e+02
-5.726005874379331999e+02
-6.029892405005635965e+02
-5.440892574645279183e+02
-6.315260108496821658e+02
-6.224663769299638716e+02
-5.218970170862240820e+02
-5.888564140852338369e+02
-6.333260887301104276e+02
-6.745761152214893173e+02
-6.892581069081895748e+02
-6.060068108415753159e+02
-5.070370756544228925e+02
-5.998764247845911086e+02
-6.398576971108784619e+02
-7.449712525469738011e+02
-7.793675431614630043e+02
-6.526029890018745618e+02
-6.886148407766841046e+02
-5.582186379053763403e+02
-6.683574093669988088e+02
-3.729393185963877499e+02
-6.554481383055625656e+02
-6.135775645849813600e+02
-6.601746607955089985e+02
-7.022263345127103094e+02
-6.162437503644374601e+02
-5.515610836569711637e+02
-6.115191048201936610e+02
-7.373711095962655691e+02
-6.700027800354421288e+02
-6.619903516084859803e+02
-5.389349682112751907e+02
-6.524574848555548670e+02
-3.217660225076058396e+02
-6.877406233714189057e+02
-6.306857685947331902e+02
-5.634207023606834355e+02
-6.603367177939098838e+02
-5.114427923951611774e+02
-5.839960287199919549e+02
-6.903000455636832839e+02
-5.978832021684089568e+02
-7.204691757889014525e+02
-6.643982900425744447e+02
-6.298421136057047534e+02
-6.749884697286089477e+02
-7.749976870198214556e+02
-5.235504397880035867e+02
-1.812296644072393406e+02
-7.862116690323155126e+02
-6.562707866757291413e+02
-6.021887214573196161e+02
-5.085735484705356839e+02
-6.184335749063840240e+02
-6.777584481928498690e+02
-5.640008561360252770e+02
-3.146618375622789472e+02
-6.155599206335875806e+02
-6.824819534009486688e+02
-5.803981708709799250e+02
-7.610918643778435353e+02
-6.501860263693286015e+02
-6.507191648567213633e+02
-5.935994822571775558e+02
-7.561994488853640632e+02
-5.672846591328794830e+02
-7.092600427070383375e+02
-5.622060763225005076e+02
-6.895010695727377197e+02
-6.093476051778072815e+02
-6.250592968735209070e+02
-4.793345420516005788e+02
-7.265730051577651238e+02
-6.285488999350866379e+02
-6.313167717495514353e+02
-4.783668922127595806e+02
-4.728269948215516933e+02
-6.865141370623026660e+02
-6.948896546545528281e+02
-1.552722550739187568e+02
-8.138140696344767093e+02
-6.233496038381184690e+02
-5.648624193794879602e+02
-5.109107854830230622e+02
-7.039744431113117571e+02
-6.385386517571806735e+02
-6.823816257407050898e+02
-6.988518102926007032e+02
-7.222346393821874244e+02
-4.191278524283026741e+02
-5.945503269187307751e+02
-2.700887020234688407e+02
-7.844832124091975629e+02
-6.286662035083186311e+02
-7.537838029870715673e+02
-4.131448659656591076e+02
-4.142981466729066824e+02
-7.978438020657048355e+02
-4.731426051775825954e+02
-6.463878764068401779e+02
-5.971479074988822049e+02
-7.063145679392881675e+02
-5.574215068083786946e+02
-2.242411009673115814e+02
-6.702739014131570912e+02
-5.873416813718379217e+02
-5.882283353284329905e+02
-7.386030918666855314e+02
-6.267041788621453406e+02
-5.972625473425296150e+02
-4.909536670293430234e+02
-5.745797531642357399e+02
-5.993091126756562517e+02
-5.600447833965203017e+02
-6.328205746088889327e+02
-4.626850441179765312e+02
-7.411451491908679827e+02
-5.433919184712717652e+02
-6.093708536424284148e+02
-5.139708101171487442e+02
-7.404519671758049526e+02
-5.424251629209932162e+02
-5.889037960944663155e+02
-6.840598348839447453e+02
-5.352491502243728974e+02
-4.946668792926213882e+02
-6.318480885905916011e+02
-5.340726250329760205e+02
-3.449962400548193955e+02
-6.627165826569489582e+02
-5.870571717996239158e+02
-5.002597590808152859e+02
-5.990973534454609535e+02
-4.765818414585386904e+02
-5.410529415039477499e+02
3.836005141864195167e+01
-7.013430212845504457e+02
-5.745289348857543246e+02
-4.531762046980626906e+02
-4.169568793890139204e+02
-5.918179624109366159e+02
-3.305394196420041339e+02
-6.592127224219768777e+02
-5.030079497902823960e+02
-6.385619854092828973e+02
-6.882481165572049804e+02
-7.667831228258344254e+02
-2.106087362721393106e+02
-5.620357620858503651e+02
-5.023722142529726398e+02
-5.277849143078420866e+02
-5.100091350915597559e+02
-4.794190666963298213e+02
-5.054838883893178263e+02
-6.689318669475333081e+02
-8.426041737496507267e+01
-6.612478384792896122e+02
-7.110298848787957695e+02
-5.932382373174893928e+02
-7.062783759936295382e+02
-5.815040035096989186e+02
-5.299704743471561414e+02
-6.093248778343953518e+02
-2.182275960731870441e+02
-5.992405183972134637e+02
-6.907644099894221199e+02
-5.602297287748649524e+02
-7.097144601866314133e+02
-6.946529161657960003e+02
-6.357613949343190143e+02
-6.801394056645465298e+02
-5.565341759262447567e+02
-6.765419011857588885e+02
-4.311948152912022465e+02
-6.047544362029400418e+02
-5.980550888617397050e+02
-6.103082753848510720e+02
-4.826573883895504196e+02
-6.311970689454462899e+02
-3.926208512628635958e+02
-7.423762644346256820e+02
-7.600844533364943345e+02
-8.990034403746551561e+02
-2.672823630160906418e+02
-3.238497627007091637e+02
-4.554201113591482795e+02
-3.062708223541807797e+02
-3.011928677545018900e+02
-7.907459411022484801e+02
-4.938878971224292513e+02
-6.160158554416236711e+02
-3.469791541215714687e+02
-6.593711947357583085e+02
-5.478407748201857430e+02
-6.243397874083254919e+02
-5.640695483461443018e+02
-6.436502571246383013e+02
-2.655091478874933841e+02
-6.921578849117107666e+02
-5.932041340170189869e+02
-5.940887904186494097e+02
-5.514495532421647113e+02
-7.266880667893483405e+02
-4.207171583780553306e+02
-4.524317654695817055e+02
-6.579759412724372396e+02
-2.073481002501336548e+02
-4.843370424867071620e+02
-6.156551763041231879e+02
-7.398280156759084321e+02
-6.684951406696691265e+02
-6.281482305601083453e+02
-8.544480161902620239e+02
-4.349356300316383113e+02
-5.214328060608256692e+02
-4.205025340089454176e+02
-5.695497665388814994e+02
-6.199777732187270658e+02
-5.966600806684155032e+02
-6.541341698410666368e+02
-7.329467429817178754e+02
-5.952688901513104156e+02
-6.616953376964214613e+02
-7.425045782382709376e+02
-5.814406978451668238e+02
-6.487830970403780384e+02
-4.275412521725734791e+02
-6.051561091142096984e+02
-3.992554755819566026e+02
-3.295926567695977383e+02
-6.143680668946964261e+02
-6.646271912555173458e+02
-3.194577534400111745e+02
-6.679887506933979466e+02
-6.373400776179285003e+02
-6.640291459630036570e+02
-6.110101628220678549e+02
-6.954853640481074990e+02
-4.402341343937862348e+02
-7.641480983614256957e+02
-6.492212229401461627e+02
-4.682271649228051160e+02
-3.869720246921643820e+02
6.737250361913900178e+02
-7.274777943655883519e+02
-5.590059349933751491e+02
-3.502161351902719844e+02
-5.554976048815283320e+02
-2.121628626849891930e+02
-4.936105517117624117e+02
-6.140178424602298719e+02
-6.250321580648576401e+02
-5.999313130767141047e+02
-3.927152732963227209e+02
-6.337884343357344505e+02
-7.660367928786474749e+02
-5.688935437021035568e+02
-6.281535604667064945e+02
-5.467840115745032108e+02
-6.168875729900529450e+02
-5.264825398235943794e+02
-7.607345611787333155e+02
-5.169741661185070143e+02
-7.118921791573197879e+02
-6.607421139282497506e+02
-7.266439825345926238e+02
-3.463320776211479028e+02
-6.074617496471157665e+02
-6.638749418993113522e+02
-6.964789281061290467e+02
-6.619872364678894883e+02
-7.419951048198354329e+02
-4.787873157923621648e+02
-6.268271770802906531e+02
3.320418620367869380e+02
-1.707688840884985098e+02
-7.018128586757222820e+02
-6.174819996282885768e+02
-6.176892741519570791e+02
-3.439876100949904298e+02
-7.812515412570617173e+02
-5.752542993788720196e+02
-3.214495165072887630e+02
-4.686302318718928746e+02
-8.059535025341382379e+02
-6.722918155198972272e+02
-2.417218903009767246e+02
-5.139913799927229547e+02
-5.012639801100921204e+02
-7.256287961896118759e+02
-6.249198676356965052e+02
-6.371132344639313487e+02
-1.432434133976851854e+03
-4.379972707628684248e+02
-1.475591407687883247e+02
-6.982799869867357074e+02
-4.687464738975385217e+02
-2.654920041585022545e+02
-7.530893702736054820e+02
-2.468987544062415509e+02
-5.191249354672664822e+02
-3.539352619225688841e+02
-2.985501358638350666e+02
-1.424064908101212268e+03
-9.943689966492992198e+02
1.279141065396013914e+02
-4.835908562585436243e+02
-2.997747916204297098e+02
-4.970521636161166157e+02
-6.219257715913873881e+02
-5.390242582023792011e+02
-5.861866724748259685e+02
-5.616333270821692167e+02
-4.474208408825222705e+02
-4.382669976691477132e+02
-7.991564312943073674e+02
-3.004084407236528023e+02
-3.415998424146398520e+02
-6.895278465731166762e+02
-5.940155190654436410e+02
-5.108863604944575627e+02
-5.122261274109876013e+02
-4.609771481994913529e+02
-4.816529786216169100e+02
-4.852567312373889763e+02
-2.820754674733354932e+02
-5.955371162908812721e+02
-5.768804073829464869e+02
-8.020766154067658817e+02
-5.223331668707053268e+02
-5.585418916191549670e+02
-4.573602491608395439e+02
-2.992250447097204642e+02
-1.027639773790397612e+03
-3.550778638394804716e+02
-4.962476237265631198e+02
-6.803916376636019550e+02
-5.072749126338781025e+02
-4.108307985769695279e+02
-5.976283588224823689e+02
-8.054788466008577643e+02
-3.046130234889334361e+02
-5.290059656968575155e+02
-7.865016731372865024e+02
-2.323772150251334097e+02
-5.301980138635531148e+02
-4.990728896599491691e+02
-7.527281639466133356e+02
-5.992528439355678529e+02
-4.404604529562163862e+02
-5.653174701858253002e+02
-4.930472743963260882e+02
-7.914241012419054186e+02
-3.764159712592538654e+02
-5.242150849205778513e+02
-5.899508581164192265e+02
-8.361820899185150893e+02
-6.115652363532861955e+02
-5.875724417365782983e+02
-5.198452448913211583e+02
-4.234864380371265611e+02
-6.435480509994106342e+02
-5.237774142024265984e+02
-5.245595432588931999e+02
-6.800972781803204725e+02
-6.810963743233436389e+02
-7.821549429062617946e+02
-5.751573741274310123e+02
-2.520939894247250095e+02
-7.229557206749792613e+02
-1.972758108540780029e+02
-5.242745361607345558e+02
-6.273804277083850138e+02
-6.344707158930206106e+02
-6.670960739524141445e+02
-1.161314898220364142e+02
-1.135812087970810580e+03
-3.593843988926504380e+02
-4.107494134928798530e+02
-4.981850265003369032e+02
-2.200400705525999570e+02
-7.971200022760496040e+02
-7.863759800514139897e+02
-1.047309940311874243e+03
-6.782646190748647541e+02
-7.963282080157746350e+02
-7.311557069824059454e+02
-6.041124137220550665e+02
-6.909496260028095094e+02
-8.504135411911736355e+02
-7.965828930116441597e+02
-7.971300634719331129e+02
-7.764735311529524324e+02
-8.310414071034922472e+02
-6.540883784178292899e+02
-7.342176233795843245e+02
-7.966056573309315354e+02
-9.025994155044609215e+02
-1.006673531172276626e+03
-7.440447009373930314e+02
-9.184480714134793971e+02
-7.016125776486337600e+02
-8.794095562420520764e+02
-4.724036109977419642e+02
-6.694403095063269120e+02
-8.988034319571129345e+02
-6.564499355229546609e+02
-1.024405107095148423e+03
-8.664231643666106493e+02
-6.463009440078508305e+02
-5.295692249149120698e+02
-7.297048756956721718e+02
-4.726752063543577833e+02
-4.592331375714376236e+02
-6.750531967302747489e+02
-9.625122736499021130e+02
-9.591972824569938894e+02
-3.910402065302801020e+02
-2.822241123255218440e+02
-1.041148513286934758e+03
-3.199829504475827093e+02
-7.772133727746829663e+02
-9.620619809640860467e+02
-7.521339712140172651e+02
-7.228622805095843660e+02
-5.155748809822350722e+02
-3.312776513502725493e+02
-7.767273009081955024e+02
-7.772702592632106189e+01
-8.195391597625116447e+02
-7.462524450384789816e+02
-5.508242653044721919e+02
-4.016749564741581366e+02
-7.329889431068871772e+02
-2.949252435886864987e+02
-6.704043941268569142e+02
-4.518417400338777270e+02
-7.745376733130284492e+02
-7.750090217120449552e+02
-9.507024957237088074e+02
-3.981487002015081202e+02
-2.534144691297204304e+02
-6.705299380415088990e+02
-1.944354786415402145e+02
-4.456602558070541136e+02
-6.302359593262318640e+02
-1.167534005931393892e+02
-5.039265983830765094e+02
-7.499891539145810384e+02
-4.731892263815517481e+02
-5.036073783927309933e+02
-8.838168096241176954e+02
-2.585355674854711765e+02
-7.968801044438789631e+02
-3.647743707081122011e+02
-3.779561312960926784e+02
-7.961527050484406800e+02
-6.631727429585837399e+02
-7.020784883181877376e+02
-6.004917743392278453e+02
-6.979278221197548646e+02
-5.866845254099109752e+02
-5.307229017361094066e+02
-9.161055604776614700e+02
-6.660689059443091082e+02
-5.921233904783657636e+02
-3.947146227056047110e+02
-7.284623668708563855e+02
-4.203634616491449947e+02
-3.619063724464787697e+02
-5.565860157318820711e+02
-4.709943482958489653e+02
-4.065211689049809820e+02
-3.691678127084580865e+02
-4.237665199539712262e+02
-5.204214096812736443e+02
-6.073223727667821095e+02
-5.090906519748349979e+02
-5.453436334293027130e+02
-5.567330162794354464e+02
-6.126783760752740591e+02
-6.622509315335407791e+02
-6.885589575480807980e+02
-1.143890773227951513e+03
-7.648013584326778300e+02
-7.915515676548698139e+02
-4.081525969351051231e+02
-8.070870173763098592e+02
-7.230936720396543933e+02
-6.273738080500047545e+02
-6.481127301881590483e+02
-5.751347974037855693e+02
-7.985359259941999426e+02
-5.315162477441568853e+02
-4.922661090041796115e+02
-3.774412855365170572e+02
-6.553749170675536107e+02
-5.795418724044720875e+02
-1.887367031683608616e+02
-4.732781708252175576e+02
-4.117453706262609217e+02
-7.155688469733823922e+02
-1.768245368795624870e+02
-4.055019020199415536e+02
-4.102333359514992708e+02
-4.637931553973442647e+02
-5.315031541503260542e+02
-5.586692205552610631e+02
-5.993901528586694667e+02
-6.145787149810826122e+02
-6.985929320221285934e+02
-4.773418958342319911e+02
-7.349135879739873189e+02
-5.433532565014779721e+02
-3.485754107849666639e+02
-7.634182193808009060e+02
-7.119839849857681884e+02
-6.697437995849501249e+02
-4.898032763360961326e+02
-4.824439736464923385e+02
-6.276647059144468130e+02
-4.138850886178784094e+02
-4.314666797571984489e+02
-6.250733804619745797e+02
-4.202009076096672402e+02
-6.604531533072453158e+02
-6.997563751930391618e+02
-6.194335410134867743e+02
-4.092964162185608075e+02
-7.775734075522889270e+02
-6.600550029481353249e+02
-5.389318708589696598e+02
-5.857125962125595606e+02
-7.936081544353236268e+02
-7.208938345412806257e+02
-6.503588505437878666e+02
-8.034247880198996654e+02
-5.798679474200247341e+02
-5.971303786075820881e+02
-6.813994833228649668e+02
-9.843420340761228999e+02
-7.992488411768620153e+02
-5.000124124702024346e+02
-3.811310495118018480e+02
-5.729096859505523298e+02
-5.698908001919450044e+02
-5.926128554410657898e+02
-3.699586756779419829e+02
-5.176898161461690506e+02
-5.789408970300103192e+02
-8.244108798295465022e+02
-5.343121319654137551e+02
-6.935725306752528923e+02
-5.420248863940468027e+02
-6.040506351119706778e+02
-6.924616881329607168e+02
3.581305367524736027e+01
-6.620928851897892855e+02
-1.627145926162749277e+02
-3.668856495780155456e+02
-4.011629611750288973e+02
-4.157171178596071286e+02
-6.785829308045595099e+02
-4.170967838929949494e+02
-5.854498365572064813e+02
-5.149945705494662889e+02
-4.982534321088039064e+02
-4.695901478520434580e+02
-7.520677590976663396e+02
-6.161498065624434730e+02
-1.919531781737851475e+02
-5.091892521798854432e+02
-6.462877609577834619e+02
-2.925381869132783095e+02
-6.738925135958351120e+02
-7.417751633728144043e+02
-6.750521099020086240e+02
-3.124549043670107267e+02
-3.895984936945230857e+02
-5.115216253746591519e+02
-4.662047725951898656e+02
-5.937358735237609153e+02
-3.341438999030261243e+02
-4.106490456147668624e+02
-4.549736003040396781e+02
-6.892768598715259714e+02
-2.262815320209381014e+02
-7.448443137840704367e+02
-4.285761687252766023e+02
-4.686232650303797982e+02
-7.240680329090217811e+02
-5.595737086142891030e+02
-5.162039581177780292e+02
-5.312741263270270338e+02
-1.786666696888010790e+02
-5.110875063790481363e+02
-8.830725662004043670e+02
-6.555424680567097084e+02
-4.884697196031630710e+02
-5.772061922656495199e+02
-6.869792570260445927e+02
-3.513832382957109530e+02
-6.721451893328624010e+02
-5.836525371440416166e+02
-6.915568838978133499e+02
-5.326512511536734564e+02
-5.515702290047594261e+02
-3.888357219682495156e+02
-3.363124126045357229e+02
-7.363737495152926158e+02
-8.304293395238013318e+02
-7.387002720391967614e+02
-3.021539495928747101e+02
-6.200080983409611690e+02
-8.219636377471888409e+02
-2.416075875265114519e+02
-5.392858367743775716e+02
-1.065655687750274637e+03
-6.299412988093367858e+02
-3.377726164125471087e+02
-6.321568468383467234e+02
-1.953205338313842958e+02
-1.409753194626663799e+03
-3.678500764545736388e+02
-3.017659403369647748e+02
-3.427674229996218287e+02
-1.020914431379854364e+03
-5.016840844327473405e+02
-5.894929248198980076e+02
-2.021210472793159170e+02
-5.944394851131334008e+02
-4.447220972010717333e+02
-5.398434069769684811e+02
-5.384330150549915288e+02
2.866869408099091743e+01
-1.679383576045185578e+02
-2.956058256702184508e+02
-4.494690314410991050e+02
-4.830508727315490205e+02
-6.971424381058975541e+02
-1.180627164811936154e+03
-9.040802452148659540e+02
-1.005827574676666700e+03
-6.266675908119648284e+02
-5.010723652495902911e+02
-1.851875377627138164e+01
-2.630232299715781892e+02
-4.577313175202521620e+02
-5.796592697487565715e+01
-6.296596495380747456e+02
-2.104569496942630735e+02
-3.944665112075737738e+02
-5.634844482078343617e+02
-2.119632345887769134e+02
3.405060530723230841e+02
-1.659373776430034013e+02
-3.753382571943976131e+02
-5.326047635288718993e+02
-2.732754310503947863e+02
-1.168289055961203644e+02
-6.179580801432837234e+02
-4.942096523833251354e+02
-5.326791808197970113e+02
-1.570490986133499973e+02
-1.268968132078301778e+02
-2.301785425949955197e+02
-2.931182524543226577e+02
-3.012474830314858991e+02
-6.137499549265339738e+02
-3.994041613415324719e+02
-1.135081355497538880e+02
-6.981782101992358776e+02
-7.309837392644612919e+02
-4.119269727158182377e+02
-2.596127203576095894e+02
-8.356411071029397135e+02
-8.012837524348555007e+02
-7.399074217943395126e+01
5.066772418622504119e+02
-1.050395461745509920e+03
-3.038454507311811881e+02
-1.200681908647081144e+02
-7.028008581226579281e+02
-6.303145361462555911e+02
-1.253056069547576499e+02
-1.559235222845967996e+02
-3.686272514983591009e+02
-9.160263132517561644e+02
-4.401555323817335648e+02
-2.102424922461706274e+02
-4.787405188138691301e+02
2.788588208832997566e+02
-8.266184981494591284e+02
-5.065242616195660617e+02
3.020163182539778859e+02
-3.688055461629965635e+02
-4.118506870807331097e+02
-8.491031687649432342e+02
-9.189409967979887028e+01
-6.166502623421411045e+02
-5.454578161956690110e+02
-7.017942122460918881e+02
4.571382438236928181e+01
-5.844952226815601080e+02
-4.040770335529579143e+02
-8.467571079009335335e+02
5.091582171989327890e+02
-5.564552734908062348e+02
-6.114782552009867800e+01
-4.988537088422443162e+02
-6.255819719382640187e+02
-4.040998764430867709e+02
1.746252127242456140e+02
-5.997448139991406606e+02
9.070743593153424627e+02
1.760968652394654441e+02
-1.194187193145568244e+02
-1.230686409519367999e+03
3.365465697363632103e+01
-5.174730014628148638e+02
4.142363414805583943e+02
-1.434043277444812929e+02
-6.097772759155421340e+01
-1.989719364121197032e+02
-2.263500058367803263e+02
2.028447742030991208e+02
-6.466395381764965578e+02
-5.815985270913951126e+02
2.857750024799752282e+02
-7.655013803013339384e+02
-1.035511706855779948e+03
-5.175633544404067834e+02
-8.038041519913711852e+01
-2.456842264945029228e+02
-4.012224468685228658e+02
-1.079095810252354795e+03
-6.040022957102337386e+02
-1.593244926585032033e+02
-6.894273451872633132e+02
-8.205127033044952896e+02
-3.713293830143909418e+02
-2.634435610055812731e+02
-5.280292313668766155e+02
-6.336108817922581693e+02
6.670645586794997826e+02
1.947805733405610908e+02
-2.151348366587288865e+02
-4.506470406247353822e+02
3.426839941921958257e+02
-1.165252837025551344e+03
-9.137996886774267296e+02
-1.414087877184722117e+02
-3.630168637776951641e+02
-5.842166677451230044e+02
-5.023608161357618087e+02
-5.532449453177980558e+02
1.950081941016938458e+02
-1.101287828012220189e+03
-2.735632318942593884e+02
-9.371772874548053096e+02
-5.250550119369797812e+02
-5.971297034186084147e+02
-1.576856841369664721e+02
-1.009506463674460122e+02
-3.512704434282222792e+02
-6.768939344720217832e+02
-4.315848572591203265e+02
-1.155857383605540463e+03
-5.483264139209104542e+02
-4.936502447242553444e+02
3.521796834010063435e+02
-4.725562731793692706e+02
2.964039243491709641e+01
6.702623774773317109e+02
3.461721520977946511e+02
-1.077191222097878835e+03
3.052412039653660258e+01
-6.311493750364630841e+02
4.038470242650481055e+02
-8.148921127560852256e+02
5.073636115645733184e+02
-2.846179601306386644e+02
-1.386525149698250289e+03
-9.040560361059836225e+01
-1.128023805292162933e+03
-5.995837846193752085e+01
-3.622387840886240156e+02
-1.330780349106593690e+02
-6.293252595188718601e+00
1.701103943032669576e+02
-5.417042152918617148e+02
-4.541435600264971981e+02
-8.005670477511809224e+01
-6.152424965650673130e+02
-6.818052702388413877e+00
-1.043902633304968731e+03
5.260594390080300400e+02
-5.145114524101230700e+02
-1.135605449626065820e+03
4.040933705972714165e+02
-8.224100940250773419e+02
-8.111265536403683427e+02
-4.667968657398880623e+02
-4.305011960950295702e+02
-4.094503264159319542e+02
-1.439991189866095738e+03
-4.294722887853226894e+02
-2.897154192944852014e+01
-1.411680210846077443e+02
-4.952142476999703149e+02
6.873917262444720677e+00
-1.436338717515667440e+03
-5.471951364293171594e+01
-1.132330549222893296e+03
-3.430817861718025483e+02
-1.312004956832025073e+03
-1.777496794152314408e+02
-8.429544735465445626e+01
5.097962218743487028e+01
-5.104952907521347072e+01
-3.371965933216042686e+02
5.863001080492503547e+01
-2.278246851703418656e+02
-2.059433961351354014e+01
-6.937965974617221718e+02
-1.163362041017690700e+02
-6.360952789966374610e+01
-3.390881652645098825e+02
-6.775368558421291709e+01
-4.101335197585211176e+02
-1.195706895192923156e+02
-1.329631611855211020e+02
-1.852927259451460884e+02
-1.137135353194732943e+03
-2.348881190686081197e+02
-8.724635409408516580e+02
-1.107192443562323888e+03
-4.046035793346678702e+02
-6.371588932917184138e+02
-7.532736070300785514e+02
-9.124145282683638243e+02
-8.928618916069632405e+02
-3.340902103388801265e+02
-7.862692371449194297e+02
-1.941725347917576414e+02
-1.500339935453845612e+02
-4.583861564905967043e+02
-2.463798662338402892e+02
-4.567266056232331266e+02
-7.701421361437343194e+01
-4.577969540726073916e+01
-4.200915318224930388e+02
-5.201990018600665877e+01
-9.697635591440727012e+02
-1.486425534331443941e+03
-7.349517403521678034e+02
-1.301089115741868341e+02
-5.310677967210395991e+02
-6.035605039773874978e+02
3.677483673468680081e+02
-1.132158576619538735e+03
-1.856694909621106149e+02
-5.032359433904986759e+02
-1.047893015241774947e+03
-1.040435223326770256e+03
-1.114381508835578188e+03
-6.471970139310537888e+02
-4.649999185888593729e+02
9.825520070387946703e+01
-5.590147115239730056e+02
1.120641706928666110e+02
-5.625857305406648265e+02
2.721863867020535110e+01
1.776812560766073545e+01
-2.787671848686316594e+02
-5.007617054699747996e+02
-6.325143695192537052e+02
-1.128049368199175888e+03
-7.310712477150607356e+02
-4.677643419693680471e+02
-6.429862259568362788e+02
-5.337031078737423968e+02
-7.012718511070445402e+02
-6.686379862612574243e+02
-6.923450052213361232e+02
-7.753631327807470370e+02
-8.015248093065368948e+02
-1.083821740507922641e+03
-7.842800749137946923e+02
-7.467277819256356679e+02
-4.926914011815014192e+02
-1.099466211530300598e+03
-7.162358394571795088e+02
-3.947724513621069491e+02
-2.174932566799577671e+01
-3.200315562956168947e+02
-5.165908388619634479e+02
-8.280116592138710985e+02
-6.139789463528725832e+01
-5.354536066764649149e+02
-7.486261375525939457e+02
-3.424067596835438962e+02
-3.486750352751843138e+02
-7.544836739933248282e+01
-1.197829115061435061e+02
-2.342974377923485747e+02
-3.184985621239899842e+02
3.038499710796571662e+01
-4.679193382314774112e+02
-4.009563803153093886e+02
-6.122951717047664033e+02
-6.190481180259969278e+02
-1.787030475881892073e+02
-5.533016118278042086e+02
-1.640690429082029596e+02
-1.923122142149165654e+02
-1.315162481763729829e+02
-6.163783788268934813e+02
-2.586143293191505563e+02
-1.737051571739117435e+02
-2.566590548770301439e+02
-3.570974360731568709e+02
-5.001572059847684386e+02
-7.385630885982744758e+02
-7.152396011734981585e+02
-5.350942997354801491e+02
-1.116450765154423379e+03
-4.077675469277447746e+02
-1.574965439732848836e+03
-7.644979276269290267e+02
-1.149928664370668088e+02
-9.416293087507354187e+01
-7.774146098841388266e+02
1.274308550580213080e+02
-5.676831709379953281e+02
-3.663412349024083028e+02
-3.711662014440912003e+02
-9.022219911382771897e+02
-5.888757568510435476e+02
-4.703253007719913512e+02
-2.142013562176441326e+02
-5.289850646255972606e+02
-1.326042018279487593e+03
6.623098865238715405e+01
-9.537184421284231917e+01
1.359896754061736601e+00
-6.748310310884932051e+02
-6.671684525816840505e+02
-1.131696284372075070e+03
-6.863456844982799794e+02
-8.484618499586255211e+02
-6.594101593617767776e+02
-5.987142584768103006e+02
-6.312174368079613487e+02
-2.244880189894908824e+02
-7.219938398208801118e+02
9.903205834575740596e+01
2.072585539923096576e+01
-3.240231753279492750e+02
2.804764555889617839e+01
8.140387863460804851e+01
-5.476729015470208424e+02
-5.318789364252614860e+02
-5.775677937033211720e+02
-6.208376352725382219e+01
-6.610889965641499657e+02
-1.066975525156173035e+03
-1.598869174381263747e+02
-9.478399182972272001e+02
-1.129909002966526032e+03
-1.400396526037603508e+03
-1.147362707162075822e+03
-8.434575907976166036e+02
-8.199037570376717667e+02
-9.700202085377173944e+02
-2.187395411767880944e+02
1.653399760466916177e+02
-1.394459788053177363e+03
-4.938223996655369064e+01
4.810717140793323665e+01
-9.784939143797428187e+02
-8.139758617336924544e+02
-2.429822025852442948e+03
-1.243886044908853364e+03
-1.734352724150913048e+02
-5.629401644601272210e+02
-7.184456199152668887e+02
-7.913864399601986861e+02
-1.807497084342174105e+02
-1.212062963596610388e+02
-6.292986553359924073e+02
-4.338404529326918464e+02
-5.027642360407973001e+02
-4.265960056981077173e+02
-5.850159560482101142e+02
-1.632662402525321340e+03
-7.624970197214715881e+02
1.598835257931433489e+02
-9.082146226302035075e+02
1.507054313303065669e+02
-7.003476114127166738e+02
-3.569090527199497842e+02
-6.229869405987899427e+02
-1.451371696012430903e+03
-1.291293151033591585e+03
-8.968460919841822943e+02
7.628453202500037378e+01
-2.091389970157904941e+02
-5.587281761482330467e+02
-5.974820484088570538e+02
-2.416934938349531876e+02
2.479080226699375089e+01
-1.034586722556307677e+03
-6.519759247973640868e+02
-7.686713539718818993e+02
-1.339584228929179233e+01
-7.217133525760607426e+02
-5.955885114070795225e+02
-6.389269026332251542e+02
-1.877674935763873236e+02
6.458404185067449532e+01
-3.379564298784358698e+02
-1.708856442983359898e+02
-2.836461778978434154e+02
-1.240223740320016930e+02
-5.249491224835301182e+02
3.505976862333426425e-01
-1.042592028847678421e+03
-8.877969705862894045e+01
-3.700726807789079942e+01
5.965787957926153240e+00
-3.379359401631276114e+02
-5.547219117406058331e+01
6.802938671960455963e+01
1.451615940045969921e+02
-6.613649508592576467e+02
3.459483949827566107e+01
-6.298978795454214605e+02
-4.074322465732651040e+02
-5.999872056548792898e+02
-6.725918329780946578e+02
-7.214175065137724232e+02
6.808542047534964468e+02
-2.553696011684082805e+02
7.721927740373904498e+02
1.865042529942895442e+02
3.969256723656132522e+02
4.991054985349495041e+02
-1.157117556632519609e+03
1.130176219018220252e+01
9.147087216773325054e+02
-1.356383419517338780e+02
-9.712681719304835042e+02
-6.557074059008945142e+02
3.103879016201034915e+02
-5.636239088410064113e+01
-3.302830447053237322e+02
-5.960577438605048428e+02
-6.022709460548635434e+02
-1.553643597696461427e+02
-7.122243398981865994e+02
1.238034118066017015e+02
3.980934889460510817e+01
-2.522953448336391773e+02
-5.267823826650954970e+02
-1.255952800244572813e+02
-1.177865756598611426e+02
4.375941217135083150e+01
1.505005697103237026e+02
-1.106699012393817611e+03
-5.746570976171355483e+01
-1.573886987625581924e+02
-1.200085748267400049e+03
-2.673580608366244178e+02
-4.497030343304100484e+02
-4.178104041634434793e+02
4.477756064691504889e+02
-1.060181770930017109e+02
1.396112570021771262e+03
5.811989487133300827e+02
-5.929411917613090282e+02
7.352758547586751092e+02
-1.113757515149425899e+03
4.736370983185927344e+02
-2.098175684227688294e+02
-5.804077234881963250e+02
1.101898613344673663e+02
4.193457454507309023e+01
1.639181363338791471e+02
-1.272627038430632638e+02
-1.405943595997005104e+02
1.907715787486537806e+00
4.557972013951602435e+02
2.814226915278051138e+02
5.285714682904610129e+01
-4.152791356841393622e+02
-5.941843629363896753e+02
-8.749226371098608013e+01
1.030735718579918739e+03
-6.458504295844911667e+02
5.026887668520887473e+02
-3.425746375487185560e+02
-6.353060372762057568e+02
8.857594671381673379e+01
-1.301748883946663909e+03
-6.139717840618334321e+02
-9.405308944948246790e+02
-4.477031333455129243e+02
-5.052931249919706715e+02
1.796260095271361763e+02
4.755658384136748964e+02
-4.883451066925906616e+02
8.738072554259995286e+02
-3.467978638848737916e+01
9.145327757995998752e+01
1.918682917206680258e+02
-7.808711394695535546e-01
-5.235058899289370515e+01
9.186472820728280908e+01
7.750739080253126190e+01
-5.398622700079949936e+02
1.608361874965485185e+02
-1.858681063962127382e+02
-4.421676756077091568e+02
-8.633038494940059309e+02
7.723018673301045567e+01
3.892036899516688209e+01
1.494597839514304383e+01
1.287006121032134160e+02
7.948577917387658545e+02
-6.164450316643851124e+00
4.794662557474428581e+02
5.876130222589554251e+02
1.031375744018185515e+03
4.823076387100848024e+02
5.349098190173276635e+02
-4.650031399178317315e+00
-3.421917415813406365e+02
-5.646952592726330522e+01
-1.628616507432969627e+02
-3.729180761369447055e+02
-3.529880926632512228e+02
1.232674012493655482e+02
6.030460359806355086e+01
-6.408063139577595848e+02
-7.783929207820102647e+02
1.184120365189226504e+03
4.914673884812316373e+02
-3.276198200155779432e+02
5.665979128643159584e+02
-5.114454103369970994e+02
-6.040608030729221127e+02
-4.300084328254351931e+02
5.243564765491361186e+02
-1.114917083746483513e+03
7.825924741042240385e+02
-1.279320702423596856e+02
-1.676410297656492503e+02
1.243170020727691849e+01
4.988229592459819628e+02
-9.314224499810638918e+02
-5.466247841267862668e+02
4.866558676793065388e+02
-9.175729361062934686e+02
8.977013664798441823e+02
-5.424999290386485882e+02
-4.930646118154684245e+02
-4.383826437342894451e+02
-6.203489082977993121e+02
-9.372392588797923736e+02
5.249303379888554844e+01
6.689867502686531964e+01
-1.210095729950723126e+03
-5.263426757371224340e+01
5.304832654927116664e+01
3.613943153453358548e+01
-2.372658407348874334e+02
-3.122697949887352138e+02
-2.072530116483642644e+02
-9.372774322277441570e+02
4.164010622470897260e+01
-2.194670607520029648e+02
9.009284378854766828e+01
-1.263511301719713771e+02
-3.163181688979753972e+02
-1.405584059739152849e+02
3.691163387854849702e+02
-7.904890691832440552e+02
-2.284019838582537432e+01
9.989789490716441378e+01
7.561750525682296598e+01
-4.232577096887904844e+01
-2.050452422518502260e+01
3.941080015297171713e+01
-3.708551395737323446e+02
-6.707922348356507314e+01
-3.556674705811717274e+01
-5.928620208530962827e+02
-9.143405464551441355e+02
5.447523071967918895e+01
2.919718577750357724e+01
-6.109236025793072855e+01
5.868194447182933970e+01
4.435373154072486557e+01
-4.363535719611235209e+01
8.607548115407561795e+01
-2.776194803466188432e+02
-6.105377457919573203e+00
4.292248642273921178e+01
2.751479734075473971e+01
3.569508228909759850e+01
-9.913501705189216864e+02
-5.807618825768792448e+01
-7.980018130307814772e+02
-1.072194339567385214e+03
8.110810606066877426e+01
-1.186026395110755402e+03
1.676734213577626065e+02
-7.486926473287139743e+02
-8.183282159993771074e+02
-9.854270079194134269e+02
-3.106830301965325134e+02
-6.012900152340051818e+02
-9.844667986408836668e+01
-1.894685337827416447e+02
-6.840721748692026267e+02
-7.144796855639312980e+02
-4.980807684441089123e+01
-5.156634763619021555e+01
-3.870380527458610800e+02
-5.098258175122982720e+02
-9.218984936935792120e+02
-3.840470068218453434e+02
-4.895086144306453093e+02
-5.819971591983870667e+02
-4.276206789534967356e+02
-6.679643080593962168e+02
-1.052514963170801821e+03
-1.389046423548116991e+03
-1.744636171666007840e+01
-2.059189113485777511e+01
-1.732516672281573733e+02
-4.495860533573162456e+02
-5.091939073099245547e+02
1.588900788657319367e+02
-1.056222257978323114e+03
8.478059804266054016e+02
-2.503051096992552118e+02
-6.051632891865492638e+02
-3.065350235413963560e+02
9.046489313885820138e+02
2.218537290370337587e+02
6.978114459684904602e+01
1.622073081115224795e+02
-3.227358484854710809e+02
4.657637990554164844e+02
-3.223613673127090919e+02
-1.039270861020822849e+03
2.464478501562899169e+02
-5.947307821178162612e+02
1.062055986319790463e+03
9.934446742733902624e+01
-6.231438099615513693e+02
-3.375908156462648435e+02
1.173408014134810884e+02
1.655685813736783984e+02
-1.890444915472530170e+02
3.667797647071334950e+02
-6.189651974348188332e+02
-9.273053111111540829e+02
-7.861670501335535164e+02
-7.595549535912086867e+02
-3.725132412342655925e+02
-8.803781837095571063e+02
2.224269196337703534e+02
-1.029760046686305941e+02
1.004875339830175562e+01
-6.546822925227286305e+01
-3.537148749867673132e+02
1.032322277027180235e+03
-5.479540038493299789e+02
7.003615223438605426e+02
-5.330382390600964300e+02
1.915478776581483089e+02
-4.956681092131690889e+02
