-2.317926996074724684e+03
-6.691538283133708092e+02
-6.462473923111670047e+02
-5.991736147005623252e+02
-6.462885815686609021e+02
-7.671784307038096813e+02
-7.789913876187405322e+02
-6.681399546596444452e+02
-6.301949362766895320e+02
-6.678362321149168110e+02
-6.350559751602619372e+02
-7.503408926104234524e+02
-7.359517226269330195e+02
-7.127568340129846547e+02
-6.643138442027798192e+02
-6.638328908591577147e+02
-6.604235604353303870e+02
-6.109095984889537476e+02
-6.419135031337006012e+02
-6.046472898087687327e+02
-6.165830243008389289e+02
-6.788545059921618758e+02
-6.364230488526919771e+02
-6.174807880170919816e+02
-7.343350619048135286e+02
-7.133756901440237925e+02
-6.167231052513146778e+02
-7.010787628684810215e+02
-5.149459548359734526e+02
-6.418441596215036498e+02
-5.062880646128032254e+02
-5.947661255557576396e+02
-6.118502096331478697e+02
-6.998072978771741646e+02
-6.873059943436268213e+02
-6.429491289191472561e+02
-6.218562105039238759e+02
-5.438598675010999841e+02
-6.031203046554890079e+02
-5.921817360931577241e+02
-6.415680040519534941e+02
-6.400240218577216638e+02
-6.449805443249701966e+02
-7.386587900501093600e+02
-7.009653657867058882e+02
-5.445094816862030029e+02
-6.397596328695332204e+02
-6.781846608681045154e+02
-7.813153216022042216e+02
-5.309437657199838441e+02
-5.755777146625558771e+02
-6.443507218104653020e+02
-6.551729178670781266e+02
-6.103345812854199721e+02
-6.179474174556630715e+02
-6.704353829687873940e+02
-5.048431778028613621e+02
-6.311108890757644758e+02
-6.830289743555672430e+02
-6.127251586260870226e+02
-7.049257268998912878e+02
-6.095842888700420872e+02
-7.272138691224981812e+02
-6.082030433274943562e+02
-5.383708106040897974e+02
-5.409686081894011522e+02
-6.401738079501279799e+02
-6.805102659142542052e+02
-6.255227490934732941e+02
-6.133526427674366914e+02
-6.502105419588525592e+02
-6.577429798738822910e+02
-7.437995455617929110e+02
-6.697027289221675801e+02
-6.759271533322722689e+02
-7.510053065222979285e+02
-6.457253551536168743e+02
-7.231504611625688312e+02
-5.267487332986448791e+02
-7.206997995654819533e+02
-7.342871454672557547e+02
-6.464944735405281335e+02
-7.304139422071428953e+02
-7.765619075996372658e+02
-7.008580996130240237e+02
-5.082553233940598147e+02
-6.599420860640518640e+02
-7.302875454137246152e+02
-6.937458525113664791e+02
-6.613854768629521459e+02
-6.329574874907386857e+02
-6.985794357793923837e+02
-6.814164819576502623e+02
-6.736789713288889061e+02
-6.418380442831180517e+02
-6.365665758645739061e+02
-5.589652025286013668e+02
-5.360568249629282036e+02
-5.855668722921243443e+02
-7.686768692314099098e+02
-7.381003208174618067e+02
-7.626190257677901627e+02
-5.712532307307686779e+02
-5.763695011912876680e+02
-5.568733507534523142e+02
-6.537828679635217668e+02
-5.104166027620885870e+02
-6.582777261544952125e+02
-6.641026863485758440e+02
-6.687358304277980778e+02
-6.312779237497942404e+02
-7.228301497051439810e+02
-7.169942431051118774e+02
-6.494202951795139143e+02
-6.274702471856621742e+02
-6.155248746649514260e+02
-5.089022651270523170e+02
-6.834623315354119768e+02
-4.911849025800047457e+02
-6.945234613925522353e+02
-6.677063061169886851e+02
-6.789072503400059304e+02
-5.488528413386428610e+02
-7.138984741795404716e+02
-6.468648629333641793e+02
-5.443189100750071248e+02
-6.137993581345896246e+02
-6.666120241206693890e+02
-7.130176248419430749e+02
-7.163620136930012450e+02
-6.646571533913031544e+02
-6.069214812824272940e+02
-6.180743050918861172e+02
-6.941397211492908355e+02
-6.067108539045959787e+02
-6.626411535760117886e+02
-6.508577031059982119e+02
-5.500482414202133441e+02
-5.486527300406189624e+02
-7.274395415789560957e+02
-6.306908782481837079e+02
-6.195774962001348740e+02
-5.632853869129470468e+02
-6.292182745128483248e+02
-7.341631136106045687e+02
-7.534011960158849206e+02
-6.844444783464330158e+02
-6.256390765473219062e+02
-7.167003719194358382e+02
-5.882533153990195842e+02
-6.323542245966774544e+02
-6.955273262233588412e+02
-7.248188631333657668e+02
-6.162549929732874716e+02
-6.536468098738682784e+02
-6.388488535746208754e+02
-6.309240626846043369e+02
-5.946592280238447756e+02
-6.931484683004050567e+02
-6.595749955630406021e+02
-6.361021965674763123e+02
-6.661775461027400524e+02
-6.394915197920470291e+02
-6.865011074649268039e+02
-6.783067473575805479e+02
-6.272192953901727606e+02
-7.061747329024627788e+02
-7.662532924920636788e+02
-5.259691671013707719e+02
-6.295230126971209756e+02
-7.052124864408725671e+02
-7.136348689684751889e+02
-7.047838338411248742e+02
-6.198346601350070841e+02
-7.170590919960563951e+02
-5.980739100924301965e+02
-6.832012435150268175e+02
-7.220174281583084621e+02
-6.569552570268376712e+02
-4.876834326965863511e+02
-5.623116134148245919e+02
-6.482643407681781582e+02
-6.203460226155483497e+02
-6.573739815793767320e+02
-6.674686380072837437e+02
-5.754651947222838544e+02
-6.231997417909423120e+02
-6.592018230435951409e+02
-5.590064918981200890e+02
-7.066558431826964579e+02
-5.498617961281621547e+02
-7.355622749388344346e+02
-5.954707082891767413e+02
-7.079271892292549637e+02
-6.019399314423102396e+02
-6.351845563518178324e+02
-6.074825722061818851e+02
-5.342149914624535540e+02
-6.004813934102058965e+02
-6.912160238888786807e+02
-6.357988712401838711e+02
-7.420416703767185709e+02
-5.025167655624782128e+02
-7.282181663432586447e+02
-6.857755457583829184e+02
-6.967240265488144360e+02
-6.507900125116411800e+02
-6.769560857262611080e+02
-7.026955392125356639e+02
-6.547815338466350568e+02
-5.458031945047966929e+02
-6.945306634167525317e+02
-5.551556041635759584e+02
-7.371370825763291350e+02
-5.670737547958024152e+02
-6.870783805009615435e+02
-6.968665316901830238e+02
-5.750074931399511797e+02
-5.583977304911494457e+02
-6.755225004000694753e+02
-6.514476001748712406e+02
-6.053780262706675330e+02
-6.327313839888411167e+02
-6.375385326312682537e+02
-6.815190373133883668e+02
-7.248115087722378576e+02
-6.510738317355809386e+02
-6.115264460287748989e+02
-5.636140450010027507e+02
-5.803650357733142755e+02
-6.953390236632068309e+02
-6.971597786443850282e+02
-6.892220892887472701e+02
-6.522720160848467685e+02
-6.558003970847407800e+02
-7.187722190984925419e+02
-6.819013212939746609e+02
-5.870285100330818295e+02
-5.987123946983442693e+02
-6.905680589912707319e+02
-6.059125565423848911e+02
-6.083671741875029966e+02
-6.653683413211499555e+02
-6.982242287991269905e+02
-5.297975009063246716e+02
-7.499529922241858912e+02
-7.071857409863963539e+02
-6.753616593108456527e+02
-7.028895138104102216e+02
-6.398846503276732847e+02
-6.677698932776323772e+02
-7.493568808634953484e+02
-6.610109958333146096e+02
-6.658529141825772513e+02
-5.671859188941218690e+02
-6.648812304317966664e+02
-6.070263262178864352e+02
-7.285739465483891308e+02
-7.288364099047245190e+02
-5.492145160675764828e+02
-6.596466735226657647e+02
-6.751533369546075392e+02
-7.652971387023801526e+02
-6.845612906300925715e+02
-5.897082545349187512e+02
-7.425547846579675024e+02
-6.384258598494761827e+02
-7.348199484847277745e+02
-5.161100592373879863e+02
-7.110185998845879567e+02
-7.010912002102385259e+02
-6.525880708707361464e+02
-6.604211718576558496e+02
-6.541396321965514744e+02
-7.045082609213828846e+02
-5.693809343141631416e+02
-6.182159482463699760e+02
-5.690725195334600812e+02
-6.149047787087527013e+02
-6.880828381236218547e+02
-4.865533408809303637e+02
-7.636169863120226182e+02
-6.229056604316044741e+02
-5.807147987807456957e+02
-6.412366467143124282e+02
-7.207636457676632062e+02
-6.782373555846106683e+02
-7.136012471150290821e+02
-6.425278831666854558e+02
-6.243688400148050732e+02
-7.595853362127483024e+02
-6.537500250180266903e+02
-6.028374997422425849e+02
-6.248423919564326070e+02
-6.607678038771234696e+02
-6.271614792554455562e+02
-5.010182545386301740e+02
-6.349464845449007271e+02
-5.606943031712912671e+02
-7.162435409648509221e+02
-7.276280451389121708e+02
-6.351177905698966697e+02
-6.396364809464433847e+02
-7.133257345156507654e+02
-6.414044567516062898e+02
-6.718716003213125987e+02
-6.238938619424243370e+02
-5.838683766344578316e+02
-5.485044533551504173e+02
-6.505106521115127407e+02
-6.703482164484323675e+02
-7.538909117332901815e+02
-5.910083842529548974e+02
-7.485768781575195590e+02
-5.768303841817509010e+02
-6.894463614325388789e+02
-5.934274567202015760e+02
-6.087844794372537081e+02
-6.030094207327047116e+02
-5.662646532479236612e+02
-7.468947335150860454e+02
-6.207131172696944077e+02
-6.761225898234989700e+02
-7.125222800935807754e+02
-6.724657110674012301e+02
-6.391410078437251059e+02
-5.506962598232495338e+02
-6.414253188324116763e+02
-7.745737763840922980e+02
-5.487912601228541689e+02
-6.740431422737414096e+02
-5.794488516090675603e+02
-6.598108837329966718e+02
-6.802262757651989205e+02
-5.949020187706071283e+02
-5.166830736140037743e+02
-5.780606267620776180e+02
-6.281773491961131413e+02
-6.247046579502052737e+02
-6.758568943437655889e+02
-5.661911211963799815e+02
-7.146496617157743003e+02
-6.181348626379365214e+02
-6.366375466317870178e+02
-5.817556597824399205e+02
-6.292740177581721355e+02
-7.517336122616815146e+02
-6.174159326906745946e+02
-7.619256316653471686e+02
-5.823484659252242182e+02
-6.904713074490905456e+02
-7.051268255190002492e+02
-6.557866961985371290e+02
-6.443421758240538111e+02
-6.616775196959295045e+02
-6.764626738869122846e+02
-5.797771737831124028e+02
-7.377776076557246370e+02
-6.506976791354677516e+02
-5.890358834871143472e+02
-5.807001682670339733e+02
-6.508231751321076217e+02
-7.145281118422946065e+02
-5.812217278565930201e+02
-5.149288987699418385e+02
-5.918552427883194014e+02
-6.222240896143083546e+02
-6.544699590477945321e+02
-7.426154055934777034e+02
-5.661064602930465526e+02
-6.634257802886281752e+02
-6.637443619985324403e+02
-6.790790809914426518e+02
-6.605134196749885405e+02
-6.427353078870249874e+02
-5.812645424344534604e+02
-6.532010329242316402e+02
-6.267512721584522524e+02
-5.787688962024944885e+02
-7.505431446471178560e+02
-6.431021477669759179e+02
-6.623761333539156340e+02
-7.257878530580651386e+02
-6.814771394129337523e+02
-5.842861945877247081e+02
-6.794465272401741913e+02
-5.619895654798669966e+02
-6.640398046255962754e+02
-6.312025451888044927e+02
-6.686349349704744327e+02
-6.314408843988638864e+02
-5.402008578086692978e+02
-6.941228550317756572e+02
-6.109394629437833828e+02
-5.761312619703171549e+02
-5.802976219525638726e+02
-5.778470350113923359e+02
-6.081407184169107722e+02
-7.200936638682907187e+02
-6.551691614917082234e+02
-6.964187456196293624e+02
-7.033290779065330298e+02
-6.822802116463902848e+02
-6.601309719066514390e+02
-6.529257185152631564e+02
-7.001490383572840983e+02
-7.089029582422086833e+02
-6.953198303397891777e+02
-6.897649866941806067e+02
-7.678942449585546228e+02
-6.388483905571098376e+02
-6.235853189300058830e+02
-6.575460963213740797e+02
-7.356224520361770374e+02
-6.870330184875482473e+02
-6.497521659494932464e+02
-6.367398213184835640e+02
-5.931555448680024938e+02
-6.150652407882250827e+02
-7.066493453390096420e+02
-6.673654746408443543e+02
-6.417777579538776536e+02
-6.762389570962377547e+02
-7.545263797574683622e+02
-6.997055095104324209e+02
-6.768688435015538971e+02
-7.030360417074543875e+02
-6.839096559019707229e+02
-6.963376698682844790e+02
-6.772635153377079860e+02
-6.819522414196010232e+02
-6.572240704232694952e+02
-6.197560884419024205e+02
-6.586174264087048869e+02
-5.970632959596975979e+02
-6.123928234155589507e+02
-7.019889411465146623e+02
-6.330609346709112515e+02
-6.677005074313613022e+02
-7.232281111880361095e+02
-5.659312305714981903e+02
-6.974904357488042024e+02
-6.668872579147116539e+02
-5.686206160886823682e+02
-6.527233272610772019e+02
-6.502552493573587071e+02
-5.594576313258763776e+02
-7.372855939852693155e+02
-7.474376684217569391e+02
-5.909838121348132063e+02
-5.703179571942192752e+02
-7.346545474877909783e+02
-7.163725456129143367e+02
-6.914126260867794826e+02
-6.206415170449207608e+02
-6.632959901889747698e+02
-6.210077359068408214e+02
-6.662144089596466756e+02
-6.568413222108449645e+02
-5.757895012901992686e+02
-6.737545371294462484e+02
-6.437180487300465757e+02
-5.867126731474305643e+02
-6.263590046088293093e+02
-6.732457685787753690e+02
-7.221931146363074276e+02
-6.152154808789530307e+02
-7.373259122487407922e+02
-6.087214089530765477e+02
-5.770705366810956320e+02
-7.305222291182889194e+02
-6.044757906498085731e+02
-6.484484101636505784e+02
-6.576482033172718502e+02
-6.015034985291890735e+02
-6.719093319047949535e+02
-6.747769646858823762e+02
-6.631337884574523969e+02
-5.420595607164550529e+02
-5.640076824552836570e+02
-7.100789375540081210e+02
-6.243288176228926432e+02
-7.284107605241647434e+02
-5.670924303509455058e+02
-6.250486713764955766e+02
-7.636697811525281168e+02
-5.713432567613172068e+02
-7.046730762425451076e+02
-7.002792304795992777e+02
-5.785461340935760290e+02
-5.450119061169352790e+02
-7.117186285900753546e+02
-6.894376209426013702e+02
-7.704223857324486744e+02
-5.772635130013312619e+02
-7.660402889149055454e+02
-6.304994848374459480e+02
-6.804950400843408715e+02
-7.101296390815424502e+02
-7.107996677747587455e+02
-6.038870296098016297e+02
-7.501338929494511376e+02
-6.841158490470597826e+02
-5.507828248754486822e+02
-5.920887890780768430e+02
-6.021051016388109929e+02
-6.004073606538106560e+02
-6.144879635256154415e+02
-6.426355137808722020e+02
-5.460790893995750821e+02
-7.210503146344181005e+02
-6.887698802659581361e+02
-7.185040229139797248e+02
-6.283376425275067731e+02
-6.683447138083714663e+02
-6.052407703041920968e+02
-5.981941660876856304e+02
-6.015234066221282774e+02
-6.244708798311125975e+02
-6.822039676328391806e+02
-6.676161908760693677e+02
-5.566313779327858811e+02
-6.394237584910151782e+02
-5.655612000661074035e+02
-5.987355828941659865e+02
-6.036350001146645354e+02
-6.227433708980782967e+02
-5.891345707934586926e+02
-5.697978970427769809e+02
-7.231386197619646055e+02
-6.351423522171160130e+02
-6.235343902668597593e+02
-6.969458972928142657e+02
-5.545846074722722960e+02
-6.517404473621705847e+02
-7.022908185464150392e+02
-6.860686373614385047e+02
-7.208490014940026640e+02
-6.446235702122927478e+02
-6.112856274583356253e+02
-5.496743267608605947e+02
-6.193390211107478081e+02
-6.208513607944596515e+02
-6.289527003560825733e+02
-6.141196878807975281e+02
-7.061077004106130062e+02
-6.918574815458407556e+02
-5.471311192580918714e+02
-5.355342873281980474e+02
-6.178638503054285138e+02
-7.019951529695238150e+02
-5.839564189957359304e+02
-4.841676268213544745e+02
-6.803666299865931251e+02
-5.881788091051244010e+02
-6.219580198406819136e+02
-5.964403874596169999e+02
-6.194075637146943336e+02
-6.523165979121239388e+02
-5.695432797296735998e+02
-5.848373810854185422e+02
-6.446018987685662296e+02
-5.982292458311026166e+02
-6.086694602866159585e+02
-5.865962998818484948e+02
-5.935424803924330490e+02
-6.353833163556911359e+02
-6.656463378883426003e+02
-7.016129825080614637e+02
-6.889679928613871880e+02
-6.947999669885015237e+02
-6.434719668642948136e+02
-6.568383168039949851e+02
-6.520416190248968178e+02
-5.445937396578793823e+02
-6.274426334288742737e+02
-6.848801629843148930e+02
-5.656002814633473008e+02
-7.352952680339775497e+02
-7.368548016472136624e+02
-7.417785524905784769e+02
-6.366609067333406529e+02
-6.031178066675498712e+02
-6.883596575309088621e+02
-6.751154237577050026e+02
-5.887276270335537447e+02
-6.116693787457434155e+02
-6.865830056772089165e+02
-5.908363831775199060e+02
-5.645598012725308763e+02
-5.985981071730253689e+02
-6.743313003030227719e+02
-6.347892016591408719e+02
-6.827668566749501906e+02
-6.330099854405716542e+02
-6.684452836430536991e+02
-7.444306681975464244e+02
-7.193248096952589776e+02
-6.699914042175304303e+02
-5.513351408106000235e+02
-5.583428220529525561e+02
-6.359679564826001297e+02
-6.067321073771659030e+02
-6.374733364566327509e+02
-7.439226316762977831e+02
-5.326832322476302579e+02
-5.424704261713104643e+02
-5.964523605046383636e+02
-6.505377221272971155e+02
-6.601170796876115219e+02
-5.725053758800544301e+02
-5.312972487304102742e+02
-5.647533205069795486e+02
-6.468797886956054981e+02
-7.343329120264668290e+02
-7.549015579191549250e+02
-6.122690302618429996e+02
-5.420531608786383231e+02
-5.210040326995971327e+02
-6.883811007001287408e+02
-6.374643591019686255e+02
-7.177803504313208123e+02
-5.051934081906608185e+02
-6.010193210921414675e+02
-6.630292586739346916e+02
-7.172740936646869159e+02
-6.382257937821034375e+02
-5.802372363311885692e+02
-6.589567229865012905e+02
-7.515880288422290505e+02
-5.739587735306228069e+02
-7.088048261484887007e+02
-6.813761702091321695e+02
-4.762968848107250892e+02
-6.220159342540523539e+02
-6.386880332181808626e+02
-7.334621186973840850e+02
-7.428235991374033347e+02
-6.780862374585094585e+02
-5.818479548087619833e+02
-6.562832619775169860e+02
-7.108607683490138243e+02
-7.408821838984058559e+02
-6.310559588737530703e+02
-7.198181451591926816e+02
-6.997687265634223195e+02
-6.674971914195208456e+02
-6.722055250179705581e+02
-6.619468544556431198e+02
-6.568477527235265825e+02
-7.267754911042311505e+02
-7.512024627814885207e+02
-7.106288329706983404e+02
-6.064399766438652932e+02
-7.228609376680432206e+02
-6.913414744230232145e+02
-6.360087219431438825e+02
-6.824711478815406736e+02
-5.848523750084348194e+02
-6.296853366426165621e+02
-6.845058904528366384e+02
-7.124208331298834764e+02
-5.418167043221200174e+02
-6.132554997206570988e+02
-6.887411949050591602e+02
-6.939487292004731671e+02
-7.418035820569918997e+02
-6.307167028124932813e+02
-7.202224444976299083e+02
-6.346286277504995041e+02
-6.703922765847960363e+02
-7.222253382754042832e+02
-5.583609018402680704e+02
-6.401913980460853963e+02
-6.349395228507785305e+02
-5.831742154493289263e+02
-7.480552617367720813e+02
-7.330370853862719969e+02
-7.323252551851610406e+02
-5.709541277137984707e+02
-5.777914122705344653e+02
-6.632225528775663861e+02
-6.367675516892758196e+02
-6.141380768941786528e+02
-6.369415957371900276e+02
-6.198507785205913478e+02
-5.850717215549968842e+02
-7.763426052771170589e+02
-6.933429524224620764e+02
-6.616450580839801887e+02
-6.861922807309700829e+02
-7.159798344281756499e+02
-6.587763341043772698e+02
-6.644717096676993151e+02
-6.649827669172387914e+02
-6.280095006026373312e+02
-5.707346040152272053e+02
-6.237005252056256950e+02
-5.268741712571063545e+02
-6.747427811972313521e+02
-6.592179674597405210e+02
-6.905567078611434226e+02
-6.796138131421685102e+02
-6.806355740909733640e+02
-5.970112366206874412e+02
-7.237120050330246386e+02
-6.469173094768793817e+02
-5.089182246370817211e+02
-5.879340165016343462e+02
-5.634804791340104657e+02
-6.536839459900485281e+02
-7.225557706864498186e+02
-6.094309552380397008e+02
-6.439776448144152710e+02
-6.144330905768416642e+02
-6.792837657964381606e+02
-7.213765734315750251e+02
-6.433040642472499258e+02
-7.084317288614976178e+02
-6.458303730644195184e+02
-5.988686418650488577e+02
-5.422572851993576251e+02
-6.303382381740033225e+02
-6.428392399835433935e+02
-7.173593920899864997e+02
-7.024359657309287286e+02
-6.073513132862410657e+02
-6.827674196503616031e+02
-6.968973578874029045e+02
-6.198696560795228834e+02
-6.514990789434309590e+02
-6.374103567422640708e+02
-7.128318692077211836e+02
-5.802498206352778425e+02
-6.159171529078967069e+02
-7.355467414887203859e+02
-5.726611871754021195e+02
-7.294853042962398604e+02
-6.176621445423144223e+02
-6.660948350149134285e+02
-7.045341277181290707e+02
-6.841800186657690119e+02
-7.688045492472751903e+02
-7.137929751430625629e+02
-7.307661689495579367e+02
-5.884122454593999691e+02
-6.133459148721939300e+02
-7.167242754248279653e+02
-6.502623307345346575e+02
-7.674856763558999546e+02
-5.859978925472407809e+02
-7.262319343211922842e+02
-6.279331711903803352e+02
-6.802065485604189234e+02
-6.814000156507776182e+02
-5.924622534803777398e+02
-7.164677766050181162e+02
-6.393083279501000789e+02
-6.022566319189370461e+02
-6.753437707951794664e+02
-6.093313349199834192e+02
-6.899472424542516364e+02
-6.648248415394405129e+02
-6.245396465870315978e+02
-6.336129856860786731e+02
-6.502711580583388695e+02
-5.705604668590281108e+02
-6.323304665088776346e+02
-6.794468434257244098e+02
-6.418538455325784753e+02
-5.685466823594665584e+02
-6.791542215080970664e+02
-6.394766937176364081e+02
-7.003829474115080984e+02
-6.846764128008710486e+02
-6.057490785276074803e+02
-6.763307684833432631e+02
-7.161215415654777416e+02
-5.482181269991056070e+02
-6.568749006250242246e+02
-5.871785807720646062e+02
-7.388013086962051830e+02
-6.649213967230720073e+02
-5.299466152291446406e+02
-7.838234662138569320e+02
-6.472264270400758051e+02
-6.029876790298371816e+02
-6.562602572415436271e+02
-7.428955528752027249e+02
-6.319439607442300257e+02
-7.234421832567287538e+02
-5.817471178802553595e+02
-5.161725652395566613e+02
-5.976996944975570614e+02
-5.034344006348767380e+02
-6.775848602352255057e+02
-7.164772055462386788e+02
-7.176698844336202683e+02
-6.031279897009725346e+02
-7.005401673613240519e+02
-5.272166528397297043e+02
-7.158103180714248310e+02
-7.497520500715297658e+02
-6.224279185937458578e+02
-5.353293370117223731e+02
-6.621002186499185882e+02
-6.638136137033458226e+02
-7.574863359645889886e+02
-6.406036365816418083e+02
-6.220926609842564403e+02
-6.313513112728998067e+02
-7.092011830181897949e+02
-7.471017313385913212e+02
-6.199725654655209155e+02
-6.592534139158148037e+02
-5.194057931007866955e+02
-7.053585092003240788e+02
-6.663090938252421438e+02
-7.114953216803020268e+02
-6.222211536879119649e+02
-6.186921080084586038e+02
-6.476889002329286313e+02
-5.489252885324804083e+02
-6.118912529010760863e+02
-6.911629169080176780e+02
-5.544844793836994086e+02
-7.146334063589628158e+02
-6.268614339662515249e+02
-6.852713481318960476e+02
-6.154375312085568339e+02
-5.243437870332237480e+02
-6.852120971313579503e+02
-6.941608509577313271e+02
-6.406408488154700080e+02
-6.243637682415462677e+02
-5.912711449788067739e+02
-6.926193055808175814e+02
-5.951144697380956359e+02
-6.348366180906430145e+02
-6.670510020281169545e+02
-6.338224293672748217e+02
-6.046965547778548853e+02
-6.841498809655901141e+02
-5.551338942983544484e+02
-5.520337500648167861e+02
-7.173488370472094857e+02
-6.996461312953927063e+02
-6.989686875913778294e+02
-6.749510308505566627e+02
-6.120402639665476272e+02
-6.235980967324635458e+02
-6.438853191904527193e+02
-6.229008071419111729e+02
-6.518631063462543125e+02
-6.341562761153940073e+02
-6.790699412300041331e+02
-5.830627254006792555e+02
-6.129047165598467473e+02
-6.834991440672320095e+02
-6.685762022661306219e+02
-6.381419741984019538e+02
-7.014939721741633321e+02
-6.482079340017204458e+02
-6.726416313290948210e+02
-6.261298845650096609e+02
-6.440753254782729300e+02
-6.813937229358818968e+02
-6.387884646066443111e+02
-6.852834766572896115e+02
-6.247589778789561024e+02
-7.168543742691183525e+02
-6.369253015233005044e+02
-7.070216673808628229e+02
-6.528896864270609512e+02
-7.601619481432086332e+02
-6.104523400412635965e+02
-7.536091862392187295e+02
-6.600849320198396981e+02
-5.917124121723671806e+02
-6.574766865308134811e+02
-7.026802157584163524e+02
-6.294527884333522252e+02
-6.379720006357633793e+02
-6.899572422084605705e+02
-6.109408736362702257e+02
-6.974737704060123633e+02
-5.577613099528003886e+02
-7.043260233524441674e+02
-5.762769580397929303e+02
-7.244311350291783356e+02
-5.784538753745434860e+02
-6.990319004557245535e+02
-5.902595467996314937e+02
-5.910744964673930326e+02
-6.654267291935667572e+02
-7.083439644082459381e+02
-6.200156816146998153e+02
-6.000518014869535364e+02
-6.245268557835939873e+02
-7.191975212427697670e+02
-6.593804605382166528e+02
-5.872834564060402727e+02
-6.268242440075925970e+02
-6.754631467355583254e+02
-6.441930497147362757e+02
-7.098814814050840596e+02
-6.641523714464941577e+02
-6.096930260655618667e+02
-7.450424678918847121e+02
-6.353207118504226401e+02
-7.319714764007020449e+02
-6.554631678040973384e+02
-7.399942395241000668e+02
-6.404713566494348242e+02
-6.622891604253451305e+02
-6.807486091845918281e+02
-6.053046719928817083e+02
-6.813525431967309487e+02
-6.794011210019067448e+02
-7.008866244245831467e+02
-5.628957157956363062e+02
-7.153800700685388847e+02
-6.760217790829775595e+02
-5.739209003852660089e+02
-5.864239552842313969e+02
-7.590004618873772415e+02
-5.924909951875754359e+02
-6.706444399564596779e+02
-6.156543590717146799e+02
-6.999271578188889862e+02
-7.461574962160207178e+02
-5.299088449275733410e+02
-7.639874459172236811e+02
-6.282956428438621970e+02
-6.531815280441416007e+02
-6.548830291304483353e+02
-6.781554978627500532e+02
-5.824489023552458775e+02
-7.283924821749136527e+02
-7.191728635384283734e+02
-5.995846044698671449e+02
-7.264536369462718994e+02
-6.645758571141747097e+02
-6.332213525699827414e+02
-6.332547141508777031e+02
-6.742346807828236024e+02
-6.162921464484345506e+02
-6.422437534862611983e+02
-6.878915803590813312e+02
-6.450410133477273575e+02
-5.540301503907746792e+02
-6.668735970040471557e+02
-7.523284078032767184e+02
-6.582329646098659168e+02
-7.038608059045229766e+02
-5.946953919503482666e+02
-5.676491127338903198e+02
-7.556507126506227223e+02
-7.219059331623589060e+02
-6.772660171476034066e+02
-7.739922720658362323e+02
-6.044843509262408361e+02
-6.458895518160968550e+02
-5.202368522054607638e+02
-6.377820758179540235e+02
-6.566305075000102534e+02
-6.219183653893909423e+02
-6.890670679471329549e+02
-6.113565522624915047e+02
-6.530665430063179429e+02
-6.721584534758399059e+02
-6.778601735053003949e+02
-6.353337161445102765e+02
-5.708266045905080546e+02
-6.260050396589510910e+02
-5.132871367584594964e+02
-6.762621955284998876e+02
-6.628565294944859261e+02
-6.162435676764680466e+02
-6.074548186192082539e+02
-6.206821781999336736e+02
-6.548020383102171991e+02
-5.670168943767046130e+02
-4.891276639820965784e+02
-5.895999559498001190e+02
-7.068832528753445104e+02
-5.706249907891881321e+02
-6.747477914653348989e+02
-7.084583654815066893e+02
-5.864070068979265216e+02
-6.459722110716691077e+02
-5.108221764053055267e+02
-5.911977559777853912e+02
-7.074767780883469186e+02
-6.695148722789724616e+02
-6.530873871934871886e+02
-6.096660811554124848e+02
-7.400642445893657850e+02
-6.227538173110187927e+02
-7.149232278356981851e+02
-7.779552065902416871e+02
-7.332931562368224832e+02
-6.565535651318979262e+02
-6.970545202472255824e+02
-5.499797820651483562e+02
-5.953558001482731470e+02
-6.721095340486531313e+02
-7.088117961502758817e+02
-6.539583489505512262e+02
-6.807502206547334254e+02
-7.137742161811786445e+02
-5.330966875968865679e+02
-6.563952253615149175e+02
-7.073931491208229545e+02
-6.178627113514438634e+02
-6.436166137908735436e+02
-6.563421963980833880e+02
-6.363980831290435844e+02
-7.254776995918123248e+02
-7.350745886288706288e+02
-5.729118298362769792e+02
-5.115351334564253420e+02
-6.338888520243577887e+02
-7.057081425186972865e+02
-6.882095487073348750e+02
-6.537550340021034572e+02
-6.813395625087910048e+02
-5.987014737358797447e+02
-6.781750627337501101e+02
-7.757424754915587073e+02
-7.228197701665560544e+02
-5.059776942135677018e+02
-5.171776470193581190e+02
-6.751832881620549642e+02
-6.494263340420716304e+02
-7.261323775170983481e+02
-6.719108378766763963e+02
-7.375671891494073407e+02
-7.016991976567851452e+02
-5.838015721463701766e+02
-7.035495541977315952e+02
-6.334976799511063064e+02
-6.755073774535096618e+02
-7.033657682879721733e+02
-5.387677642405536744e+02
-6.909919048476785974e+02
-6.874829739035679950e+02
-5.513700551385352355e+02
-5.623993498370761017e+02
-7.707463632952249100e+02
-6.093964334073262989e+02
-7.608959247894902092e+02
-6.360882156168530628e+02
-7.572400254717969119e+02
-7.046418176712880950e+02
-5.805558148929862909e+02
-5.708267786536782751e+02
-6.419260573338196991e+02
-6.369281169740947917e+02
-7.608899617756449061e+02
-6.416902473440053427e+02
-5.630997236414231111e+02
-6.704683225824782085e+02
-5.424771479431174157e+02
-5.588746157092446083e+02
-5.353471310733903010e+02
-6.357044168135598738e+02
-6.503511953225239495e+02
-5.560745549062603459e+02
-6.589007792912411787e+02
-5.769668812889599394e+02
-5.543134934233936519e+02
-5.575970088272295015e+02
-6.108235678115033807e+02
-6.621813810962252091e+02
-5.449620885744002408e+02
-6.080308370653680186e+02
-6.205509213208738402e+02
-6.459208727150406730e+02
-5.709003011070569755e+02
-6.498378809362016000e+02
-6.446810112731518529e+02
-5.924173259672090808e+02
-6.342095701841872142e+02
-6.808172534622420926e+02
-6.673574483300485554e+02
-6.547642872319870548e+02
-7.062258116384846289e+02
-5.840415766506077944e+02
-7.029393487471238586e+02
-5.712596072190067389e+02
-6.638073487499989369e+02
-6.226287219536030761e+02
-6.492300144247612934e+02
-4.889563262916986446e+02
-6.709305814925031655e+02
-6.571472445670846128e+02
-6.155252140033719570e+02
-5.972946036465204998e+02
-5.964788083832372649e+02
-6.414407556853367396e+02
-7.697070132282779014e+02
-7.341463733140299155e+02
-5.419941130037590256e+02
-6.728117874395292120e+02
-6.437915054569389213e+02
-7.047302576298623080e+02
-6.324041502867296458e+02
-6.473434683252971809e+02
-6.886103486637814513e+02
-6.023677293484172424e+02
-6.269572722126735016e+02
-6.457863888918800512e+02
-6.450245668444085823e+02
-7.279961466369876462e+02
-5.925890409889334478e+02
-6.131528390757148372e+02
-6.709791916733715880e+02
-6.826582350486977475e+02
-6.323240820295005733e+02
-6.942010674887071673e+02
-6.481171343152644795e+02
-6.586302668401240226e+02
-6.228917731242456739e+02
-7.032895391684972992e+02
-6.822701613927539483e+02
-6.638801764070376521e+02
-5.930400375185297435e+02
-7.242201101237193370e+02
-6.958090538582978297e+02
-6.177392066041746830e+02
-6.314984776714341024e+02
-5.811362515024336517e+02
-6.014853331663667859e+02
-6.312253215005487164e+02
-6.620584993452050639e+02
-6.730913614408982539e+02
-5.841711700861585541e+02
-6.055693752078630041e+02
-6.991091977425269306e+02
-5.098163664043180461e+02
-6.306489559015956274e+02
-7.635417503512737767e+02
-6.891101812094539127e+02
-6.468295855322406851e+02
-5.732261354318951589e+02
-6.501269970437120946e+02
-7.146105905967816625e+02
-6.565375708281699190e+02
-6.413543742008133677e+02
-7.518811599576041544e+02
-7.015573689094161409e+02
-7.403770269527423125e+02
-5.880901463519026038e+02
-7.449542033520001496e+02
-7.177656187929220550e+02
-6.528001503174291429e+02
-7.037574332043805043e+02
-5.771329529674301284e+02
-5.567251508269580427e+02
-6.785463353800929553e+02
-6.252317818284268469e+02
-6.186867917343200816e+02
-7.174582944669144808e+02
-7.016323422383480874e+02
-6.961822879845336729e+02
-7.152457998294224808e+02
-6.560521544533183942e+02
-6.999444668508872383e+02
-6.204450601416477866e+02
-6.805059872528231608e+02
-5.931147943056828353e+02
-5.773717030541570239e+02
-5.495878626107219134e+02
-6.496893414238091964e+02
-6.881785540987195873e+02
-6.460777720912201403e+02
-6.643212577889429440e+02
-6.117247877805016287e+02
-6.148192743666346587e+02
-6.435565475109643785e+02
-5.928882774355244010e+02
-5.178980119823652331e+02
-5.348758856670269779e+02
-6.214754676430169411e+02
-7.661403373380833273e+02
-7.044522034037040612e+02
-6.740875371845852442e+02
-5.863152545859230713e+02
-7.131752846115954299e+02
-7.421972733936729583e+02
-5.081273815244761636e+02
-6.877924562049795441e+02
-6.999725226744138808e+02
-6.571211050471813451e+02
-6.616299883963741877e+02
-7.029052343573962389e+02
-6.826377565544523804e+02
-6.677793253180113879e+02
-6.671195548466657783e+02
-6.361452931639829558e+02
-6.728879218633790060e+02
-5.585944982677024200e+02
-6.291821145416708987e+02
-6.550788035550311861e+02
-6.559189858792733503e+02
-6.771167277393287804e+02
-5.635460095243873866e+02
-7.118473242059559425e+02
-7.085081629424556695e+02
-6.937126200354700813e+02
-6.840373834417044918e+02
-7.198811401261908713e+02
-5.228991752256562222e+02
-6.078228073788441179e+02
-6.362291772468962563e+02
-7.516051672832811619e+02
-5.859061395983572993e+02
-6.976512214067697641e+02
-6.612120908334951537e+02
-6.305531624029589466e+02
-4.802628002703019661e+02
-6.979272559774302636e+02
-7.008490609513996787e+02
-7.257266837704231648e+02
-6.252830275861158498e+02
-6.060466644655330128e+02
-6.081366037170286063e+02
-7.131667309000222303e+02
-7.023194950496026649e+02
-6.984896478555498334e+02
-5.977402553400210081e+02
-7.373718792824488446e+02
-6.722322105056134660e+02
-6.928401245898464822e+02
-5.563055939676162325e+02
-6.464422475213979169e+02
-6.478029338508237061e+02
-6.301218720808963099e+02
-6.255696987054345755e+02
-6.498315801820875777e+02
-6.014375465843551183e+02
-5.674917974413111779e+02
-7.388385278692340989e+02
-5.886733908300279836e+02
-6.566115658055928179e+02
-6.851873217764762103e+02
-7.045610531554308409e+02
-5.847263790287476013e+02
-4.910049382248903953e+02
-5.067614972739697805e+02
-6.714456150709986559e+02
-7.261694796264582692e+02
-6.735376992513549794e+02
-5.962041120958388092e+02
-6.425175662841122630e+02
-6.922203242422431231e+02
-6.212176531017715888e+02
-5.844212272098892527e+02
-6.173248713564928494e+02
-6.461521795204533873e+02
-7.357440860033204899e+02
-6.439176191851518070e+02
-6.584952564394719730e+02
-5.332902916921450469e+02
-6.198292669346076309e+02
-5.884271782098171570e+02
-5.411748442680368498e+02
-7.308773250380000945e+02
-7.080998955054209318e+02
-6.645471884216888157e+02
-5.502329536483090351e+02
-7.083623739317899890e+02
-6.782596149685875844e+02
-5.767003473788768133e+02
-6.379292969951814030e+02
-7.040427475562307791e+02
-7.358799657341626244e+02
-6.590194523626548744e+02
-6.057174900698385045e+02
-6.762262091602653982e+02
-7.082708961673373551e+02
-6.379037450253695170e+02
-5.789855735237716772e+02
-6.072667368385136797e+02
-7.388102283769683254e+02
-6.373826951433059094e+02
-4.663424188668813599e+02
-6.391064691591742530e+02
-6.871951961446770838e+02
-6.621690190709709896e+02
-6.817567287313673887e+02
-6.606849439588465884e+02
-5.376938614810128456e+02
-5.911976113625637481e+02
-6.268763945579976280e+02
-6.384683337316116649e+02
-5.265148347310316694e+02
-6.741381373847317491e+02
-7.174254659117078745e+02
-6.903390719014693104e+02
-6.994228349625775536e+02
-7.445372001511460667e+02
-5.600014616711815734e+02
-5.323294395374440455e+02
-6.299515652826528367e+02
-7.246062528048198601e+02
-6.864668903948327170e+02
-6.112244282552712775e+02
-6.909975039704189612e+02
-6.809843116386405200e+02
-6.641056101444452224e+02
-6.282427724009060057e+02
-7.094922431078002774e+02
-6.023060167790753212e+02
-7.318727286384552144e+02
-5.697610911462774084e+02
-5.937770798244939670e+02
-6.219616201273673823e+02
-7.249203592743550644e+02
-6.766075090553077871e+02
-7.395167505486652999e+02
-7.041800721711507549e+02
-6.642708608196868454e+02
-6.198378081818955252e+02
-5.279603999390867557e+02
-6.747114344583524144e+02
-6.909791455328427219e+02
-7.147944924298622027e+02
-7.400115835694747375e+02
-6.407239044628621514e+02
-5.509923634226487366e+02
-5.986161253175711181e+02
-6.209780155281066527e+02
-6.009442212640944945e+02
-5.842403833038531502e+02
-6.057279794423554904e+02
-7.588926857463692386e+02
-6.598178645675100142e+02
-7.063453243889308624e+02
-5.798551294377795102e+02
-6.406534777622897536e+02
-6.793955416282013857e+02
-7.110790234291276875e+02
-6.484264595317822568e+02
-6.246990998849656762e+02
-6.683351877664080121e+02
-7.009230523290071915e+02
-6.758134335133497643e+02
-6.139805622568967465e+02
-5.697514744960884627e+02
-6.510948251542808976e+02
-6.935111984822489148e+02
-6.645780145721399776e+02
-6.541919820854702721e+02
-7.140757566510224024e+02
-5.365132721483332716e+02
-6.668000510840529387e+02
-6.668359148752431338e+02
-7.000813704787149163e+02
-6.790376871799860510e+02
-6.722304983394648161e+02
-7.138764849787906996e+02
-5.963990691511761497e+02
-7.389287842173640684e+02
-6.808040595862765940e+02
-6.900233616500627249e+02
-6.381248412861696124e+02
-7.033272839785345241e+02
-6.936978789774086636e+02
-7.014774860743874569e+02
-5.885067832415315934e+02
-5.948693702192299497e+02
-7.176685317671193616e+02
-7.117393884595614963e+02
-5.852652744684852451e+02
-6.400969435223551045e+02
-5.794462707746826027e+02
-7.245512716185012323e+02
-7.201768069026088597e+02
-6.593226242087821447e+02
-6.640468785257280615e+02
-7.357974618676641967e+02
-6.283296547255843052e+02
-7.115791558056731674e+02
-5.504713027821942433e+02
-6.243267366555297713e+02
-6.690347278874272661e+02
-6.341159132684981614e+02
-6.354210531180174257e+02
-6.389191588143534091e+02
-6.685012100433208388e+02
-6.921967638699403551e+02
-6.923548195417661191e+02
-5.503309855757187279e+02
-6.620719528729214289e+02
-7.659906728028436191e+02
-7.334190538543539333e+02
-7.286255859372664645e+02
-5.994685300990965970e+02
-6.967048599186800857e+02
-7.135638189200453780e+02
-6.230923291624191052e+02
-5.351367500813968263e+02
-5.886017863563424726e+02
-5.821261307718076523e+02
-6.637174209847904649e+02
-5.214284372659034261e+02
-7.576218075902617102e+02
-6.350289560331366374e+02
-7.418925823856628767e+02
-6.675266777955117732e+02
-6.334985412453845584e+02
-6.586221970327467261e+02
-6.652202463719859225e+02
-6.488005287611678114e+02
-5.781771807090904076e+02
-6.983769676282929595e+02
-6.535416997431512982e+02
-7.340563105574757401e+02
-6.064988296171617321e+02
-7.635222956020802485e+02
-6.495811806190051811e+02
-6.113388239937214621e+02
-7.055624806830996931e+02
-7.689308921518189663e+02
-7.482035643475614961e+02
-5.028536790378272485e+02
-5.481556954694609658e+02
-7.161125704808727050e+02
-6.774266175240843495e+02
-6.860002699447696841e+02
-6.518871225713273816e+02
-6.762130388915106778e+02
-6.630252054253660390e+02
-4.998371834060490073e+02
-6.431267491774206064e+02
-6.477565405014767066e+02
-5.774114877881726215e+02
-6.849645315922640521e+02
-6.524636652428699790e+02
-6.647116419024913512e+02
-6.300894972541103698e+02
-6.819477107410242525e+02
-6.307328752366247500e+02
-7.670688044263404208e+02
-4.820153803800949390e+02
-5.991284562027553875e+02
-6.839631265211687605e+02
-7.417288017219379981e+02
-6.127373693907280767e+02
-5.832122424101052047e+02
-6.938575389327083940e+02
-5.780129793023993443e+02
-5.743952584568564816e+02
-6.071162361336871527e+02
-5.576251548893740164e+02
-6.325778327215997479e+02
-5.964748635948301398e+02
-7.112098710233522070e+02
-6.974959901046681807e+02
-6.677746464469398688e+02
-6.648079462661322623e+02
-7.072445456853336054e+02
-7.415325136909870025e+02
-6.628474426781933744e+02
-6.437992663227752246e+02
-5.597604008396054951e+02
-6.875796992124793405e+02
-6.864232570559062196e+02
-6.461220657540856109e+02
-6.726114483504550208e+02
-6.580453049787788586e+02
-5.984791886235532274e+02
-7.248899469719553963e+02
-7.320867351070261293e+02
-6.833665188704723050e+02
-7.375292433573905555e+02
-6.783429326432293465e+02
-7.612389399497867544e+02
-7.283069102031450939e+02
-6.444402422304159472e+02
-6.259803393085098833e+02
-6.813059134394216017e+02
-6.876239475878227267e+02
-6.494343169523070856e+02
-5.389070962762828003e+02
-6.400829678741048383e+02
-5.935801517003993695e+02
-5.676937201418999166e+02
-7.163406364734051976e+02
-6.686111208762158640e+02
-7.157951855947864033e+02
-6.180594079016289015e+02
-6.612136326825454944e+02
-6.452973299138537868e+02
-5.568295820896370287e+02
-6.531527745491395081e+02
-7.346528651355704369e+02
-6.415005711038227219e+02
-5.203195139818094503e+02
-7.403695902183654880e+02
-5.517543427052082734e+02
-7.137467286668291990e+02
-6.337169411074042955e+02
-6.123553991510976857e+02
-6.594130838837542115e+02
-6.528655798573380480e+02
-6.002481423975527832e+02
-6.337895633190050830e+02
-7.630071782743368658e+02
-6.434963774468676547e+02
-7.129101101543972163e+02
-6.774284839430255261e+02
-6.818187823751593442e+02
-6.284226810533756407e+02
-6.403866418716124826e+02
-5.896545563093001192e+02
-5.931656627936674795e+02
-6.629933259224769699e+02
-5.933304135011630933e+02
-7.620716582161537644e+02
-6.168635840684279401e+02
-6.548071525198668041e+02
-7.348998564620600291e+02
-5.222335746999301591e+02
-5.578261822696346144e+02
-6.048631060043497882e+02
-6.463129815859529117e+02
-5.933623798373934051e+02
-5.933076035865299218e+02
-7.038068604445682013e+02
-5.124217177210484806e+02
-6.946521396822848828e+02
-6.837517482741683352e+02
-6.821298914833755589e+02
-6.888964436455958094e+02
-6.808108240105547111e+02
-6.421236931567780175e+02
-5.865089525964799577e+02
-6.818967159240758065e+02
-6.772212681571252233e+02
-5.674673321351265258e+02
-6.138959773942074207e+02
-5.963921178204793705e+02
-6.499608299180972608e+02
-7.103082877393974286e+02
-7.396586179532862388e+02
-6.389714161747177741e+02
-7.378659867868067295e+02
-7.180106187383072438e+02
-6.721615850292288314e+02
-7.246929678493695519e+02
-6.186131349870963732e+02
-7.104831093311021277e+02
-5.978617070007528582e+02
-7.207825397466349386e+02
-6.653125815428528540e+02
-6.533331842689015048e+02
-6.048157554796932800e+02
-5.882974803916886231e+02
-6.593320454584322761e+02
-5.073882849546643001e+02
-6.967608881520795876e+02
-6.647513810888547141e+02
-6.233421969544458534e+02
-5.874828979198716752e+02
-7.056012112235263203e+02
-6.537876664887730840e+02
-6.488913850640856253e+02
-7.277052868108220309e+02
-6.437217944485952330e+02
-6.453320560175824312e+02
-7.270034641420394337e+02
-6.037512703913502037e+02
-6.665748070046530529e+02
-6.173739680952464823e+02
-5.707325986707622860e+02
-6.806530486616147755e+02
-6.657223438041572763e+02
-7.485429122067514527e+02
-7.165154213506660881e+02
-7.218102523479527690e+02
-6.545500839587986093e+02
-5.941517775592722046e+02
-6.173325062273602271e+02
-7.714019552641913151e+02
-6.539123570096023741e+02
-6.763513533820123484e+02
-6.085337276537665048e+02
-6.626053364634796026e+02
-6.540343154840641091e+02
-5.626319340711245331e+02
-6.570113526608683969e+02
-5.745274291829692856e+02
-6.829380285445664640e+02
-6.126511608138162046e+02
-6.292293782766821550e+02
-6.722215183600304726e+02
-7.446235620458687663e+02
-7.084371141854378493e+02
-6.379858788968318777e+02
-5.755646440469122354e+02
-6.790210182280784466e+02
-5.454121555744812895e+02
-6.478342525903000251e+02
-5.959933008718271594e+02
-6.737674750581794569e+02
-6.777998317821241017e+02
-6.088035835410447589e+02
-5.556794860478185001e+02
-6.146207749359778063e+02
-6.868548214801153335e+02
-6.410901041089972523e+02
-6.602465057426675230e+02
-6.274231197988232225e+02
-6.611105962164876928e+02
-6.131545964595195528e+02
-6.903908525410133734e+02
-6.814028458021120969e+02
-7.071018155529520754e+02
-5.275794728158813314e+02
-6.039483495804743143e+02
-5.269761414306273082e+02
-6.725375291432090989e+02
-6.733071277166923210e+02
-5.485548893003146986e+02
-5.807623237996399439e+02
-6.836795600524849306e+02
-6.489893231877667858e+02
-6.374929407599727256e+02
-6.846801133063868292e+02
-7.685651965780509727e+02
-6.115857755010321171e+02
-5.945029476874922238e+02
-6.550614364304690298e+02
-6.433824614837443505e+02
-6.527109148047909457e+02
-5.680860062012378648e+02
-5.444164378144548664e+02
-6.504667553775195756e+02
-6.247976898880355066e+02
-6.737743493700671706e+02
-6.504071575096151037e+02
-5.782840179229049227e+02
-7.168669029697058477e+02
-6.510091360668341167e+02
-5.879602364178580274e+02
-6.778319566945428960e+02
-6.777222838179603741e+02
-6.096260369815820468e+02
-6.285178392293100842e+02
-6.830798779796955387e+02
-5.641187169981465104e+02
-6.717849708682515484e+02
-6.741591901944159417e+02
-7.006263450300334625e+02
-6.991689183862783921e+02
-6.134870303638454061e+02
-5.330552183966708526e+02
-5.606320617779530266e+02
-6.840836208249046422e+02
-6.162890570681125837e+02
-6.972242733129841099e+02
-6.178009236364880508e+02
-6.433653640371547908e+02
-6.555441021827398345e+02
-7.218037035358275944e+02
-7.373820357630997933e+02
-6.115547194703632385e+02
-6.407885837168834087e+02
-5.672849919673726617e+02
-6.190801248955428946e+02
-6.307822760871034689e+02
-7.591985267535308139e+02
-6.635043943384171143e+02
-7.425578821941415981e+02
-6.462073629761916891e+02
-5.564190412743831757e+02
-5.341327499692599758e+02
-6.455246355965434759e+02
-6.507488188695529061e+02
-6.108494858457313512e+02
-6.909586809029696042e+02
-6.386232513536033366e+02
-6.397082961967396386e+02
-6.988033907315880242e+02
-5.905630839752467409e+02
-5.611415700080465285e+02
-6.004416418625457936e+02
-5.467072676356390275e+02
-5.793711867760562200e+02
-7.188251120796257965e+02
-7.402712930873826735e+02
-5.765326493306589555e+02
-7.215679263843560420e+02
-6.141409465205261995e+02
-5.869508723347053092e+02
-5.640847785327152906e+02
-6.239806337250001889e+02
-6.547249156267413355e+02
-6.143576907857287779e+02
-5.941396057253349454e+02
-7.175352532148964428e+02
-6.255543713482757084e+02
-5.467408256187429743e+02
-6.778446059847458400e+02
-7.299289165084941260e+02
-5.843177229070205385e+02
-6.283506482018992756e+02
-5.754683593910546051e+02
-6.588503823229979162e+02
-7.281805338143713016e+02
-6.665643734139378012e+02
-6.736649099372964429e+02
-6.195973953161394547e+02
-7.453876260855274722e+02
-7.047119588224437621e+02
-6.267898614207015271e+02
-5.383675430920612826e+02
-6.003918511252149983e+02
-7.221449588327910760e+02
-6.524190697776995194e+02
-7.370744873096467700e+02
-7.611487015196879611e+02
-6.411598383175451090e+02
-6.200961253956490964e+02
-6.936203634483986207e+02
-5.345782185977038807e+02
-5.856441975433268681e+02
-6.112228923628114217e+02
-6.688993236960949389e+02
-5.719505339384646732e+02
-5.582807834567475993e+02
-6.942524782812661215e+02
-5.891049840062519252e+02
-5.880269341204869988e+02
-6.323872298986755141e+02
-5.866832954759412360e+02
-6.757941088004397443e+02
-6.498870722304909577e+02
-6.336600673299950586e+02
-6.118770819144338020e+02
-6.312132241068250096e+02
-6.233037750407140720e+02
-5.424148633646087774e+02
-5.825716541747619885e+02
-6.666317198710161165e+02
-6.519312398409562093e+02
-6.001387309383383126e+02
-6.044916060161611995e+02
-5.357067893209250542e+02
-6.648872732760769395e+02
-5.737589420754063667e+02
-6.856669136583091131e+02
-6.665943825156650746e+02
-6.649297386712844400e+02
-7.187737779953839663e+02
-5.840614574683417004e+02
-5.384227299902097457e+02
-6.619117809070002068e+02
-5.699662481035192059e+02
-7.318545951442323485e+02
-5.547940140073578732e+02
-7.375766119967825034e+02
-6.194214105138278228e+02
-6.116195513552104330e+02
-5.990753564926858417e+02
-7.138882095743200580e+02
-7.543992776835232235e+02
-5.801539404400708690e+02
-5.169718576535549346e+02
-6.210396139186159417e+02
-7.098332692854536390e+02
-6.509374522215933894e+02
-6.650126491919427281e+02
-7.069081378766592252e+02
-7.198281993013721376e+02
-6.370951183675047105e+02
-7.027943030857077247e+02
-6.704347738161252437e+02
-6.841179590935719261e+02
-7.043496518009442298e+02
-6.338982884419845050e+02
-5.600150109432677255e+02
-5.847938720365134486e+02
-7.028900690724080960e+02
-6.628713244694143896e+02
-7.213507399308723507e+02
-5.304544140811227635e+02
-6.748704690126993455e+02
-6.465508463904056953e+02
-6.576800816452038134e+02
-6.145705022054909250e+02
-7.544879683021584924e+02
-7.549295000272405787e+02
-6.247313098444212756e+02
-5.607013316507712943e+02
-6.847109964497376495e+02
-6.965845456936573328e+02
-6.090374233688976346e+02
-6.050811559271394344e+02
-6.077216536828967719e+02
-7.338817781556685986e+02
-6.780704906800555136e+02
-6.242638146207775662e+02
-6.913678450010753522e+02
-6.532256781512917314e+02
-6.567755062726789674e+02
-6.510074446380555173e+02
-6.508025019941537721e+02
-7.064072710980011607e+02
-5.824463781520494194e+02
-6.367949097780558532e+02
-7.042928603899391646e+02
-6.044901537555745108e+02
-6.261536258026635551e+02
-6.261951992623170327e+02
-6.311054522299656355e+02
-6.974547919379101586e+02
-7.014035540504697792e+02
-6.706684553286696655e+02
-6.988885053598236254e+02
-6.202930406783198123e+02
-6.612003225173353940e+02
-6.660653769863525895e+02
-6.792707257985161959e+02
-6.631031650654856548e+02
-6.687792227796279576e+02
-6.970229516410971655e+02
-5.897857116508697572e+02
-6.897672343900181886e+02
-6.440563189864365086e+02
-7.282788328000661977e+02
-6.375767869530037615e+02
-6.774762036624388202e+02
-7.190922211423002182e+02
-6.928103079173700962e+02
-5.959544715427357460e+02
-6.153334896000427534e+02
-6.802917083747076958e+02
-5.925701302671991471e+02
-6.553483188602062910e+02
-6.749342860888497171e+02
-5.990181508960547490e+02
-5.933787561157112123e+02
-6.286831009790424787e+02
-7.687268054446591350e+02
-6.322193651940998507e+02
-7.037740321869600848e+02
-6.902073757920036314e+02
-6.388442753791874793e+02
-6.551555248939844205e+02
-6.919426926843663068e+02
-7.248008979655313624e+02
-7.380155624754529526e+02
-6.961738730491058504e+02
-7.272251562720606444e+02
-6.389346128101370823e+02
-5.876704912509546830e+02
-7.252438613726633321e+02
-6.752459434893190746e+02
-7.354389083991073903e+02
-6.637593872296625932e+02
-7.312400464229680210e+02
-5.745723448203852968e+02
-6.681414453676336507e+02
-5.587391329799042978e+02
-5.582123193701499986e+02
-5.781564163787679718e+02
-7.571306156054949952e+02
-6.237501735148387070e+02
-6.466650045004838603e+02
-6.944986976046892551e+02
-6.259704698504868929e+02
-6.871532162351451234e+02
-6.600066794641278420e+02
-6.866142509888495624e+02
-5.540728078020088105e+02
-6.755709823140948629e+02
-5.696182458667108222e+02
-5.894084135644970956e+02
-6.012339900446130514e+02
-6.030568166523130458e+02
-6.416613041138840572e+02
-6.394880038112926286e+02
-6.985155499558919701e+02
-6.314372263221616777e+02
-6.053333438750825053e+02
-6.617699754031817747e+02
-7.687352671506542947e+02
-7.327813410932566285e+02
-5.845491613287875907e+02
-6.455014208111906555e+02
-6.921427015395338458e+02
-7.675930772223960048e+02
-7.157256112861363135e+02
-6.329333159304294441e+02
-6.213875555264002060e+02
-6.866944612893669273e+02
-6.612165117674584280e+02
-6.478004325035058173e+02
-5.700983897097494264e+02
-6.573973114296676385e+02
-6.439224389834902240e+02
-5.148732300829094584e+02
-6.753945092283311169e+02
-6.451272118230771184e+02
-6.910972094718332528e+02
-6.064067422968442997e+02
-6.169061658075621608e+02
-7.109698616473858692e+02
-6.350617655746428909e+02
-6.044625886985646730e+02
-6.632414349533813720e+02
-6.174003595818787744e+02
-7.139287887260376237e+02
-7.701359738553171610e+02
-7.482433162536345890e+02
-6.020106433830579817e+02
-6.581469939659743886e+02
-5.798037442152872245e+02
-7.675699671972707847e+02
-5.368537749863648969e+02
-6.805485363841631852e+02
-6.712594098279813579e+02
-6.942754739144525047e+02
-6.568047697966716214e+02
-6.881502633837960730e+02
-6.650724696536866531e+02
-7.214612941510566770e+02
-6.766657336773077986e+02
-6.235765109462603277e+02
-6.921906830361224365e+02
-5.747793761716361587e+02
-6.541988523777623641e+02
-7.087222874717352852e+02
-6.571985042067552740e+02
-5.706342958562506738e+02
-7.638034939629260407e+02
-6.399841890690753416e+02
-5.435691066292988580e+02
-6.462680882497550101e+02
-6.622818186703748324e+02
-6.894145918432914186e+02
-6.989371817829552356e+02
-6.139396108398207161e+02
-6.672261162344045715e+02
-5.748541594640742005e+02
-7.054329662332991120e+02
-5.946111424183366125e+02
-5.482648329158301976e+02
-6.202243883081670219e+02
-5.382121541952009238e+02
-7.710924125212463878e+02
-6.603598564832184366e+02
-7.354328347090648776e+02
-5.950958684007367765e+02
-7.251525956640602999e+02
-5.613970576774515848e+02
-6.704730489619528271e+02
-6.459482485603060695e+02
-6.704930816082228375e+02
-6.193084441934659026e+02
-6.801004184838578794e+02
-5.845181105829468606e+02
-5.558102651191798032e+02
-7.085829035854908398e+02
-6.990427926206380107e+02
-5.822325359627134276e+02
-7.086424945575611218e+02
-6.906113622372856753e+02
-6.158551753661573684e+02
-6.011001496800373616e+02
-6.842232165073003216e+02
-5.435086904070205946e+02
-6.204508354878208820e+02
-6.758709963329255288e+02
-6.236043890159428429e+02
-6.659642707257075926e+02
-5.864544819937988223e+02
-6.043444569851363894e+02
-7.712784293201016226e+02
-6.027167590038478693e+02
-5.276540284088913495e+02
-5.955791051232247355e+02
-6.950673357699494090e+02
-6.303630566743892132e+02
-6.481365086934426927e+02
-6.695892931983446488e+02
-6.341561710587208154e+02
-5.946798822051547404e+02
-6.341690302233082548e+02
-6.029329990530575287e+02
-6.944337587519287354e+02
-6.673074926499947424e+02
-6.720396969144205741e+02
-6.776404625145390810e+02
-5.290760331344044971e+02
-6.660724803300812482e+02
-6.179434225287474192e+02
-5.664507963005623878e+02
-6.974736246466451348e+02
-5.275965458354603470e+02
-6.467360400594765224e+02
-5.608333750419035368e+02
-6.641446636267603481e+02
-6.493247543735078580e+02
-6.328059880525688641e+02
-7.568195181232824780e+02
-6.682896490050285365e+02
-6.651137224716937908e+02
-5.841854696222407028e+02
-7.312506432533862153e+02
-6.400729111106392111e+02
-7.168074950363427433e+02
-7.155295684815276900e+02
-5.885314253334321393e+02
-7.193900436582933935e+02
-5.736085967316496408e+02
-6.114825457127138861e+02
-5.672479091311814727e+02
-6.452019046546616892e+02
-5.992021551651912432e+02
-6.119122398431959482e+02
-6.178086829034738230e+02
-7.282779464101693065e+02
-6.681526835436139891e+02
-7.024233679995750208e+02
-5.608109113754914006e+02
-6.753003673677725374e+02
-6.621457191627263228e+02
-6.387869914113903178e+02
-6.835682857913193402e+02
-7.425118670279764501e+02
-6.087488909758779982e+02
-5.908956087239238286e+02
-5.888970131871305966e+02
-6.112378089856015322e+02
-7.307095209105277718e+02
-6.519388278210807357e+02
-5.871735113354257010e+02
-6.240174697675087145e+02
-7.109789411742542597e+02
-5.901910204759294629e+02
-6.488539604953231219e+02
-5.966815274852630182e+02
-5.763208102833829116e+02
-7.058015370568008393e+02
-6.804752842083497626e+02
-7.489961795317896076e+02
-6.299172008645339247e+02
-6.340436565370240487e+02
-6.845390818539863176e+02
-5.886956328882027947e+02
-6.720861960356774034e+02
-6.089749083660883571e+02
-5.520773519151327946e+02
-5.664102038050749570e+02
-6.272176343858559449e+02
-6.320706499812697530e+02
-5.094101738685084797e+02
-5.923468859874939199e+02
-6.389749804421871886e+02
-7.410363047909178249e+02
-7.338514243897895994e+02
-5.991205501573565471e+02
-7.613903892931817836e+02
-6.659703326223502700e+02
-6.138509457983110451e+02
-7.108271372825430490e+02
-7.516913349049184490e+02
-5.282971202201429151e+02
-6.453056880528592956e+02
-6.412040968417323938e+02
-6.356643495892188866e+02
-7.189117713620851191e+02
-7.120169497637243694e+02
-6.030500794107210822e+02
-5.728577435269891112e+02
-5.599950026159407344e+02
-7.298482027574975746e+02
-6.794258491973434957e+02
-6.683523363668999764e+02
-7.716074732640013281e+02
-6.804213101353179809e+02
-6.266691074068351099e+02
-7.468060541504210050e+02
-5.740119758670424517e+02
-6.108295926691509976e+02
-5.856660570058950270e+02
-7.039993461960931427e+02
-5.605106857493667576e+02
-6.881862519137425807e+02
-6.533521538820818932e+02
-7.028368566918902616e+02
-6.351952403079508258e+02
-6.638640761949602620e+02
-5.717897584771981201e+02
-6.724116363080613610e+02
-6.241984497728708448e+02
-5.531040087153371587e+02
-7.327032447959803676e+02
-6.249464281959942582e+02
-6.408555101186659613e+02
-6.058297411298952966e+02
-7.252355818225840949e+02
-6.187145981373479344e+02
-6.716659684380211957e+02
-6.803102977517525005e+02
-6.561037553007205361e+02
-5.771939086460675981e+02
-6.162195994185747168e+02
-6.961154339961575488e+02
-6.168185476948282258e+02
-7.120770682190012622e+02
-6.571088189789577427e+02
-5.834257940068424659e+02
-6.995736483553745302e+02
-6.560119483514687317e+02
-5.690796489059173382e+02
-7.638731511278141397e+02
-6.419241129837189419e+02
-5.817656126545173265e+02
-7.390204414306383569e+02
-7.664298080579517318e+02
-7.404288188716906234e+02
-6.387511620121013038e+02
-7.591079473667917910e+02
-5.917113862305259318e+02
-6.969184746142209406e+02
-5.964235276997550272e+02
-7.226763852583781045e+02
-6.869644936009020739e+02
-6.574032635615857316e+02
-6.868836544712510204e+02
-5.969777213762222345e+02
-7.764137486601796354e+02
-7.132302320161627449e+02
-6.244417707537653541e+02
-6.092039874354371705e+02
-5.397503447705681765e+02
-6.073329566767332608e+02
-6.992218401195140132e+02
-5.927316725288209227e+02
-7.331663031851793448e+02
-6.373818028347341169e+02
-7.053435819059288860e+02
-7.267990770313358553e+02
-7.374467192779750349e+02
-7.088726952579061162e+02
-6.918812477445942477e+02
-6.573400696043199787e+02
-6.570915616402480737e+02
-7.317567918224207233e+02
-6.557992859092566960e+02
-5.658249738361239451e+02
-7.597534700731666817e+02
-6.499442395802100236e+02
-6.097698120887683899e+02
-6.508138497244747214e+02
-6.207523653409676854e+02
-5.896319927739743889e+02
-5.622182328879896431e+02
-6.085648148743402999e+02
-6.973875848712631296e+02
-6.337861863776123528e+02
-7.364145227878764217e+02
-5.969702110857878097e+02
-6.405529747215704219e+02
-6.919352904538528719e+02
-5.075910090371678507e+02
-6.899040140121478544e+02
-6.577741181680287355e+02
-7.344893503325580468e+02
-6.896300275392359254e+02
-6.443648439628852884e+02
-6.254193750218216792e+02
-7.264037263935764486e+02
-7.324585869686056867e+02
-7.479622336503040287e+02
-5.997581715616677229e+02
-7.578876757705668297e+02
-6.863406876321922709e+02
-7.627478384030373491e+02
-6.493823266035306006e+02
-6.637487468606153698e+02
-5.063360796255617515e+02
-6.333493072275018676e+02
-6.296942266229281131e+02
-5.740714107030137257e+02
-6.535908220502180939e+02
-6.402063461627906236e+02
-6.774630977725774983e+02
-6.170372481460980225e+02
-6.447844667948631923e+02
-6.508988533002635677e+02
-5.953336122413741123e+02
-6.980436179188593542e+02
-6.476139225780704010e+02
-5.608360955181703957e+02
-6.161769138121987908e+02
-6.865537660348948066e+02
-6.164893832331816839e+02
-7.140244950777544091e+02
-7.251911578210133484e+02
-7.682433371771088559e+02
-7.473208608742877459e+02
-7.602095115025883842e+02
-5.292497346924209296e+02
-7.080372339938910500e+02
-6.846503100985006540e+02
-6.068443830906675203e+02
-6.784591039248372226e+02
-6.537396767314395447e+02
-6.182187847842304791e+02
-6.137884434791869808e+02
-5.614823229434006180e+02
-7.305892104599952290e+02
-6.720402147619111020e+02
-6.778192613273907909e+02
-6.580584029529596819e+02
-5.860805711927849870e+02
-5.320289438645964992e+02
-6.683115213441453761e+02
-5.668206195568733392e+02
-7.155209357254145743e+02
-6.883276807361903593e+02
-6.942444562366756600e+02
-6.206742222231044934e+02
-7.090407186659792842e+02
-6.213219536407617625e+02
-5.421900086224823099e+02
-5.553069030946639941e+02
-6.536943376151331222e+02
-6.865968244640587272e+02
-5.429934532708703046e+02
-6.638234910164441089e+02
-5.776180473850162116e+02
-6.752245702270013226e+02
-6.098833969070489047e+02
-6.537117677711875103e+02
-5.885741398396456816e+02
-5.609482512767478966e+02
-6.513155739504283019e+02
-6.474351250648169298e+02
-6.684648820836000596e+02
-6.222241597418164929e+02
-6.346032736834281422e+02
-6.307673210513044069e+02
-6.115801934240250830e+02
-5.716751415609567175e+02
-6.651710129859579865e+02
-6.343438438595998150e+02
-5.952455584761879663e+02
-6.533117102565831829e+02
-6.997522954906532959e+02
-6.019723095206745711e+02
-7.094891133383273427e+02
-6.918407202374692133e+02
-6.049091433888104348e+02
-6.823455913795364722e+02
-6.459308097876566990e+02
-6.173505540125463540e+02
-6.287037933872341000e+02
-6.918376162989321756e+02
-6.769822135156300646e+02
-6.934601148839271900e+02
-6.482918252300198674e+02
-6.374031971015969020e+02
-7.030436355006278291e+02
-7.192739335582568856e+02
-5.575391293292819910e+02
-5.875318712864830104e+02
-6.194353124975981473e+02
-7.190501546329620624e+02
-7.252734707286092544e+02
-6.712590499397759913e+02
-5.790620317260119236e+02
-7.229973091996322410e+02
-6.685884199697190979e+02
-6.765851655942639127e+02
-6.440311897048317178e+02
-7.110111814455119656e+02
-5.958960218232131183e+02
-7.479531490509596097e+02
-7.372478536858521920e+02
-6.759487236801879817e+02
-6.733039821236438911e+02
-6.330983376574320118e+02
-6.000782134793336127e+02
-6.905408993423412767e+02
-6.433205068085220546e+02
-5.019047564469206577e+02
-6.461802165614038813e+02
-5.875857605651140148e+02
-5.874690602639317376e+02
-6.594372922171564824e+02
-6.570503991551042873e+02
-6.280563020160254837e+02
-6.865871739971623811e+02
-6.501342078070655361e+02
-7.163713067471080649e+02
-6.256310769141628043e+02
-6.340240478865790692e+02
-6.123360655260380554e+02
-6.371935544952069677e+02
-6.154304009644800999e+02
-6.594865554792439752e+02
-7.538880377608999197e+02
-6.194916539968046436e+02
-5.881362285463306989e+02
-7.047247803976035812e+02
-6.037364728093507438e+02
-6.758082483150599273e+02
-6.722134101692839749e+02
-6.789490627757917309e+02
-6.984170352862494155e+02
-5.610647858810684738e+02
-6.661516514559452844e+02
-5.314434378328398907e+02
-6.716764596346554299e+02
-6.765574403510089496e+02
-6.309092248454068113e+02
-6.193728768981064832e+02
-5.660499978364350682e+02
-6.616173082743695204e+02
-7.443756839803735375e+02
-6.987305203197245191e+02
-6.412444029593028745e+02
-6.161814500325497193e+02
-5.743177254405828762e+02
-6.518338678063818179e+02
-5.953942232513445560e+02
-6.142872782459116934e+02
-6.486633488541242514e+02
-6.638131628832726392e+02
-6.941749215767813439e+02
-7.786942244359318011e+02
-5.813959201157642838e+02
-7.537485174807893600e+02
-5.810245990973052130e+02
-6.549183550832774472e+02
-6.551262616962377479e+02
-7.408457366853373287e+02
-6.110007417527993994e+02
-5.563403698258193799e+02
-6.349362304258736458e+02
-7.705592576980978947e+02
-6.910489210761304548e+02
-5.185901729360355148e+02
-7.451629749907019686e+02
-5.875085525969921036e+02
-5.094764151436480688e+02
-6.369370998790504927e+02
-7.394320055032861774e+02
-7.197760564549678293e+02
-5.808040676292739590e+02
-4.918914079171834146e+02
-6.251454154211118066e+02
-6.431331505618819619e+02
-6.082076339909855278e+02
-6.033926435006956126e+02
-6.535609516840012247e+02
-6.344547296536657086e+02
-6.731240765414509042e+02
-7.263676646207970862e+02
-5.311516848950486747e+02
-5.591136736549112811e+02
-5.691129774308153628e+02
-6.580695290932313810e+02
-6.990271306871625256e+02
-6.237513072718593321e+02
-4.863610508027028345e+02
-6.015118321837611575e+02
-7.451629582428104186e+02
-5.605325712616790952e+02
-6.761900481192838015e+02
-6.902483958728012112e+02
-7.332613396712059739e+02
-6.106086464363997948e+02
-6.714967547192121629e+02
-6.833744992119925428e+02
-6.179607205668959296e+02
-7.589537180042744922e+02
-7.348333348762157584e+02
-6.561360886803180392e+02
-6.682864741296010607e+02
-6.670766710829142312e+02
-6.886484456019143181e+02
-6.200716532712881417e+02
-6.786713280141808582e+02
-6.782995350350272474e+02
-5.592706349846406511e+02
-6.766153316990141775e+02
-7.279732678889549788e+02
-7.149561789390359081e+02
-6.637956101391869197e+02
-7.407523210945710161e+02
-6.190444245783173756e+02
-6.641719670813287166e+02
-6.615372596045085629e+02
-6.952700733455059208e+02
-6.124332583421190748e+02
-7.746096060950194442e+02
-7.262015074314357435e+02
-5.676847014847371611e+02
-5.474985176648547167e+02
-6.550259423470231468e+02
-7.413876295034655186e+02
-7.122190332371804971e+02
-6.442237817088098382e+02
-6.037117749510143767e+02
-5.193894663467960982e+02
-7.405469277973728595e+02
-5.756346099189578354e+02
-6.488179808042004879e+02
-7.324656419809276713e+02
-6.978278752405313980e+02
-5.799687841742188539e+02
-6.159493010274144353e+02
-6.697406808892050094e+02
-5.691481374018954966e+02
-7.068452567350399249e+02
-6.867351730518863633e+02
-6.564446225997960482e+02
-7.445964753888831638e+02
-7.146193878557467087e+02
-7.460437421163319414e+02
-6.690197219176141061e+02
-6.547871549605634982e+02
-6.869553043769618625e+02
-7.146842668656290698e+02
-6.658302694057432518e+02
-6.459238332966576763e+02
-4.773333166327890922e+02
-6.658731250891066793e+02
-6.849256205851667119e+02
-7.022519775022925614e+02
-6.842774320493226696e+02
-6.690147808570028474e+02
-6.474901191177480086e+02
-7.252973880722856848e+02
-6.618703629956465875e+02
-5.959432331723207881e+02
-5.650798871489100748e+02
-6.534477099418880925e+02
-6.403959337686742401e+02
-6.869609370860839590e+02
-7.349752540162152172e+02
-7.614578885589104402e+02
-5.968790876771155354e+02
-4.919301729862143020e+02
-5.734013242612662680e+02
-6.431592711712303299e+02
-7.021562763181174205e+02
-6.442223049504202663e+02
-6.365449221676080924e+02
-7.450799078180850756e+02
-5.623384928132977620e+02
-6.735297133345043221e+02
-5.579933147181169488e+02
-7.083439665943832324e+02
-7.086633747110154218e+02
-6.020276244454123571e+02
-5.979370016498678524e+02
-6.557294306288556527e+02
-6.741444345820000308e+02
-6.410976919222024435e+02
-5.439086944034885391e+02
-6.622849952251195873e+02
-7.000292335582688565e+02
-6.050922147321672355e+02
-5.227656979493584686e+02
-5.943603067349660023e+02
-6.885795568241849196e+02
-5.599841235483150967e+02
-6.306258795670390782e+02
-6.729115978180373077e+02
-6.727508621501516473e+02
-7.042069059932389337e+02
-7.667266224951870299e+02
-6.114960975017686451e+02
-6.406887648820247705e+02
-5.969138251186009256e+02
-6.480687881488788662e+02
-6.201078183759274225e+02
-5.684920672277373797e+02
-5.969554487044849793e+02
-5.836993312261128040e+02
-6.496146995192328859e+02
-6.468395255537421917e+02
-5.953802643730160753e+02
-6.564934743729982074e+02
-7.366233070492670549e+02
-6.932965285743089225e+02
-6.170444614792361335e+02
-5.766338699083736401e+02
-6.613613065647560916e+02
-6.321590650628991170e+02
