-2.317926996074724684e+03
-7.134973479897053039e+02
-1.026074230449142078e+03
-5.699950354488189532e+02
-6.550217182838593999e+02
-7.668766171071575855e+02
-6.161320188748534292e+02
-6.665372873897733825e+02
-6.635840298768325738e+02
-6.978813265430267165e+02
-6.764188668821251440e+02
-4.444457572563685517e+02
-6.153227881540552744e+02
-6.736327192435674078e+02
-5.939981359889702617e+02
-7.015287153137791165e+02
-6.800783567550595308e+02
-7.319955672266526108e+02
-6.935889529307403336e+02
-8.177724302779264463e+02
-6.649150857496764502e+02
-6.574287022618161700e+02
-6.257030280741969364e+02
-6.084262236948525242e+02
-7.537932253480735199e+02
-6.418551736571358788e+02
-6.457806024178771622e+02
-6.843780364461662202e+02
-5.566000534986679895e+02
-6.505552072284442602e+02
-6.861472703660379011e+02
-7.948196249605531420e+02
-7.326181954699159178e+02
-6.444000011404122006e+02
-6.797800084707290580e+02
-5.527123118446006629e+02
-5.545693104747232383e+02
-7.152564904035476729e+02
-6.824252751358525302e+02
-6.963696064865515609e+02
-7.112150796852999974e+02
-6.864538968879148797e+02
-5.843488930054816137e+02
-6.906496683575666111e+02
-6.203537910367093673e+02
-7.746734190470372141e+02
-6.736559170175142981e+02
-6.309144406826587783e+02
-6.398246549484201751e+02
-7.506260932982887653e+02
-7.176103368490914818e+02
-6.861167331561050560e+02
-5.884493370004271355e+02
-6.720575665491616064e+02
-5.952645021620361376e+02
-6.426206849536177970e+02
-7.012120522605603128e+02
-6.114508127668453881e+02
-7.255758336883872062e+02
-8.176119497971104693e+02
-6.497078182873921151e+02
-5.796433489802915346e+02
-5.941567317214500008e+02
-7.218709716987597176e+02
-6.661390437714849213e+02
-6.581273048665752867e+02
-6.525534340319044304e+02
-6.097791882611159053e+02
-6.715377748558361191e+02
-6.770549660085184769e+02
-7.185541774778580475e+02
-6.200846567345718086e+02
-6.418950743460939066e+02
-6.393442038434528740e+02
-6.645823353213315841e+02
-6.666044231377687765e+02
-6.633019705775989223e+02
-7.231612780928734310e+02
-5.285955752568166872e+02
-8.218812816310762628e+02
-7.413102202008439008e+02
-6.228014557579033408e+02
-4.976909244273256263e+02
-6.222357311169495233e+02
-7.545572016358620431e+02
-6.476021112168282343e+02
-6.717545438323580811e+02
-5.231784127095639860e+02
-6.622581896148776650e+02
-6.815891582480875286e+02
-6.401655520363685810e+02
-7.581490128991462143e+02
-6.329594161721277032e+02
-7.348864064791872579e+02
-7.572670298615313413e+02
-7.052920928769767670e+02
-7.784178221081948550e+02
-7.597922979473735268e+02
-7.728343099405677776e+02
-6.563994102483967481e+02
-7.178342401783288551e+02
-5.938033351199077288e+02
-6.050413518752241089e+02
-7.227551216897168160e+02
-5.282776792489472655e+02
-4.871804149205092926e+02
-6.427521422394537467e+02
-5.052644502127433270e+02
-5.748589098795982864e+02
-5.765472063210293072e+02
-5.352824166961702304e+02
-7.594840049159348609e+02
-6.578088195198631638e+02
-6.041840569088001303e+02
-7.006179108080818878e+02
-5.562065037053232572e+02
-6.007169204997355791e+02
-5.616298921300835900e+02
-6.785916891776660123e+02
-6.299944659328957641e+02
-6.554858797288195547e+02
-6.853513778683385453e+02
-6.872084827220151055e+02
-6.692960555951225388e+02
-5.821937701811940542e+02
-7.780330369921292686e+02
-6.289829070412768033e+02
-5.688047135287529272e+02
-7.785491962626070972e+02
-7.001268741946403225e+02
-6.630312086870213761e+02
-4.745449343717079955e+02
-7.436370534400116412e+02
-5.518335287574504946e+02
-7.015145478899287355e+02
-6.206247436031312645e+02
-6.599118394683945326e+02
-6.415925893712147854e+02
-6.044243422797678704e+02
-7.882051856972946098e+02
-6.103127564115206951e+02
-6.262948548371065272e+02
-6.679516405475646934e+02
-5.918138865677692593e+02
-7.303297006867446726e+02
-5.712049449107736336e+02
-6.741518521741387531e+02
-6.494773177860441820e+02
-6.450071361910852374e+02
-5.673785404451431305e+02
-6.178807190580741917e+02
-7.050865966328303784e+02
-6.724285736949125294e+02
-6.285936718510860146e+02
-6.320630036078036937e+02
-5.819659332041539983e+02
-5.474416737987305623e+02
-6.801675155776441670e+02
-6.219321766084099181e+02
-5.982546252319606310e+02
-6.657614915272268945e+02
-5.305640702931484611e+02
-5.483334784732248863e+02
-6.008711264762242763e+02
-6.468013777710112890e+02
-6.660029511848496213e+02
-6.773402734682672417e+02
-5.779699002811390756e+02
-6.603416975550182997e+02
-7.088802852934746852e+02
-6.266962994831332026e+02
-6.982987118019600530e+02
-6.584369521652295134e+02
-6.541354340120259394e+02
-5.558778457163049325e+02
-6.698372938940354970e+02
-5.298616144100885776e+02
-6.176859487062159815e+02
-6.456242057344736622e+02
-6.935749823470206366e+02
-6.243434779432238884e+02
-5.051278505950074873e+02
-6.112949179560906714e+02
-7.287265240166691456e+02
-6.196817006915526918e+02
-6.161896479786690861e+02
-6.094849909765046050e+02
-6.096864621228996839e+02
-5.811659073199365366e+02
-6.681991262935030136e+02
-6.630097400391349538e+02
-6.169568200766939299e+02
-6.048096143423293825e+02
-6.810335416492376908e+02
-5.680261514792040316e+02
-6.141578625215438478e+02
-5.845800142291348038e+02
-6.308670165998862558e+02
-6.167150822534187000e+02
-6.247556819796263881e+02
-5.773460886933634129e+02
-6.016384896569552438e+02
-6.873562038055314360e+02
-5.893237463498309125e+02
-6.237702394762388849e+02
-6.088200772409659294e+02
-6.035988775223374887e+02
-6.666085494673297944e+02
-6.526239648030004901e+02
-6.576366810329445798e+02
-5.105099851121929078e+02
-6.328604565813723184e+02
-7.088250427970998544e+02
-5.359152726744749771e+02
-6.158950891542924637e+02
-6.140120989019060289e+02
-5.487277885708011809e+02
-5.114755069385714705e+02
-5.488741880400065156e+02
-6.658370014561606922e+02
-6.727722705531236898e+02
-7.379254131350783155e+02
-5.383696215672458720e+02
-5.605423798456699842e+02
-5.188955316932554069e+02
-5.803379305825177426e+02
-5.987437659704992257e+02
-6.500882183007963704e+02
-5.758440068389517137e+02
-6.618418324982164904e+02
-5.500950297802305613e+02
-6.524557605800979445e+02
-5.575710051057163810e+02
-5.217791530621642551e+02
-5.022293050733499058e+02
-5.686845576040766446e+02
-6.981018029528207762e+02
-5.418232827413785344e+02
-6.509218301868833123e+02
-7.233850178334239445e+02
-5.697926019189378621e+02
-5.505218499115821942e+02
-5.728009237703981853e+02
-5.725255456838315240e+02
-6.866122597904532086e+02
-5.745942266576425936e+02
-7.053964084182878196e+02
-5.667805705518314880e+02
-6.266816946621585203e+02
-6.390859849598242590e+02
-5.812162293890082765e+02
-7.133493452672752255e+02
-5.856928463606396917e+02
-6.721277823919122056e+02
-6.148274074262615159e+02
-6.003874521626421483e+02
-6.050575873930388298e+02
-7.104093292315394592e+02
-5.874041886810160804e+02
-6.395553727591282041e+02
-5.967975646129676761e+02
-5.726917758077149756e+02
-4.800083338911389887e+02
-6.718460623301807573e+02
-5.785602283552323115e+02
-6.332426049141095064e+02
-5.486823201336954980e+02
-5.952280532865208897e+02
-6.230899727221817557e+02
-5.937997748123621022e+02
-9.673766969311279809e+02
-1.033909173285985617e+03
-7.808608682888232124e+02
-7.393222318571877167e+02
-1.043246429667292432e+03
-8.697244559252401359e+02
-6.535934600384432542e+02
-8.750923800750755390e+02
-9.831947929220724518e+02
-7.755242189033293698e+02
-8.942452255951649249e+02
-7.413969293415198081e+02
-9.414478409998388315e+02
-7.421948352232971047e+02
-8.223070935434526518e+02
-6.661146723877967588e+02
-8.913499002236075057e+02
-7.422216653579932881e+02
-6.877409369304740494e+02
-6.613513218444468293e+02
-5.889894161342429015e+02
-5.944629401980075727e+02
-4.576902121450477807e+02
-5.967439658885773497e+02
-7.524884134058427207e+02
-7.376361980016514508e+02
-6.898734807815293379e+02
-7.077831305555046129e+02
-5.814984592071689349e+02
-6.084048802593296159e+02
-4.447108068765518283e+02
-6.972190924622952934e+02
-6.209840166846685179e+02
-5.359178151316376670e+02
-6.145131161063554828e+02
-6.191953340096789589e+02
-4.921966646730667208e+02
-6.804222202461926372e+02
-6.139182087689940772e+02
-6.989197846086026402e+02
-6.038669082514632009e+02
-7.754125019282799940e+02
-5.867271322956476070e+02
-7.645396875913919530e+02
-5.812218841045346380e+02
-6.533470853182400333e+02
-5.124425603793869186e+02
-6.153913025743731851e+02
-5.451589209798590900e+02
-6.604132731070748150e+02
-5.791550605314657787e+02
-7.022285625161931648e+02
-5.867501713600570383e+02
-6.588187103183830686e+02
-5.996804804614284876e+02
-5.752846518293090412e+02
-5.077048375627274481e+02
-5.819090195273178097e+02
-6.445846121626376544e+02
-7.485619096703226205e+02
-6.281368045202646044e+02
-5.149368103045665066e+02
-7.207657337111007791e+02
-5.556041780422689271e+02
-5.759331042580241729e+02
-3.701525330654486652e+02
-5.361648537447910030e+02
-6.307150500265623805e+02
-5.295169177391977655e+02
-4.682775492134359183e+02
-7.442641082425147943e+02
-3.719727283103198943e+02
-6.066515178978654603e+02
-6.066015414840521771e+02
-6.007509226828833562e+02
-6.900861606523301361e+02
-7.793020232033178445e+02
-5.424600941993073775e+02
-6.196107403041138468e+02
-5.337517031064749062e+02
-7.162351204654706862e+02
-8.047347925645631221e+02
-5.121029368505805905e+02
-7.086861136386522730e+02
-7.840879672808554233e+02
-6.366826363985304624e+02
-5.814407326631969681e+02
-6.125759823558342987e+02
-5.899539265028794262e+02
-5.661362440345179721e+02
-6.613588580258924594e+02
-7.381225837826640372e+02
-6.278127228478849702e+02
-6.731979334197218350e+02
-7.439870796764367924e+02
-4.488271330163436801e+02
-6.928812996395301980e+02
-6.595882594401564347e+02
-4.916667757078057548e+02
-7.513836844329171072e+02
-6.977542407213099978e+02
-5.241911102831285234e+02
-7.322748040910986447e+02
-6.066534499765766668e+02
-5.248324525152817159e+02
-7.094917729400815460e+02
-6.931863070694612361e+02
-6.372047998260397890e+02
-7.272202852457547806e+02
-6.729156004680852448e+02
-5.882074215259491439e+02
-6.153343294595632642e+02
-6.129174563563638003e+02
-6.297654916097509386e+02
-4.926842819454798814e+02
-7.070044299814700253e+02
-5.415922761208771590e+02
-5.841491374130074519e+02
-7.101250615813594322e+02
-6.179558123101908222e+02
-4.218258344212937345e+02
-7.717532274198936193e+02
-5.783793644770286164e+02
-6.317092576967363584e+02
-7.256108491819577466e+02
-5.518433445884151070e+02
-6.139633764587516680e+02
-5.273633051535712184e+02
-7.394302440646454215e+02
-8.224080345468408950e+02
-6.718205123353288855e+02
-5.173445388554396231e+02
-7.387039182297706930e+02
-5.399064817168382433e+02
-6.244925835661933888e+02
-5.056442726561871268e+02
-5.840170249617331137e+02
-6.506152487256608765e+02
-6.685947622512970838e+02
-6.188965637376818449e+02
-5.548959988925023481e+02
-5.170641084197130795e+02
-4.682733278018158671e+02
-7.780456522032061457e+02
-6.805276529463733368e+02
-6.031122556683600351e+02
-6.231471470157983958e+02
-6.393068475742428518e+02
-4.629042702835180307e+02
-5.878471317444597162e+02
-5.662068210613866768e+02
-5.351582050159678374e+02
-5.170138589929291584e+02
-6.613047463711386627e+02
-6.368571471671956488e+02
-6.412075136248048466e+02
-5.882562646640656112e+02
-6.924730592853184135e+02
-5.372461084001996596e+02
-6.085327158719223917e+02
-5.622836281754890706e+02
-6.665510630191115524e+02
-6.088511059520594699e+02
-6.942691816502566553e+02
-5.761122683666383182e+02
-6.676575774470454689e+02
-5.513351072247700131e+02
-5.613386859796670478e+02
-6.321950583313348488e+02
-6.606782790972199564e+02
-4.682805232873934642e+02
-6.044627043277414487e+02
-6.742223139394061491e+02
-6.499755577166437206e+02
-5.769011534501335063e+02
-7.030020179967010563e+02
-5.832047401225800058e+02
-4.420257260139582058e+02
-6.345312488692468378e+02
-4.719530538040467036e+02
-5.815127597544313858e+02
-5.953152199811072478e+02
-6.817808663642415468e+02
-4.664696447602598823e+02
-6.947688976306675386e+02
-5.879164297543288740e+02
-6.753575124576127564e+02
-5.477779271479306544e+02
-6.570427592140945308e+02
-5.451996803741268423e+02
-4.541242084655090139e+02
-5.438029628908668656e+02
-7.080980243931306859e+02
-5.584487164500342260e+02
-6.922561439338212494e+02
-7.461555832889414432e+02
-6.160755663555783030e+02
-8.121910159346972478e+02
-8.925214302929877022e+02
-7.032949796947340246e+02
-6.190515160459588060e+02
-1.426561889684940070e+03
-2.417762879471799351e+03
-4.255737324146060701e+02
-1.856149973245168439e+03
-9.551736433916476017e+02
-2.936210492856873202e+02
-4.564655895550135369e+02
-9.609932101560441424e+02
-1.873600123576625720e+03
-3.754679074067969395e+02
-3.951515159982646992e+02
-1.499556525411379425e+03
-2.141842048287448961e+02
-2.877889489686714342e+02
-4.132479365483742129e+01
-6.438258188772246626e+01
-2.307558201598035907e+02
-4.179921864848861333e+02
-3.993783473141077707e+02
-1.270282267145073320e+03
-7.655586504143830098e+02
-1.151935340103805856e+03
-8.898677751876930415e+02
-1.313506979490737649e+03
-1.157970091659154605e+03
-8.392530811671351785e+02
-6.926467202190150374e+02
-8.315691001108475575e+02
-6.997204066837805385e+02
-8.504895808113230942e+02
-1.441007192464246828e+03
-1.093308008433214582e+03
-1.392105673030077469e+03
-1.048409564114279419e+03
-7.611448523532708350e+02
-2.852864671175468629e+02
-6.212291859435700871e+02
-9.399517403462483571e+02
-1.013946636363350649e+03
-1.003297596662341448e+03
-4.222060667837516803e+02
-2.668007352828910257e+02
-4.235109278065694980e+02
-6.929408182928459610e+02
-3.697922027756449666e+02
-3.934093706488562248e+02
-1.189077009463381529e+02
-4.605329268318952245e+02
-6.401090757025684752e+02
-2.604089757621941317e+02
-3.521562981635135543e+02
-2.566679956134136091e+02
-5.603898740558925056e+02
-1.854670148706084092e+02
-4.143449479924989873e+02
-1.515296779643248328e+03
-9.831123216376844312e+02
-1.173530330380821169e+03
-3.873554668534447387e+02
-1.891690865874091742e+03
-4.213244173672699731e+02
-1.601030480131842296e+03
-1.207401668970634546e+03
-5.710325004893609275e+02
-9.129169941077664134e+02
-3.088942920375158110e+02
-6.407132477800867036e+02
-1.642849978943946326e+03
-1.611454452872489753e+02
-4.658262447564374611e+02
-2.470055428167996467e+02
-5.463829313882520182e+02
-9.683813821990415818e+02
-1.207585468510886130e+03
-1.483374758170335554e+03
-7.045730956002443008e+02
-4.056003949823233938e+02
-6.009337429651618550e+02
-1.094110707829737976e+03
-6.037072387398360434e+02
-3.010161357733989007e+02
-1.260271507631371378e+03
-1.136740581361072373e+03
-3.564807497668683709e+02
-8.137712333015650756e+02
-1.197110106372674636e+03
-1.749906282242270208e+03
-7.800828102097827923e+02
-1.327868089037647223e+03
-1.117986361727258213e+02
-3.391547717696694235e+02
-1.018550103421315953e+03
-6.392308327899361302e+02
-1.151647002722821981e+03
-1.234159679038912145e+02
-1.054848044083433933e+03
-4.692906757782546379e+02
-8.099194003813184963e+02
-1.191238874242710835e+03
-1.959274645567698485e+02
-7.436676338424728101e+02
-1.092747205146549049e+03
-1.033559186091137690e+03
-9.791276788064078573e+02
-8.526900688549056895e+01
-3.264752000497402946e+02
-1.215177083155084802e+03
-1.009519186892940468e+02
-1.562202608488232727e+02
-1.052460828968110945e+03
-2.845066344948218671e+02
-1.573210170242958384e+03
-1.357936710367100375e+02
-2.918598413510419505e+02
-2.257104558730306110e+02
-4.514718464852109037e+02
-4.567224874677255002e+02
-4.429223081378632969e+02
-1.866217432733594705e+02
-1.312121010689189006e+03
-4.640836367228927202e+02
-1.530658256596585716e+02
-1.236091178670295818e+02
-3.392468284274071948e+02
-1.304092557783452548e+02
-1.314497806701124318e+02
-8.479722516759744622e+01
-1.588576749290992893e+02
-2.730879883503575343e+02
-1.464791502627064119e+02
-2.638878746507356254e+02
-2.100805640468331035e+02
-2.709427774069656607e+02
-7.741540648631962540e+02
-1.458401344023961315e+02
-8.473714973405253659e+02
-8.394587037334918023e+01
-1.191362801865220717e+03
-9.259455163552216845e+02
-9.926591650623737451e+02
-1.021956475829524948e+03
-1.003068424287077534e+02
-2.511552320486284771e+02
-7.982152690987445567e+02
-3.812244245314196291e+02
-6.841085495115713684e+02
-1.388468385609873792e+02
-7.110591536680797162e+02
-2.857916723221071607e+02
-1.024808569893485810e+03
-2.409720048831272265e+02
-9.567039795122784653e+02
-2.192733757201779099e+02
-4.097162475548153111e+02
1.676335560986643713e+02
-1.061369388225419470e+03
-4.769701341739385612e+02
-1.165328211120680919e+02
8.892298569801231451e+02
-4.620231059047968074e+02
-8.789391074721961559e+02
-1.427751883377323736e+02
-6.356862666646291871e+01
-8.329724359862647134e+02
-5.651498125227466289e+02
-2.563384848923785739e+02
-3.889028861427231618e+02
-6.963367395250509162e+02
-6.638294714567647361e+02
-2.333370132201190472e+02
-1.081286626422102586e+02
-2.562633680939528631e+02
5.435713864293874167e+02
-5.451777847943574216e+02
6.406097490232762084e+02
-4.522631785794530970e+02
2.932606160886462021e+02
-7.448549842805128662e+01
-5.263732984434938089e+02
-3.263440872806467041e+02
-2.171327942188063389e+02
-1.056414591902510551e+02
-1.118295831773895316e+03
2.892805680966439752e+01
4.175832317186631144e+02
1.874971869447673356e+01
2.485924085556229102e+01
-5.581041799160303754e+02
-6.085255507724506430e+01
-1.687558405861276469e+02
-1.218176710106227574e+03
-2.012782105720455377e+02
-1.428657593897752349e+02
4.929820238319000509e+02
-1.864254261395394963e+02
-2.466608838218589312e+02
-1.886446292166324383e+02
-3.054796900734646670e+02
-1.386850215066892588e+03
-9.455339946919616523e+01
9.229132862488783928e+01
6.502899947581510105e+02
-9.243737343252116716e+02
-3.797084802836700987e+02
9.089231458398796804e+02
-3.748092692382711562e+02
4.215408736315351916e+02
-7.442584635745663491e+02
1.133572999634682219e+02
2.433615728292119229e+02
-1.304717238112732048e+03
-2.660594117793104374e+02
6.984131166116037548e+02
2.161221333797022055e+02
-1.291710988485048119e+02
3.275209136235752112e+02
-2.900475991102730973e+02
-3.395143330591288304e+02
-7.381446164433522199e+02
-6.673394291520035040e+02
-5.755430965523850091e+02
-1.046972837635960332e+03
-1.281623677490028967e+02
-1.681375143343125274e+02
-2.181111735622609160e+02
-4.715746767362261380e+02
-5.096409402602324690e+02
9.156140135066300445e+01
-1.034229553580379104e+02
-2.148522771669649671e+02
-1.209625632662408407e+03
-1.080738258090348609e+03
-3.915120899363469107e+02
-9.488815688110528299e+02
-2.831542639413638653e+02
-8.326142237903701471e+01
-2.859523662628386660e+02
-1.896226398540792673e+02
-9.643660741366633715e+01
-1.358485614976837951e+03
-1.169672912015783368e+03
-2.524782859363098737e+02
-7.146080751275545708e+02
5.751315104630819519e+00
-3.971820800857668701e+02
-7.619274212374474473e+02
-6.822136919547765501e+02
8.188412045228617444e+02
-2.547398462632863811e+02
-4.494742125369855898e+02
-1.754111951603397301e+02
-4.374931215138484504e+02
-3.400587438688681914e+02
-3.967229776199647517e+02
-3.735790702023302856e+01
7.348297377370396077e+01
-3.452688787839072120e+02
1.436273619037633011e+02
-5.069076713684511333e+02
-4.240491842377064557e+01
-4.625715980959017060e+01
-6.197069032921127700e+02
-2.128215330686808215e+02
6.662786877700924038e+01
1.522421703229367722e+02
-9.406350616512777378e+02
-9.069930199353841545e+02
-2.981857791410241703e+02
-1.068312755549989674e+02
1.322554580773368684e+02
7.552289469691308454e+01
-2.441085653111550755e+02
-1.024887058916592650e+03
-3.151713020466791022e+02
-6.580621592699401390e+02
4.588100336326328943e+01
1.027281664961064536e+02
-7.300563770970845212e+01
-2.880800078662165333e+02
-6.613880259722562869e+02
-5.877794806733998030e+02
9.102345222683199211e+01
-4.962165670103324828e+02
3.858098299473384429e+01
7.028173890039028038e+00
-1.515192104873309518e+02
4.600371240786081728e+01
1.149294893551413423e+02
-8.913290828584314340e+02
-5.843975761884060205e+01
-4.392554708589985069e+01
2.057148898118208535e+01
-4.922426503495587724e+01
-2.893797601469706251e+02
-2.036963043108723639e+02
-8.486381246965139553e+02
-1.305806056057755882e+01
8.499006583462025333e+01
-5.776392210012189707e+02
-1.171700295288598568e+02
1.275546368345002577e+02
1.800155977091406214e+02
1.372321921555516155e+01
-1.243422272065783773e+03
-6.506006590521212729e+02
-1.330446162502359812e+03
2.010298943458346344e+01
-9.587178526235534264e+02
-1.154618369745637665e+03
-5.267869757717775059e+01
-1.070294585906350903e+03
-5.736917509940003583e+02
-8.244798612145974630e+02
-9.952291575918802664e+02
-9.181667039042949909e+02
-2.056350473096768496e+02
2.361565423907804302e+02
-4.743981553116775558e+02
1.647140143349642472e+02
1.541096631911821930e+02
-1.057711549837005549e+02
1.811149982965240497e+02
-1.755318597929899624e+02
2.703663980556320894e+02
-1.453922296181985985e+01
2.975255233299944280e+02
-3.277328921998795863e+02
1.782574734001116212e+02
2.696711931732236280e+02
-1.356949381015693632e+02
5.104848774159315781e+02
4.416391476757349892e+02
-5.593317732320623463e+02
4.377456866494950418e+02
1.101364334649835257e+02
2.516921852922150151e+02
9.492534995634557049e+01
3.385877232311264606e+02
2.192306088305925869e+02
-4.697262142750091698e+02
2.011273378733950494e+02
-1.543449474926174219e+02
8.044819815094685111e+01
-1.683730977325321305e+02
4.946733494485224583e+02
2.137268696493944447e+02
-7.811843038422091468e+01
3.172400989988410629e+02
4.660190826638370254e+02
2.694429064456496121e+02
2.309016055953913451e+02
-1.791299318072534845e+02
1.242323491921697780e+02
-4.494004856956693175e+02
-4.338611446141654824e+02
-3.779671150364936807e+02
-1.092751127031741021e+02
-1.025703405328390772e+03
-7.224523569483661731e+02
-5.489577549992870900e+02
-4.695526467244413880e+02
-6.190824020624936566e+02
-2.014541820092318858e+02
-7.206418189939748800e+02
-4.254781616435809042e+02
-4.773659024081523512e+02
-4.399056240099109800e+02
-6.405674641022640117e+02
-9.921991023148140130e+02
-5.353435736822988247e+02
-4.306433903929717530e+02
-1.910782948502249212e+02
-5.813318052508964229e+02
-1.143249416038390507e+02
-4.538107071041887366e+02
-3.591254790161200390e+02
-5.535123202693816893e+02
-2.531023278364299358e+02
-2.689459675648452048e+02
-2.431557389889965179e+02
-1.224657291804621764e+02
-3.091663117162400454e+02
-1.727801028136557306e+02
-8.834314934525451690e+02
-3.044442383635625902e+02
-3.852202489203916684e+02
-2.790290626799010170e+02
-4.489083743952813847e+02
-4.636090837467688743e+02
-1.425636914956339751e+01
-6.390320546869987766e+02
4.713104130709609763e+01
-9.522496227425510540e+01
-1.307602289100788653e+02
-3.202354582114554660e+02
-1.085118205295364078e+02
-2.819964028565590297e+01
-2.880238532981919661e+02
-1.191767752764361035e+02
-3.033188081192508889e+02
-9.249170699475925517e+01
-8.448385866024088386e+01
-4.774635477938315375e+01
-1.626012577773008161e+01
-1.160748956219515975e+02
-2.444148216667957740e+01
-2.905309650954427525e+02
-9.308694526474567965e+01
4.187487677324097035e+01
2.761395321067618625e+01
5.948491771731710287e+01
-5.528915943031558982e+02
-9.149739957648185396e+01
-2.718108601626789778e+01
2.288142000065500952e+02
-3.442340166048731476e+01
-1.089907685125940304e+02
-4.838648537752308698e+01
1.548203062356402597e+02
-3.060712819297486931e+01
-2.928099066072758205e+01
-1.611189456735618251e+02
-4.478240312195397337e+02
5.162337440984615000e+01
-1.056415279059469583e+02
-1.393472454413233947e+02
-1.127147614665234983e+02
2.904476573762224234e+00
-3.037344681412008072e+02
-1.120396828507770408e+02
4.987472530954534022e+01
-5.015237642087888048e+01
-1.586632106283575752e+02
-1.993917922441586654e+02
-8.401097522163038889e+01
-1.352015883938886986e+02
-1.742170052264327182e+02
-1.603882667891936364e+02
-2.007797411861151318e+02
-1.661471825621351570e+02
-2.368559073770197756e+02
-3.657204799579925520e+02
-1.823685570312367759e+02
-1.817392948899562271e+02
-1.254523316369938186e+02
-1.996162626487351872e+02
-1.239174222950574915e+02
-1.106899093999567754e+02
1.828962121788805462e+02
-4.393831797127188565e+01
1.966031941414060213e+01
-6.042948627463357525e+01
9.602734358257905001e+01
-9.850448610257478776e+01
-1.350025988161052055e+02
1.365203509219213345e+02
-8.957796325098905754e+01
-8.362396036854508452e+01
6.153881057792756337e+01
5.356282252205451755e+01
1.660973132093523077e+02
-1.392273845177784040e+02
-6.995571686058219996e+01
-2.848715531377371235e+01
1.222937289495507684e+02
1.416779357327266098e+02
-7.620183945702521555e+01
-5.784181967778380340e+00
2.678610450484924854e+01
5.252823129894963472e+00
2.560551755142350885e+02
2.193025036820082221e+02
2.600438574330426036e+02
2.913003673695237126e+02
1.633092664712623900e+02
2.848296735256401462e+02
1.137762228891705689e+02
3.535818938734455514e+02
3.720760987024576139e+02
6.092608417427138079e+01
2.054976289965818523e+02
2.553795443658606814e+02
-4.389809038052144956e+02
2.096137342852374559e+02
2.447542722675051436e+02
-1.252040770438298409e+02
1.099821943718149271e+02
-2.456548592516963083e+02
-3.727983656276942384e+02
-7.749066371948657661e+00
-1.665979709297501756e+02
-6.317880943846346327e+02
6.314043798849729683e+01
-9.042944601401990212e+01
-1.344080923391497038e+02
1.475593301432289763e+02
6.248547934619386979e+01
-1.859869564248815550e+02
-5.833439258391819067e+02
2.811093112772795166e+01
9.571037933900011296e+01
-3.221836467522213070e+02
-1.006002101367173651e+02
6.793027081882037521e+01
-6.095778666866772255e+02
-2.232567567031519502e+02
1.359155668072655772e+02
-1.108146477065942008e+03
3.805298872616980077e+01
2.792549209299236281e+02
-2.138372378026648164e+02
-7.379997317936009722e+02
-4.948178460907907947e+02
2.290387384695110597e+02
-3.865843189142030667e+01
-3.154629216786087795e+02
-2.354644451520502457e+02
-5.921516396209381128e+02
-4.182416512865765981e+02
-5.686651027774399836e+02
-1.802349681823791911e+02
-6.911428247817156034e+00
-8.201084346565590977e+01
-2.585371924505598145e+02
-6.912887009859691716e+02
2.246108427206403633e+02
2.098682374415415097e+02
-3.365106307376318000e+02
-4.628935790985574386e+02
2.708271748916720156e+01
4.287319229012952633e+02
8.663162307889172098e+01
4.003395868573390999e+02
2.555973097619959162e+02
3.984975328464124686e+02
5.823314021013468391e+02
-3.264557321686117461e+02
1.737097883670147951e+02
-1.155015852970147137e+02
-1.286653955914258347e+02
3.295022768778825935e+02
3.242900065755064816e+02
-5.718261863485747654e+02
3.939040957953109228e+02
1.673972104566666985e+02
1.149581147467752373e+02
1.353054327865453672e+02
6.232800665211993874e+02
6.669298092673903966e+02
4.907897717266581594e+01
4.736852166026997111e+02
-4.258852350200207297e+02
4.842517795747070863e+00
1.885603467649410732e+02
6.749052992290820612e+02
4.772953374359753980e+02
1.247323792653238286e+02
6.141385966900315907e+02
3.588325379263797004e+02
3.633018986476057535e+02
1.955786562747134383e+02
4.950679660337361270e+02
7.649932367847691239e+02
7.506070866989485921e+02
5.317059985184137076e+02
4.566104123121511975e+02
6.435901294461153839e+02
7.143227695262495445e+02
1.015563605082218572e+02
7.609299157057308776e+02
9.340564153414841257e+02
1.179625488398537243e+02
5.484343064579659313e+02
-6.977869183543098188e+02
1.264776004992854723e+03
3.506264194847472595e+02
4.862171336691195620e+02
7.921053463678526896e+02
8.636383118243247736e+02
7.443454977153105574e+02
9.144991593313488920e+02
9.674782425564910682e+02
6.391274085025333989e+02
7.229047196805529438e+02
9.199155067179469825e+02
7.371984766034992163e+02
7.932845257648917823e+02
2.754227306612822304e+02
1.199693294364482199e+03
1.217162407585272376e+03
1.217416265556348435e+03
1.235362639649011498e+03
1.450002059000137251e+02
1.271788979201698567e+03
1.305606805685338941e+03
1.032739562356936631e+03
6.916450293064017387e+02
6.202620649521560381e+02
3.706693405772410301e+02
8.912641210984071449e+02
1.096874777066414481e+03
1.267463330504322585e+03
-3.490541948496442046e+02
6.335039962800885860e+01
-6.157496611785559537e+01
4.943354439102921560e+02
8.310382041453615329e+02
1.977866872313222757e+01
7.090446011983671042e+02
8.373556963811756759e+02
1.523558492012740317e+03
1.458252943087631593e+03
-6.297452842849248782e+02
1.504088605858950132e+03
1.025377612376349816e+03
1.570737362924524859e+03
1.018648950692036351e+03
-8.058435199615982469e+01
-5.734572619730205361e+02
8.531260342162808001e+02
1.313876508052874442e+03
8.901352453809751069e+02
6.779769589078679246e+02
1.198898315766375617e+03
8.470576864278659741e+02
1.673175232376489930e+03
8.481392626143843927e+02
1.731836783428705303e+03
6.957507007454577206e+02
8.552658697591145938e+02
6.458110152538624789e+02
9.168815015851164389e+02
1.205742733005341961e+03
1.798502272414262052e+03
1.303244944062368177e+03
1.125830060231031666e+03
1.475548164505553132e+03
9.888825618497110099e+02
1.252341541821814189e+03
8.376259397192716278e+02
9.790558036133414817e+02
9.636561613928216730e+02
1.183074403830747087e+03
1.539093286498911993e+03
1.235543294341956653e+03
8.304610849545196061e+02
1.159009222716842942e+03
1.569688508796206634e+03
1.689691668804587607e+03
1.488615773144273589e+03
7.629657457204734783e+02
1.237883149164597398e+03
1.096615258218314011e+03
1.396325998077705208e+03
9.107807740543740920e+02
1.204772515127675206e+03
6.058801557047358983e+02
-6.620440902397126592e+01
1.461449233158404013e+03
1.018436111665924273e+03
1.538306580596001368e+03
1.121777122919902240e+03
5.948158813714188682e+02
1.593364110793746988e+02
8.121589889116244194e+02
9.240095956108834798e+02
1.137717030825563370e+03
4.849951907451088573e+02
8.876905131872636048e+02
3.658323168419498188e+02
1.073968241794243568e+03
4.083602986426591883e+02
1.775751728699873979e+02
-6.124563851352618258e+02
4.804974123337374294e+02
1.010082667248552298e+03
9.479725427771417117e+02
2.154127892165082585e+02
1.274113687636142231e+03
1.173083987552259515e+02
9.080908227447089303e+02
1.054144580327297717e+03
3.108091054316398640e+02
1.335252637501634126e+03
6.444203493497547015e+02
1.446838372321454244e+03
7.776644640550487964e+01
1.445514953181959982e+03
1.856325382978121752e+01
1.424313914748246816e+03
1.330156060540811495e+03
1.527339657409773963e+03
1.584487416894761964e+03
-7.169649869631545016e+02
1.519247519628153896e+03
9.292970233372997200e+02
1.370074444788644314e+03
1.407216119717833408e+03
1.501958182013008354e+03
1.332277046506028228e+03
1.490291418698330517e+03
1.376341547964311303e+03
1.570228561142230319e+03
1.631300438682334061e+03
-6.300735231991773162e+02
1.637283920259455954e+03
1.328688473678761966e+03
1.338401342536820948e+03
1.460340856962095131e+03
1.035718838032522626e+03
1.134606059473114783e+02
1.335388118089531417e+03
1.350780121539788070e+03
-6.078078191638380758e+02
1.381841251972929285e+03
-3.182494643140182689e+01
1.143060072444418438e+03
-1.195399377701878620e+02
1.523365269012857880e+03
1.416579284697850653e+03
1.461469354550645676e+03
8.595518080724783658e+02
1.480357734649404620e+03
1.370714058695035419e+03
1.006247044865197495e+03
1.516689546170560561e+03
1.430964372730005152e+03
1.287004188173326156e+03
1.265895322379176378e+03
1.246037596859573796e+03
1.395313030260761479e+03
1.459621315816216111e+03
1.323323870152607697e+03
1.377468523725454133e+03
1.387922313024044570e+03
8.719762182155834580e+02
1.483449870991224543e+03
1.507988837142671173e+03
1.374083039649549391e+03
1.679184825327376529e+03
-6.325103483467654542e+02
1.323889893304749876e+03
1.356177697382782753e+03
1.542383814177540216e+03
1.157199599164454185e+03
1.318510369121163421e+03
1.339572494442020798e+03
1.279163391964427092e+03
1.138769321938832945e+03
1.750254641272833169e+03
1.340680694885858657e+03
1.182023594351333941e+03
1.400381971218120952e+03
1.124485250723757190e+03
1.650300038266639831e+03
1.498336426183784624e+03
1.619544459949770271e+03
1.301290208374616441e+03
1.477985620476864142e+03
1.425689155329937194e+03
1.389834252958105026e+03
1.423887779753872110e+03
1.129104365276758244e+03
8.099895955818183211e+02
1.583472900273776531e+03
1.494603558951109108e+03
1.253378709493772931e+03
1.345041965116061419e+03
1.690143539971392329e+03
1.609362623111025187e+03
1.371150370654129802e+03
1.264652514521343846e+03
1.228398426931472841e+03
1.691702392221239052e+03
1.268024720712362296e+03
1.364770099599498735e+03
1.436086399310407614e+03
1.101907907477039089e+03
1.595338156910929456e+03
1.627538921865467501e+03
1.081077652775372826e+03
1.419838933978832301e+03
1.236400183462208588e+03
1.441818556430519493e+03
1.229311695302009866e+03
1.321448480981187913e+03
1.236117611534278922e+03
1.731375507361532300e+03
1.348687934973724168e+03
1.513738146000233883e+03
1.163817780268545903e+03
1.529509534480818957e+03
1.710108709703608611e+03
1.718361038984341121e+03
1.355537863029974460e+03
1.710027890288842400e+03
1.481970913233814827e+03
1.354408518973409628e+03
1.331611123944639530e+03
1.510465641754781473e+03
1.290018852389991252e+03
1.450241496362525140e+03
1.418360453410741002e+03
1.515926749718428255e+03
1.344079631299622179e+03
1.415491951282274840e+03
1.277669254056615500e+03
1.530857795030302441e+03
1.414479713729276455e+03
1.319590092440915669e+03
1.462178895127530950e+03
1.311997797191245354e+03
1.440964083889204858e+03
1.287845543678843569e+03
1.331802607061220442e+03
1.479138165872892387e+03
1.414889623361437089e+03
1.313276735460529608e+03
1.317542300233413243e+03
1.404739511684083254e+03
1.266540926055250111e+03
1.389056146524679662e+03
1.243010005306021185e+03
1.577834281627551263e+03
1.483629936803937881e+03
1.466605170170929568e+03
1.412480951814598257e+03
1.343889119629218158e+03
1.194635908301697327e+03
1.323441655915925594e+03
1.221159052321993613e+03
8.452185426176624787e+02
1.140120275152844670e+03
1.121886925943374536e+03
1.416505280874885557e+03
1.052875732004195015e+03
7.678776598771939916e+02
1.432889267838292426e+03
1.151843108288682970e+03
1.371042374083767982e+03
1.432082751780490980e+03
1.250270766148665643e+03
1.337401812813804327e+03
1.388701953766609222e+03
1.349696622812627993e+03
1.325781421469685938e+03
1.050840726706058149e+03
1.000432908392390914e+03
1.223783490996787805e+03
5.978682850483745597e+02
9.670590647908877600e+02
1.201125039270548086e+03
1.842296578566968890e+02
6.210797194266876886e+02
6.532879043240245664e+02
5.851319009638896205e+02
1.159273158908338473e+03
1.094875022570261535e+03
9.582515696518149753e+02
1.134211973440799511e+03
1.276706040612660672e+03
1.045929118727043488e+03
1.153998243809562837e+03
1.232225175641641727e+03
8.260194778921394345e+02
1.332626006816878544e+03
9.157564210917078071e+02
8.402103152199354099e+02
1.183808290098479802e+03
1.045252134839351129e+03
8.783330135297788956e+02
1.077320635626987723e+03
1.183441653814932579e+03
1.218755648899755897e+03
1.012279448852906285e+03
1.085241547164002441e+03
7.254698928124271333e+02
7.768715191528094692e+02
9.864592477938028878e+02
1.249083760179174533e+03
1.066125410183618897e+03
1.192461197018921212e+03
8.462027905852177128e+02
1.254626609202092823e+03
1.066206502486805221e+03
1.098527278110635962e+03
9.951253118876046528e+02
1.232964966866267559e+03
1.095305466954841677e+03
1.222108853411172049e+03
1.217588984939936608e+03
1.288097743189897301e+03
9.767780897677918119e+02
9.172397389792704416e+02
1.012149347155287160e+03
1.198524128159143856e+03
1.024136556397231288e+03
1.060026962531946992e+03
1.237689008946825879e+03
1.051886200585075585e+03
1.182918351263692784e+03
1.148901841112917509e+03
1.090205245898727298e+03
1.330205115818142986e+03
9.863457133196291124e+02
1.236976567764843821e+03
1.282331466601235888e+03
1.413426311146172111e+03
1.317810503146873089e+03
1.282751416022427520e+03
1.332468150261583560e+03
1.330257611605608190e+03
1.408776478670708002e+03
1.258334130989965843e+03
1.465158738016011966e+03
1.225186160715232290e+03
1.205638649997476932e+03
8.641880648705772501e+02
1.158824418107049951e+03
1.341818896029697271e+03
1.463114010624434968e+03
1.361855271429024924e+03
5.420017139862462727e+02
1.168124874288926549e+03
9.808561556763440876e+02
1.178461267565762455e+03
1.179744360417509142e+03
1.379363845192378903e+03
1.329514951919023815e+03
1.423660227692086210e+03
1.211335731166409687e+03
1.313606067700412495e+03
1.330744966957929819e+03
1.404694609660354899e+03
1.240049780602792907e+03
1.411756557348983733e+03
1.259845500009995249e+03
1.043693110112877548e+03
1.394471540086946334e+03
1.196265555524116053e+03
1.173264645523019453e+03
1.228801237303234302e+03
1.553507646562157788e+03
1.247541399831597346e+03
9.536070283298097365e+02
7.376862009032060996e+02
1.076804518770995401e+03
1.222345221538974556e+03
8.770316144563546459e+02
9.155157820991627204e+02
1.016256142988902411e+03
8.598792380603345009e+02
9.858546197057710287e+02
1.187050129184906154e+03
1.071581559633500774e+03
9.753932184325352637e+02
6.511650290448549185e+02
1.920611212411916426e+02
1.001076983859134657e+03
7.467518413990429735e+02
-4.539161244571571956e+02
6.123238503041380909e+02
8.815967677929552337e+02
1.066416125417724288e+03
1.211787816474069814e+03
1.030529954849846035e+03
1.278483529192421656e+03
8.514412516466389889e+02
1.303100274894751919e+03
1.338665166778732100e+03
7.378665128521205361e+02
1.095064199542426650e+03
1.290931648694508567e+03
5.707320293210315185e+02
9.871771474088868672e+02
1.200736051076256445e+03
1.260200449998996874e+03
8.633518616310137759e+02
9.044252989490280470e+02
9.025056840677752916e+02
9.852596894347028638e+02
1.232544698732875759e+03
1.118147498566219383e+03
1.032398351227946478e+03
1.205855998985610768e+03
1.343638627167600134e+03
1.045562658739295330e+03
5.620531456022902148e+02
1.178653751682284110e+03
1.318519069685586373e+03
1.378857740312602346e+03
1.411310381490330201e+03
1.035436469714687519e+03
1.190003609328297671e+03
1.367946230031139976e+03
1.172565716939882577e+03
1.366783286733460045e+03
5.201377042131721282e+02
1.033495785332189598e+03
1.401411758045377837e+03
1.068877223090541747e+03
1.454581062712286894e+03
1.266455165892349214e+03
1.031173085025407772e+03
1.397318813100474927e+03
1.459280201936652929e+03
1.348172006165869789e+03
1.444241689393855040e+03
1.372498201983409672e+03
1.568319425356131887e+03
1.301609005466609688e+03
1.180407729673128415e+03
1.437411009844316595e+03
1.177291888451538171e+03
1.055033341723245712e+03
1.392372102529627455e+03
1.222844862960522505e+03
1.115501550848746092e+03
1.137454862418370567e+03
1.311739667176431567e+03
1.278909956788240379e+03
1.431885845753618469e+03
1.414238862412946901e+03
1.071356439906883224e+03
1.367471735101956028e+03
-6.231318293668317132e+00
1.084767324490642068e+03
-3.462014240642765344e+03
-9.634636209930253017e+02
-1.877628990512278278e+03
-9.141825870415265172e+02
6.557556258161125697e+02
-1.769838317730048175e+03
8.914760709426793710e+02
9.926428628317958101e+02
1.044605126607434158e+03
-1.735596766885905481e+03
-2.563292775876196629e+03
-1.741735817627257120e+03
1.282915191201572725e+03
-1.088458673318178853e+03
-1.351476244368414427e+03
-8.369910283468943817e+02
-2.133200651437003046e+02
1.010660957156671202e+03
1.129467320904291682e+03
7.482924322368968433e+02
1.333450485249056328e+03
5.567117182147546828e+02
1.244987649315360159e+03
-2.686245313625733161e+03
1.090735918495716987e+03
1.086579746271441991e+03
1.170060461799562518e+03
1.019991850675407363e+03
1.270047073980505047e+03
6.628680875671284412e+02
1.130029050157648271e+03
1.126026655763718509e+03
-2.569132664856357451e+02
1.253829831017383412e+03
1.162583866588553519e+03
1.146057085250338332e+03
1.082159714556832796e+03
1.102894465255326395e+03
-4.370716935794850997e+02
-7.414184290439984579e+02
9.897308021973592531e+02
-1.391262620482216789e+03
-1.172797566070350513e+03
-1.104537007134009173e+03
-1.232819233999197422e+03
-8.273213060505632939e+02
-1.642333718580253844e+03
9.300998211939186149e+02
1.147574394072085397e+03
-9.497198184518599646e+02
8.674117350520256196e+02
1.119753574236892746e+03
1.341744477388405357e+03
1.020200188734371750e+03
-2.281089292414062129e+03
-2.948497975810777461e+03
1.357737019198329563e+03
-2.899777103214303679e+03
-2.079137959941423560e+03
1.159638144451846074e+03
-2.738143586411813430e+03
-2.140779939774583909e+03
1.195625835858344544e+03
-2.504308381951190768e+03
1.076064579580320242e+03
1.167891182747159519e+03
1.449512835962430927e+03
1.037740478586253403e+03
1.209364824424778590e+03
1.506541353946222898e+03
-1.977749614338552419e+03
1.448301454047993047e+03
1.312222915465662936e+03
1.250548809991315466e+03
1.296935898781144260e+03
6.540487749446491534e+02
1.285187185612377561e+03
1.362513848488280473e+03
1.453840667431822567e+03
1.385952477766047195e+03
9.648734797798101681e+02
1.444902997909041915e+03
1.108252297719550143e+03
-3.842722283474145570e+03
1.207765222377741111e+03
7.118072172395222879e+02
-2.174404953559729620e+03
1.523135219901218989e+03
-1.965839168866178170e+03
1.416509672199021679e+03
1.377072301747897200e+03
1.208430226904601795e+03
1.124250710488228606e+03
4.075867058913854635e+01
1.237064690283223854e+03
1.568109199026450824e+02
1.224513903849955796e+03
1.255005514718210179e+03
-2.374085747872196407e+03
1.375720403283217820e+03
1.317267013308692412e+03
3.940755124553799078e+02
-1.518756731285806381e+03
1.532049629526349690e+03
1.277136233518914651e+03
1.122734574636214802e+03
-3.622304645132882342e+03
9.791239823312632780e+02
1.314996777328162807e+03
1.163426146581405874e+03
1.226541280057272388e+03
4.465244982045312554e+02
-3.084984270821516930e+03
1.211473716918397713e+03
5.069239833097284986e+02
1.077394249550196264e+03
1.370437115736892565e+03
1.124268754628782744e+03
1.292413884776729674e+03
8.673074661774186325e+02
-2.915004843653599437e+03
1.437529705890672403e+03
1.140398784209081441e+03
-2.918886399607752537e+03
1.015353202178549509e+03
1.300371204329693455e+03
1.145588067110988277e+03
-3.123238579463665701e+03
1.207899056326498112e+03
1.310685946920544438e+03
1.316549191364602848e+03
1.310913571958822331e+03
1.188141935264722406e+03
1.348061174397699460e+03
1.498682602444817576e+03
1.382878980103105732e+03
1.512979595981705188e+03
1.296512515825422952e+03
8.902711937855865472e+02
1.472609156106700084e+03
1.215713467747507366e+03
1.418262288495001940e+03
1.377787643914597538e+03
1.345963075904857533e+03
1.142724759294942032e+03
1.297901812276833425e+03
1.567132656287800273e+03
1.131708436246352676e+03
-7.332124653513758403e+02
1.383688137519826114e+03
1.214083289192084521e+03
1.498964276535564977e+03
1.265767234556666835e+03
1.424669798204205108e+03
1.522200640576726755e+03
1.221738185225847019e+03
1.207542747874513680e+03
1.349510789142821523e+03
1.305511820120534139e+03
1.266509929759713714e+03
9.650798353333112800e+02
1.338170501620763389e+03
1.457762368920021117e+03
1.412908008078045896e+03
1.437974136978334855e+03
1.455674335773899656e+03
1.306490093756411397e+03
1.299062355264084545e+03
1.008172702500601417e+03
-2.715224240515979545e+03
1.493376214462503413e+03
1.321435945433082907e+03
1.425900498689806682e+03
1.151852020539360637e+03
1.192180058741990024e+03
1.258747074111568963e+03
1.373012507888173786e+03
1.649640659668233866e+03
1.363877711125480801e+03
1.403033385143856549e+03
1.412132603932454685e+03
1.672492962625670316e+03
1.244730156958013140e+03
1.526636968016816127e+03
1.399730947761977859e+03
1.351060095501591377e+03
1.147170857168805924e+03
1.302089088399976390e+03
1.278493104253665251e+03
1.351350939286508037e+03
1.281212670821963684e+03
1.434596592367242920e+03
1.295646314115861969e+03
1.001823124572940401e+03
1.369561303193009053e+03
1.482112177128055237e+03
1.391150427465488519e+03
1.673316843486122252e+03
1.184044994336718673e+03
1.230485468926917292e+03
1.366366586985795948e+03
1.519619678328499276e+03
1.356411696391603073e+03
1.191475062889944411e+03
1.305738698378381969e+03
1.280759861824742757e+03
9.787433106076815648e+02
1.336534318417763416e+03
1.321473520105808120e+03
1.475291012708875996e+03
1.322556327097307076e+03
1.263002943420508018e+03
1.344978017065025597e+03
1.097162063043369926e+03
1.254882067883853779e+03
1.223056600528779882e+03
1.277018787905840327e+03
1.312058582062918958e+03
1.502431133878530773e+03
1.067462502202613450e+03
1.300112978938018614e+03
-2.537299805192042186e+03
1.396658441359140397e+03
1.406532530722928186e+03
1.383939479247130294e+03
1.261026078532677047e+03
1.298747978270758949e+03
1.348353509618243379e+03
1.167927533604726023e+03
1.272222367237153776e+03
1.393238407731231746e+03
1.066389025549859980e+03
1.292946111713703658e+03
1.185160314692762086e+03
1.442640923810110735e+03
1.176598255460851306e+03
1.306103334379190073e+03
1.319888959083220243e+03
1.473932879467115299e+03
1.184481347488261463e+03
1.455567121059712690e+03
1.361446452592460446e+03
1.165112092441448794e+03
1.309209460128507544e+03
1.358998005746038416e+03
1.122648322108429738e+03
1.219584270963442577e+03
1.204240874667040771e+03
1.503976197391863934e+03
1.340818221972117044e+03
1.369627675394396420e+03
1.204576989983119574e+03
1.196698424352143320e+03
1.313707097639008452e+03
7.270056651615864212e+02
1.279551004793146149e+03
1.267743577611122419e+03
9.926132542890856030e+02
1.243437547957484185e+03
1.176874989534724818e+03
1.005028665616860962e+03
1.125406754729922568e+03
1.031325899295896988e+03
8.928448692683679155e+02
1.234660886764764655e+03
1.184276877819023866e+03
1.137493735422283407e+03
1.176885984113739823e+03
1.255552269048148446e+03
9.287526721845883912e+02
1.146923005922873244e+03
1.161214062279839482e+03
1.085415181305435453e+03
1.181551197400243836e+03
1.241739877519818947e+03
9.292886126226493388e+02
9.159424658723397670e+02
1.099193187150772019e+03
5.739975074169637992e+02
1.195407354174319607e+03
1.267349064402924341e+03
7.446582403471320504e+02
1.061959971006344404e+03
1.085268803013669185e+03
1.083636992343262136e+03
1.198804169655563328e+03
1.229471329811637133e+03
1.208310113565944903e+03
1.297031002138951862e+03
1.358624489323148964e+03
1.176523604633526702e+03
8.969624081212336932e+02
1.240727212811116488e+03
1.444861920116492456e+03
1.218604157523093136e+03
1.374311923355773388e+03
1.219567123828113608e+03
1.455039815579593323e+03
9.508940013587089197e+02
1.364931568974059246e+03
1.208736617413992917e+03
1.458669371666572943e+03
1.015258977957155594e+03
1.100284407335161404e+03
7.296695943620217122e+02
1.498229896273565373e+03
1.456120628626910047e+03
1.345078196415878438e+03
1.483171833501357014e+03
1.547751287100521267e+03
1.473614856149438765e+03
1.418296197346377312e+03
1.352823076859992398e+03
1.305463881493057897e+03
1.244656887181597540e+03
1.210390923221232242e+03
1.340092521931816691e+03
1.432294639427243737e+03
1.614226639927635006e+03
1.389236693990161484e+03
1.431651397361999216e+03
1.605613527807382980e+03
1.473723661346349900e+03
1.478140560800357889e+03
1.314234452025534438e+03
1.475365358587626815e+03
1.471987320103885850e+03
1.475056452255343629e+03
1.428741143845919169e+03
9.851888490605107336e+02
1.271704360731852148e+03
1.284631103602063376e+03
1.430204464827371339e+03
1.395408129418221961e+03
1.520131376824402878e+03
1.444516195053779711e+03
1.375348961901223902e+03
1.173817764896949939e+03
1.223671931898480580e+03
1.352024543359459130e+03
1.268050488044775648e+03
1.165745582932216848e+03
1.341275404954638134e+03
1.369073081724299755e+03
1.427552653679414334e+03
1.401323510382663926e+03
1.077556978370128263e+03
1.419405498373888804e+03
1.305224407702038889e+03
1.298292671679068917e+03
1.447242146031927405e+03
1.386227391595634799e+03
1.123170062073604186e+03
1.307766186555732247e+03
1.292336432856839338e+03
1.282946415080081806e+03
1.454527099031389525e+03
1.395379155739514999e+03
1.188303091297606670e+03
1.246334130918934306e+03
1.462357159232846925e+03
1.260621155442346890e+03
1.157214490564815151e+03
9.260673984120994646e+02
1.328323040393234123e+03
1.256769011304873175e+03
1.277127955655809046e+03
1.289552130327148006e+03
1.166765933895954959e+03
1.234163023277445973e+03
1.335263277586352615e+03
1.271794320338244916e+03
1.307044976523195146e+03
1.248054950569641278e+03
1.418715281887810761e+03
1.307641327361785443e+03
1.247883082936982646e+03
1.278333086549098880e+03
1.278928898996141697e+03
1.257624136331581212e+03
1.110514461147891097e+03
1.260659015418699937e+03
1.353719216742328854e+03
1.220750357574287591e+03
1.214704480192966912e+03
1.089017792588154407e+03
1.206451573419191391e+03
1.222727996662895293e+03
1.218774564044169665e+03
1.175037048627526019e+03
1.264510756307718566e+03
1.266163779144221280e+03
1.171338040255750457e+03
1.230518203870763955e+03
1.318226756907666868e+03
1.369466684057144448e+03
1.266937637303981546e+03
1.416854746744026443e+03
1.196565743790239821e+03
1.284848361146076513e+03
1.303270553376529278e+03
1.209557154143285970e+03
1.317384688232045846e+03
1.260787179923394433e+03
1.258089478838521927e+03
1.106722652800683136e+03
1.341674172176283264e+03
1.273764144530133763e+03
1.092963137784144465e+03
1.186555249540859677e+03
1.028293377629950101e+03
1.145860941265203110e+03
1.274959019092022345e+03
1.298875091452121069e+03
1.242542772612668614e+03
1.100417124420763685e+03
1.262805079371838929e+03
1.219321818721562749e+03
1.228151396535427239e+03
1.170666885970658768e+03
1.286632503042643293e+03
1.257429826612873057e+03
1.312643357794980830e+03
1.264886607087144512e+03
1.186789544323928112e+03
1.479812990092051450e+03
1.333079753958059882e+03
1.444579554395801551e+03
1.410606788483016089e+03
1.105155190416257028e+03
1.454455144368297624e+03
1.254352273664762606e+03
1.116825144776901425e+03
1.256443302189418318e+03
1.393039112827096915e+03
1.313570807442341675e+03
1.507205385124517761e+03
1.424787249811738320e+03
1.377851396367587313e+03
1.201307047746651733e+03
1.381928491972239499e+03
1.497372124595242212e+03
1.431214094569120789e+03
1.493202007968067164e+03
1.394587020806641476e+03
1.369840052221233236e+03
1.280016212234690784e+03
1.384619075122296636e+03
1.406146505057672584e+03
1.590020770203150278e+03
1.208038400614095963e+03
1.509315554518419049e+03
1.485573525188036228e+03
1.560430528372574827e+03
1.592926557710911311e+03
1.449333338568900672e+03
1.057984280673879539e+03
1.408466444506176686e+03
1.100977586389819407e+03
1.549586876930014341e+03
1.433946099842381045e+03
1.488569857308016708e+03
1.468699940159772950e+03
1.563512626909870733e+03
1.405511423837412167e+03
1.469707757206374481e+03
1.462280391694444006e+03
1.581237504680661687e+03
1.565260633317155680e+03
1.499290503359677132e+03
1.367200401848885576e+03
1.408143637941500629e+03
1.619697189503626305e+03
1.201457829860841230e+03
1.331545744566444682e+03
1.567649913723213558e+03
1.358909247284574576e+03
1.217901091646683199e+03
1.504617872099182478e+03
1.519241763236879478e+03
1.593636993369822449e+03
1.495907465297687168e+03
1.442440242759441844e+03
1.587308902370823489e+03
1.505088607640701639e+03
1.553670482619458880e+03
1.538581325281548743e+03
1.661608940366255638e+03
1.384291833477114096e+03
1.466150801606994719e+03
1.437280879442524565e+03
1.435488452370037521e+03
1.550470061467043706e+03
1.608915415169903326e+03
1.772615592020003987e+03
1.390245831128689360e+03
1.653261964919596721e+03
1.633775453875377934e+03
1.694640337246748231e+03
1.490462511051907086e+03
1.648565469702913560e+03
1.529941246237319092e+03
1.424804665611418386e+03
1.522560288048076018e+03
1.463518702383409618e+03
1.370115681810723345e+03
1.542600021902419030e+03
1.594657013978876876e+03
1.674546820430147363e+03
1.393481057317632803e+03
1.470935301766800876e+03
1.785859065935150738e+03
1.679137456315608688e+03
1.571722559111177588e+03
1.686616262265727073e+03
1.524071194914238049e+03
1.413659969480146401e+03
1.574517382769345204e+03
1.619110554244906325e+03
1.203177203492729177e+03
1.528544375869154692e+03
1.673273695112218320e+03
1.521886993531902363e+03
1.563130162248536180e+03
1.537918917198845975e+03
1.547920356193662883e+03
1.464289119733419739e+03
1.453889817511774254e+03
1.531607348621787196e+03
1.583851166810535460e+03
1.573841015296819478e+03
1.541642252354505672e+03
1.585277463020071536e+03
1.385883604336890585e+03
1.522336539041853939e+03
1.448793271039653519e+03
1.654706787014855763e+03
1.610285848492808782e+03
1.519396623183265547e+03
1.342661026284541094e+03
1.495979090203813939e+03
1.479727347622059369e+03
1.583159253548186371e+03
1.551602038106205555e+03
1.580320637588218915e+03
1.567531584380706818e+03
1.567300617443215515e+03
1.537859759040435620e+03
1.479616584887192630e+03
1.331720831880789774e+03
1.706110428587370507e+03
1.605627548828395675e+03
1.636665360540072925e+03
1.638376245156003279e+03
1.545231163953713121e+03
1.779782677233632057e+03
1.483328788672484052e+03
1.526578441435846344e+03
1.392514524280286651e+03
1.376945500682538750e+03
1.673094536467672015e+03
1.596729937628878588e+03
1.455106228191480341e+03
1.430742667020828321e+03
1.498065634254654924e+03
1.512658667111507384e+03
1.538749674148196391e+03
1.453699796166052238e+03
1.356975356802480292e+03
1.502602121171138151e+03
1.736588333070119461e+03
1.431788210103688925e+03
1.489890697761988804e+03
1.507438849918684809e+03
1.681459342775059895e+03
1.486756114349273048e+03
1.527286943149068065e+03
1.432048156376841007e+03
1.426138193519872175e+03
1.558503235176785438e+03
1.551538685225153813e+03
1.528681203408322062e+03
1.591835722143872772e+03
1.622477045885883399e+03
1.655405156381957113e+03
1.487687742946454591e+03
1.571516793328275526e+03
1.694579322664371375e+03
1.632491168258170774e+03
1.616865030613254476e+03
1.544605722135702536e+03
1.478620586447717415e+03
1.629693132361898734e+03
1.454933878394309886e+03
1.449919631098636273e+03
1.436530756963278009e+03
1.405976688669265741e+03
1.581570108161008648e+03
1.625980704927756733e+03
1.436453373175609158e+03
1.468384089636595718e+03
1.480277948048974167e+03
1.514326089956271971e+03
1.389810447355936049e+03
1.446253319599118640e+03
1.527972506793919820e+03
1.353401054600413772e+03
1.505924526123254964e+03
1.473269350916735220e+03
1.647318525848666013e+03
1.392632530321342301e+03
1.458947224455714377e+03
1.560777333809796801e+03
1.520339699498883647e+03
1.529181778510292588e+03
1.574881994730747010e+03
1.467061828721600477e+03
1.768688212557880433e+03
1.521838444602537948e+03
1.542963328837393419e+03
1.464145012711038817e+03
1.445560403582469007e+03
1.454516095457186793e+03
1.625842134529788382e+03
1.573276685344609632e+03
1.449223362536937884e+03
1.530200583962843666e+03
1.596784445161829126e+03
1.512479295111046895e+03
1.567953270579126638e+03
1.470794215342397365e+03
1.530334851160655035e+03
1.608563467399340425e+03
1.587182916027727970e+03
1.495382030520528133e+03
1.527512225040754402e+03
1.510052709788369157e+03
1.575340588904221022e+03
1.649700970914193476e+03
1.692634068313146145e+03
1.616984251603917073e+03
1.579657014621892586e+03
1.526660223370822678e+03
1.597779022981836533e+03
1.566546009988959213e+03
1.537490909200615761e+03
1.663969828683023024e+03
1.498250911245396082e+03
1.533950652127675767e+03
1.617196685815707951e+03
1.516926188585974387e+03
1.606362429084533005e+03
1.543099532320613889e+03
1.655336494693179702e+03
1.707408375022968357e+03
1.529210457448526313e+03
1.579299104500477824e+03
1.612734297900509773e+03
1.845608371249329366e+03
1.689450150513084736e+03
1.519641056638544342e+03
1.608797586988683861e+03
1.609325833976969761e+03
1.809950584034074836e+03
1.663827043240600233e+03
1.612054771481086846e+03
1.668593368604479565e+03
1.678916612249915943e+03
1.736098401724174664e+03
1.799339316610836704e+03
1.667245832229836878e+03
1.756299423838643179e+03
1.741562752674922422e+03
1.417814591290051794e+03
1.475011709548023418e+03
1.602064889431122765e+03
1.638158828131217433e+03
1.615944909370969754e+03
1.575553335850375333e+03
1.669972251212891933e+03
1.622864436197920668e+03
1.623559476896639580e+03
1.624077879624434900e+03
1.591412411224446259e+03
1.693030875000557671e+03
1.643396337673826110e+03
1.529194170908193428e+03
1.599379333371343137e+03
1.600301345151855458e+03
1.512793203219848237e+03
1.654652760705239871e+03
1.689640906838096043e+03
1.744400774890609455e+03
1.666945293898142381e+03
1.568158016727398490e+03
1.649765297063914431e+03
1.598424163646012630e+03
1.812978993123695091e+03
1.677148375053599921e+03
1.546436254788116457e+03
1.463675942746180226e+03
1.600227000830278939e+03
1.571336374879347431e+03
1.621843098928814243e+03
1.609961395149870896e+03
1.752347382557787569e+03
1.704400487902938949e+03
1.598854318489030447e+03
1.439251078237958154e+03
1.604949575620865744e+03
1.716398190060176375e+03
1.648805277640339227e+03
1.462829716342755319e+03
1.739709489330199176e+03
1.693654860892149827e+03
1.648778131780667991e+03
1.665665708665895409e+03
1.720757722323873168e+03
1.618400218489583949e+03
1.538940333565041783e+03
1.549175335937990212e+03
1.561943542718220669e+03
1.487941538304258984e+03
1.691931085304885983e+03
1.582156276633847028e+03
1.585103749077464954e+03
1.750551887456731947e+03
1.661319635186558571e+03
1.487394111377250510e+03
1.583824887846573347e+03
1.687779198578842852e+03
1.473106162163008776e+03
1.647116721741028414e+03
1.570548042519323644e+03
1.563246971338361163e+03
1.640735857816171574e+03
1.607599036501383125e+03
1.624587591607525837e+03
1.533150590061367893e+03
1.655598402987788631e+03
1.734196450963995176e+03
1.657267257213522271e+03
1.650577305127625323e+03
1.715829850231245018e+03
1.569313030608873760e+03
1.418027906846455380e+03
1.588986095284548810e+03
1.437414624836544817e+03
1.704655404111389544e+03
1.658686142920116254e+03
1.544728442614721189e+03
1.686648143024941419e+03
1.669403628691634367e+03
1.587040961532673919e+03
1.568131756368722790e+03
1.462409658015683135e+03
1.594163303236564388e+03
1.656967245682632438e+03
1.609492094435371655e+03
1.714060756266084354e+03
1.596223625283142155e+03
1.648585694588430215e+03
1.695045644571688172e+03
1.562678593909021401e+03
1.554774200038613344e+03
1.662018512814578571e+03
1.692369007496714858e+03
1.500558625174423469e+03
1.519488744588775944e+03
1.500331121983964294e+03
1.659619538126067710e+03
1.413036834797669599e+03
1.404753465552342732e+03
1.420263093143523292e+03
1.572006288018328632e+03
1.617707760828564915e+03
1.460066215621470747e+03
1.611618054174832423e+03
1.661178252472230497e+03
1.654662533646371912e+03
1.515412660111544483e+03
1.675293688632466456e+03
1.634797723874646636e+03
1.563455570080612233e+03
1.552151336505822883e+03
1.424286633737327065e+03
1.498978449270604870e+03
1.544028087546702409e+03
1.531039787026647900e+03
1.612754963275644968e+03
1.590980806457908329e+03
1.518268989692234982e+03
1.533480695405967708e+03
1.695853715747783099e+03
1.590810101916970780e+03
1.719925894602185963e+03
1.315070763775828254e+03
1.561167067372484780e+03
1.650765946983141475e+03
1.584896048081657682e+03
1.549553624072588718e+03
1.700196199211708517e+03
1.700328352051628372e+03
1.581421162360413291e+03
1.692629303208868805e+03
1.358392018370841470e+03
1.479477090718602085e+03
1.363628248636510989e+03
1.544472043816552286e+03
1.389759068182447663e+03
1.614845454520448584e+03
1.432420731193617257e+03
1.529133153923348573e+03
2.546378065404102472e+03
1.546248345892173575e+03
2.476683393416204126e+03
3.502516546334413192e+02
1.506281330713274656e+03
2.704789405313878433e+03
2.627944971224786968e+03
2.595183378088152949e+03
1.235309365238627379e+03
2.605283325075254652e+03
2.229522978107930157e+03
2.319442789293902479e+03
9.755981281711198108e+02
1.106672879989384228e+03
1.279550582444263000e+03
1.169111847184604585e+03
2.600474487759979638e+03
8.735838066887623654e+02
2.640691473345355007e+03
1.010240605932490894e+03
7.931474756297199065e+02
7.770037685914885515e+02
6.523943319956456435e+02
6.705818381065665790e+02
6.281431656091231162e+02
8.852894053036242212e+02
8.025970490756729987e+02
6.239985863565697173e+02
6.560183674367212916e+02
4.128659903799787116e+02
5.381871872383701429e+02
5.133226161185170895e+02
5.664725649334195623e+02
4.647808461141117959e+02
1.619936319901627257e+02
4.806570475946646752e+02
-3.087218271758112564e+01
3.894617319430960265e+02
3.225110994598762204e+02
1.065428179393689874e+02
6.349728582968256205e+02
5.523761431008252742e+01
2.627558591680900690e+02
2.302613225261804075e+02
1.348703288624363665e+02
2.626645405373976701e+02
-1.631615593755795501e+01
4.939449961783233221e+02
1.547810753900216829e+00
9.661570820785173908e+01
2.731234342281943555e+02
-2.131500185697664449e+02
4.347680656428063344e+02
5.064627288572051498e+02
1.226877956213857743e+02
2.181292719173829653e+01
1.285265727344893492e+02
2.173354067691403770e+02
7.170378509186130032e+02
-8.873947688992541316e+01
-3.718863970160279564e+02
-2.179122333185744935e+02
5.277764314891048798e+02
3.537791247392606238e+02
-1.049297791029175926e+02
2.965025198677076901e+02
2.416789757650869319e+02
1.683509334707729899e+00
2.245075582976449482e+02
2.902411160861759640e+02
2.099863943893434453e+02
3.861235340258167525e+02
3.724570076607564033e+02
2.538657117257644700e+02
3.233601701818371055e+01
3.480837132427362235e+02
1.764507577454448608e+02
1.377534922470916712e+01
1.404519687245241357e+02
2.971149301789396304e+02
3.974034616786387346e+02
2.538772075284902030e+02
6.430888509751746369e+02
1.279008422613612908e+02
3.614521177782775112e+02
2.843837704919452563e+02
1.212399333939945336e+02
2.952758493933179125e+02
7.496572651076191960e+02
2.475665722747147868e+02
3.892291240330857249e+02
1.012205044632813610e+03
7.109847487461159972e+02
6.428257336873972463e+02
6.290797524844056170e+02
6.982815571845209206e+02
5.681975599402574062e+02
4.667981906437690327e+02
9.001193166660369798e+02
7.410742625170693145e+02
8.883864947571933044e+02
7.537512504974720287e+02
9.833153287273471506e+02
1.057941793907188639e+03
1.262462219138015826e+03
1.136261300695338150e+03
1.133652432414909754e+03
2.128591261318980742e+03
2.006493599248301052e+03
1.619544196718135026e+03
1.132175960578242893e+03
1.967565774603599039e+03
1.901309538594184914e+03
1.643355869560014753e+03
2.026658400539615968e+03
1.557034718884872518e+03
6.843292008441596863e+02
2.024207231482879024e+03
1.585281523777788834e+03
1.439132225677676615e+03
1.158911526668033957e+03
2.123950548438843271e+03
1.453109276561152456e+03
1.945768074802767842e+03
1.234355511289924152e+03
1.122384768111174935e+03
1.282583495128797040e+03
5.853737219800983667e+02
1.983066000976247778e+03
2.055282887364043290e+03
1.343625624044600954e+03
1.218176506069636616e+03
1.382656529089292007e+03
1.389297138883189291e+03
1.102348780550724769e+03
1.010723086341599924e+03
1.663392468656414621e+03
1.542321234470551872e+03
1.600959165348333727e+03
8.403601593473630373e+02
1.431662381555268439e+03
1.618216457714285923e+02
1.647391108635208411e+03
1.495823985016861116e+03
1.003417683057420390e+03
1.635157843373450305e+03
1.698945494023649189e+03
9.861776595949440889e+02
1.628019446865328973e+03
1.173018494430480132e+03
1.676326389648538225e+03
1.494368338373797769e+03
1.605568213586617958e+03
1.502221017912970410e+03
1.962945461139755025e+03
1.469825527949171374e+03
1.446596325473669822e+03
6.255909009730087291e+02
1.580785375830871317e+03
2.310117545576084012e+03
8.103595990755650291e+02
1.611684683849856356e+03
1.446354360265225523e+03
1.630743056152615964e+03
1.352659789756218515e+03
1.288541526987176894e+03
1.479602536887072802e+03
1.380450350944699039e+03
1.208408708006825691e+03
1.488646116660620464e+03
1.509341807075525139e+03
1.328819455581238799e+03
1.489067973607896420e+03
1.603690475498793830e+03
1.438914540464184938e+03
1.508393695563091569e+03
8.588873413216390418e+02
1.872645974035049676e+03
2.260648410459506067e+03
2.101998769814533716e+03
2.106011393836463867e+03
1.511428617707986632e+03
1.389790190509008198e+03
1.618707630774889140e+03
1.974298859332204756e+03
2.192159619719182047e+03
1.591050803421485853e+03
2.539629880907983079e+03
1.321181154068435262e+03
