-2.724552829224449852e+03
-8.343200629074475501e+02
-7.919468782308472328e+02
-1.003182930981985578e+03
-1.076370383566905275e+03
-9.774681663206697522e+02
-8.557834948092644254e+02
-9.989562469664890614e+02
-1.037828299713698243e+03
-8.758742307775582958e+02
-9.271497286044061639e+02
-9.218564701036077622e+02
-9.246358371957876443e+02
-9.971244239833669099e+02
-9.230468519446518485e+02
-9.374576232233919200e+02
-1.055311245331817645e+03
-9.308898190491544256e+02
-8.490002276068487390e+02
-9.007779127399938943e+02
-8.719143961097375950e+02
-9.873051687172467155e+02
-1.656927743776017905e+03
-1.021588846991965511e+03
-9.158164181610825381e+02
-9.062534220174127313e+02
-9.403983029797793733e+02
-1.067204973504614372e+03
-8.235869444720336787e+02
-1.022666629768291386e+03
-1.005010527980070492e+03
-9.710000806373037676e+02
-1.006637874025268616e+03
-8.831231986684549611e+02
-1.065571078032470723e+03
-9.518456180300280494e+02
-8.696617789743446565e+02
-1.344435068513485703e+03
-1.140422014106447477e+03
-2.296813613731334044e+03
-1.716364306269892722e+03
-1.010185586115872866e+03
-1.019826967473410036e+03
-1.674798904278203963e+03
-3.040193184089611350e+03
-1.128951657008585016e+03
-1.535250278731248045e+03
-1.199894667302678954e+03
-2.176393825709663361e+03
-2.171740168242165510e+03
-1.049760437067598559e+03
-1.615288514477801755e+03
-1.377067205260891114e+03
-1.246678320894641956e+03
-1.354981181325469379e+03
-1.331832757124710270e+03
-1.665482021465164962e+03
-9.398596672047772245e+02
-1.513801856055586995e+03
-9.702503991929786480e+02
-8.230850360096193299e+02
-1.053888374881743630e+03
-7.972298794503723229e+02
-1.660799053584359399e+03
-1.030828578490596556e+03
-1.759500462319161898e+03
-1.091019565676245747e+03
-1.176582143920688850e+03
-1.109333193184055744e+03
-9.855200922525539227e+02
-1.241113142857712091e+03
-1.193608257132094877e+03
-1.799197556156575047e+03
-1.085430787739104062e+03
-9.950335701798198897e+02
-1.431450878242210592e+03
-1.207875638366766452e+03
-1.008223267053920040e+03
-8.898437182485025687e+02
-1.085527372899376360e+03
-8.902177306943056010e+02
-8.827301690913532184e+02
-9.296223283776765811e+02
-1.030498783486904586e+03
-9.144032458049866818e+02
-1.050491589955439167e+03
-1.700728592574504091e+03
-9.834026098387375896e+02
-1.099018403305627544e+03
-1.394925654890400438e+03
-1.118963588164366001e+03
-1.098296477344895038e+03
-1.069670382989529116e+03
-9.636256957069624605e+02
-9.674078102352217456e+02
-9.065097119869762992e+02
-1.064744932999691855e+03
-9.231256418288511441e+02
-9.701811029971606786e+02
-1.045252836173502374e+03
-9.383679673290325809e+02
-1.246451609408960849e+03
-8.591179720410681284e+02
-1.065140916530744335e+03
-9.274358003927989103e+02
-1.301018070653447012e+03
-9.988135721452282496e+02
-9.121470521279835566e+02
-1.350830520318311528e+03
-1.149075081616828129e+03
-1.025305692308985044e+03
-8.909715194104049942e+02
-1.054561111234257169e+03
-8.754093710898936251e+02
-9.527364968100193892e+02
-8.282419864491768067e+02
-1.066054285262152007e+03
-1.023793124814698672e+03
-1.377602263310582202e+03
-9.579301302841764709e+02
-1.350896443800567340e+03
-1.117839268928420552e+03
-1.379995940378993737e+03
-1.280994297457781613e+03
-2.269152587444190885e+03
-8.941742753865005398e+02
-1.860922824750195559e+03
-1.422053214748327036e+03
-1.250444058474389294e+03
-2.530977740840687147e+03
-1.734154656538450126e+03
-9.622499482190605704e+02
-1.080955226107552789e+03
-1.035533853604353908e+03
-2.777177785176434099e+03
-1.531650929565721299e+03
-1.244932316330776757e+03
-1.540951560652154967e+03
-1.402830411177312499e+03
-1.370278749844373351e+03
-9.214344889213623446e+02
-9.601890917444948172e+02
-1.197479132215685468e+03
-9.741769000047424925e+02
-1.700638222909089563e+03
-1.062940259810384532e+03
-1.101611590093506493e+03
-1.429186466863571013e+03
-8.155286177040964049e+02
-2.269681941569180253e+03
-1.073221440319337489e+03
-1.435655569327362628e+03
-1.529321013666488398e+03
-2.320126159186891982e+03
-1.781713194332934791e+03
-1.342862538119398778e+03
-1.010924132515206679e+03
-1.103720656048022647e+03
-1.142905499179057188e+03
-1.093576093428703643e+03
-1.799622539180356171e+03
-1.581023908400116170e+03
-1.033508654696973963e+03
-2.124867796698192251e+03
-1.453550860660192939e+03
-1.672888418155339423e+03
-2.030640063573573798e+03
-9.158570273808775255e+02
-1.979759672089568767e+03
-1.061449432942086332e+03
-9.472340684746893658e+02
-1.035514187641364060e+03
-1.750168266690812288e+03
-7.826819696105419553e+02
-1.056024210343499135e+03
-9.511268371775829564e+02
-7.699960863914159290e+02
-1.226176085786734347e+03
-9.260867458678577577e+02
-9.013409785091250797e+02
-1.091981090698494199e+03
-9.860660225365975293e+02
-1.248416180093380945e+03
-7.721007390812119411e+02
-1.117829140993498640e+03
-1.182382650254168766e+03
-8.122327026412303894e+02
-8.003607169783820154e+02
-7.122194252674769359e+02
-1.299960400669766159e+03
-1.001356543559899933e+03
-7.811640790481377508e+02
-8.642038191005242425e+02
-8.777031166583373079e+02
-8.127565798385496691e+02
-8.075389895086518663e+02
-9.185629852392768271e+02
-8.852540742448395577e+02
-1.101872763011654115e+03
-8.051676728769718920e+02
-7.439704169693432050e+02
-9.286963358676320013e+02
-7.681686481079655096e+02
-1.138961505396997381e+03
-9.531595272629255078e+02
-9.909902778070835438e+02
-6.887755490604686202e+02
-9.349854066310281269e+02
-8.341387775990597220e+02
-9.207777440265349469e+02
-9.648003443052049306e+02
-7.435103017343337797e+02
-6.881393242129155396e+02
-8.500899973070515898e+02
-1.086449502097108962e+03
-8.968910909841509920e+02
-1.035283809755879702e+03
-8.644748875209874086e+02
-1.099849371228111977e+03
-8.741297568178496249e+02
-7.052781038927377040e+02
-8.354150210051466274e+02
-8.706699852087804175e+02
-4.987747627651443167e+02
-8.883331509309498415e+02
-1.214129819186002351e+03
-6.600348731247801197e+02
-9.361992066541168924e+02
-8.070884280264137942e+02
-9.105489212390368721e+02
-9.064302541263855346e+02
-9.471418409001641976e+02
-6.512592423175475460e+02
-4.967614388516322492e+02
-6.640944034396201232e+02
-1.379197804026447329e+03
-1.758059050858301362e+03
-1.447852526913135307e+03
-5.447277235146375460e+02
-4.934081145705575864e+02
-6.976227916622927978e+02
-8.266414062896246833e+02
-6.045836109912789880e+02
-6.479374941312703413e+02
-6.980157318205885986e+02
-1.337710100725335451e+03
-5.661514159275454858e+02
-8.715681521324902405e+02
-6.346625121448150821e+02
-7.535750104257186877e+02
-7.559070762835974620e+02
-6.134000760047085805e+02
-7.093273860351179110e+02
-7.815650771299691542e+02
-9.304412583286741665e+02
-7.183770264661091005e+02
-6.040186071388843629e+02
-7.099786936731986771e+02
-7.302197498557517292e+02
-6.870962473973054330e+02
-1.759190725554247820e+03
-5.482574336231729148e+02
-4.804794900961721851e+02
-4.813148492278741060e+02
-1.166051590327106169e+03
-5.471128286903378921e+02
-6.221628192621866447e+02
-1.310645758170396903e+03
-8.413110752747084007e+02
-4.937800956724926777e+02
-5.955685044700367143e+02
-2.156133270021030626e+02
-6.579804352785164383e+02
-1.136910155623861783e+03
-5.896884790744436486e+02
-5.547854597695277334e+02
-4.069854176192822592e+02
-7.511490983824076011e+02
-5.259843504607364366e+02
-3.917109692277409749e+02
-4.403379526757983626e+02
-5.800271085114319476e+02
-5.774528100112269158e+02
-8.253999681754776248e+02
-1.678891719676607408e+03
-2.584517159960290087e+02
-5.024051637186682910e+02
-5.937096946020656105e+02
-7.369229961816338346e+02
-1.715566521745378168e+02
-9.562942150249502902e+02
-6.447611812202447936e+02
-6.398550157460407490e+02
-9.770517598527145537e+02
-7.579899574239783533e+02
-7.373851413202338563e+02
-5.478707796250312185e+02
-3.732022523180110625e+02
-6.757201633607062377e+02
-6.653194950823074123e+02
-7.859999428285276508e+02
-1.277095908117667932e+03
-1.980950665675650271e+03
-1.503272731259758302e+03
-2.008100535332309846e+03
-1.554496967492362728e+03
-2.433404329140307709e+03
-1.482065651858047886e+03
-1.261598016583798653e+03
-1.532823751161963628e+03
-1.590062362871222376e+03
-2.437402588655400905e+03
-1.736528615473581340e+03
-1.737161552081387981e+03
-1.552952598146409628e+03
-1.584128135534710509e+03
-1.440745349441329154e+03
-1.170150453375594680e+03
-1.748671075126452024e+03
-1.700985650501568898e+03
-1.644147621735412486e+03
-1.494814421172342691e+03
-1.579807421104881541e+03
-1.801539234371657130e+03
-1.516118391934276588e+03
-1.691944717247267818e+03
-2.397634390926119977e+03
-2.026343519636024212e+03
-1.670239353052296792e+03
-2.025313639727004102e+03
-1.213384138290532292e+03
-2.436701312254429467e+03
-1.667594173028322075e+03
-1.688777009448186845e+03
-2.152386055750029755e+03
-1.470534232158598570e+03
-1.370733524611574012e+03
-4.468810254639668642e+02
-1.643767755502148702e+03
-1.441659520994434388e+03
-1.368473923022753524e+03
-1.668265356744157316e+03
-1.327606694437765100e+03
-1.397782547036672440e+03
-1.455478924464362535e+03
-1.403829859166850383e+03
-1.334129253646568259e+03
-8.348834084565353351e+02
-1.311538876842462287e+03
-1.362445660935827391e+03
-7.797131218156123396e+02
-1.823275302857159659e+03
-1.259749693768923180e+03
-1.511081374894349892e+03
-1.726096923072264644e+03
-1.599460482313769944e+03
-1.495827553978328524e+03
-9.644946651494581147e+02
-1.834864537205822671e+03
-1.975974470071700352e+03
-1.396057786192590811e+03
-1.867498408155091738e+03
-1.333894251105514968e+03
-1.302552585414002351e+03
-1.179867852899440777e+03
-1.447823621925848556e+03
-9.438245567907226814e+02
-1.344373326468571577e+03
-2.173147892392623817e+03
-1.388942367114361332e+03
1.557051202675606305e+02
-1.459690905717269516e+03
-1.258439335971152786e+03
3.184332769330043789e+02
-9.248557681428287651e+02
-1.111101434191145017e+03
-1.050530638941151892e+03
-1.112446560590914942e+03
-5.436811527186198418e+02
-8.878264357721367332e+02
-4.231222386629453354e+02
-5.255310771609505309e+02
-1.158760688516867731e+03
-6.619229404917203965e+02
-6.304069204807860842e+02
-7.583052303309949593e+02
-5.837326763959972595e+02
-6.031973670123927604e+02
-8.977710767525803703e+02
-7.423023252457144281e+02
-6.353491214338686177e+02
-6.279622956222384573e+02
-4.147255294498263538e+02
-4.576341190280153342e+02
-3.860391899472900263e+02
-5.004570273280648962e+02
-1.782930258232736094e+02
-3.138260225036759721e+02
-2.534813677335524460e+02
-3.099726149283644645e+02
-1.259899340561740360e+02
-7.111169291219250681e+02
-1.231091759191183854e+02
-2.388117991705283885e+02
-2.720779701189196658e+02
-2.783566743846745339e+02
-1.205401740495914709e+02
-2.789537274493951600e+02
-1.359119033922629285e+02
-8.509583319720863415e+01
-3.552485828488269135e+02
1.111084262351944574e+01
9.311135802432872310e+00
-2.316240334801285599e+02
-2.774846786980379534e+02
-2.111060754708645391e+02
-2.735750787931621630e+02
-3.118992954049936088e+02
-9.755442953634779713e+01
-3.721328503077511982e+02
-5.268943081293137993e+02
-4.554078391784410087e+02
-3.986015141323848638e+02
-3.434475835948828149e+02
-5.466447161527062235e+02
-4.021458536203094809e+02
-1.440498303590180171e+02
-2.941828228105393919e+02
-1.850126821091869829e+02
-2.371089246117945848e+01
-1.070459172749163059e+02
-7.500482020342926148e+01
-1.534790989267990540e+02
-1.078604393425078456e+02
-9.209320591486723515e+02
-2.382467776460607922e+02
-2.932871316477046548e+02
-1.981505909116095268e+02
-3.378056729635608235e+02
-3.637164112775774925e+02
-3.412874419660155922e+02
-4.161146954280369528e+02
-3.835293532196561159e+02
-1.368108464712845262e+03
1.080795684799169521e+03
-1.525396091126957344e+03
-8.245309756964326198e+02
-7.186254216339481218e+02
-1.623207121309723561e+03
-3.990304890645581963e+02
-3.978628406148064869e+02
-6.719129013909562218e+02
-5.567803076223003700e+02
-6.173161565976033671e+02
-5.146151411899711547e+02
-7.906125719303598771e+02
-6.507012780615468728e+02
-5.403346677392145239e+02
-5.673469883770678734e+02
-5.830212790117790291e+02
-6.509136035760287768e+02
-4.253048060757386111e+02
-4.539521519104064282e+02
-5.717585462452511820e+02
-4.282568394851418248e+02
-6.968507440042392318e+02
-5.219677503451399616e+02
-4.678577724228083525e+02
-4.051816433448747716e+02
-3.696145027149893281e+02
-3.818223074039003677e+02
-3.584861672735783031e+02
-6.129413373522194206e+02
-5.601043961831901470e+02
-3.256203636281139211e+02
-3.735530683688035651e+02
-7.850421791522160220e+02
-3.117402419245034366e+02
-4.409030309577150319e+02
-4.422937500805079480e+02
-3.626429656396484802e+02
-2.786395602629866630e+02
-5.140614060097352649e+02
-6.978804998083847977e+02
-3.452838278682671103e+02
-4.979386178540759147e+02
-4.864379990133614342e+02
-1.864137523229500630e+03
-4.233090114709397085e+02
3.982113604190635670e+02
-5.020369973507017676e+02
4.238577255013275931e+02
-3.500572119014216810e+02
-1.440275445827591341e+02
2.480387796678628263e+02
1.496235973956568444e+02
2.578869799094875361e+02
-8.217008999397424418e+01
-4.944005352535340307e+02
-3.082349195880182151e+02
1.372300067026648094e+02
-2.674133176065327078e+01
-5.283156095466573277e+01
7.262315355963639263e+01
2.014716598622007382e+02
-2.423065222194686044e+02
-1.557394825093480790e+02
-4.498157794853663631e+02
-8.758489359971360955e+02
-2.708420380376526850e+02
-5.940586946133867059e+02
-7.741453253591535031e+02
-3.977752825515511290e+02
-3.592944757147391215e+02
-4.992556887963486361e+02
-1.093914103867690301e+03
-8.668124809397877470e+02
-2.124390587011531579e+02
-6.780248613464881373e+02
-5.832327944173875949e+02
-9.553220361772310980e+02
7.445386709454464835e+01
-1.750790206738881238e+02
-2.203224011713994344e+02
-1.305830812008823386e+03
-1.628595142119973787e+02
-4.165569369725437241e+02
-3.184821135892124744e+02
-6.408714938834341410e+02
-2.414251878568551319e+02
-5.907639850728540978e+02
-5.810751636513671201e+02
-4.464683462152871698e+02
-5.083653314063539597e+02
-4.229328802124397839e+02
-4.045062179165206544e+02
-9.071071954688782171e+02
-5.504445186079159384e+02
-1.227804558636636557e+03
-1.165924602348711005e+03
-2.786592323733375451e+02
-6.968369327325041240e+02
-8.740146290296520419e+02
-5.450322611687452081e+02
-1.931048611170326410e+02
-3.838748235174026604e+02
-2.313283189248269878e+01
-4.711815725648949638e+02
-4.018726976677152152e+02
-5.839253300315222361e+01
4.780100334428703945e+02
9.652216473238636354e+02
3.413995473186442950e+02
6.531041642618131391e+02
1.191025607688259811e+02
8.359560734365486496e+02
6.583783434518056765e+01
3.996393200589737944e+02
7.731534759968392336e+02
2.938934576143393542e+02
2.739687878337516054e+02
-2.917060030586878838e+02
4.628847893966886318e+02
-3.584331093975217186e+02
-8.431782914634452482e+02
-1.166187834806212550e+03
-9.737322948269914491e+01
-2.681280813262310403e+02
-8.342652487739638900e+02
-2.711455606484573764e+02
-9.546338895129971434e+02
-9.248708354982693436e+01
2.999309353048968205e+02
-7.173302941044411796e+01
-1.556257628249335028e+02
-7.012587321493859918e+02
-7.308021992691319610e+02
-1.577543013366221658e+03
-6.965065545760785426e+02
2.256563370583705819e+01
-8.788655483744636285e+02
-3.206896081253003672e+02
-3.267325120102426013e+02
-3.238537214354290654e+02
-3.657931680433844690e+02
-5.046278136951191868e+02
-5.773253772618845687e+02
-6.049620339225157295e+02
-3.811988830812887272e+02
-3.633369748858243611e+02
-5.862195004667166813e+02
-6.445246355223772525e+02
-5.489727178263118503e+02
-4.359368393606122822e+02
-5.884862157210079658e+02
-6.737527408711657699e+02
-5.320374043440108380e+02
-4.580740729028823921e+02
-5.486118787148270712e+02
-3.146277557500107491e+02
-4.589010947609604614e+02
-1.142331721695508804e+03
-1.315561292277599023e+03
-1.378293604781654949e+03
-1.512110344996946651e+03
-6.143686224764678627e+02
-6.556377325161486169e+02
-4.331889502221274597e+02
-4.706549428997707309e+02
1.909963708789342718e+02
-1.215024686343663916e+03
-1.151284371766680806e+03
-1.085068991771070159e+03
-2.488123276995420952e+01
-1.726612118648008050e+02
-4.058993976292793491e+02
-3.621172796823509543e+02
-9.442034633186369774e+01
-4.139350968414378258e+02
-4.467860664863858347e+02
-1.558226710555737498e+02
-3.434140344929450066e+02
-5.570419858538748485e+02
1.755338686202657072e+01
-3.347863408612487888e+02
-6.365540230586461803e+02
-3.715165522189884655e+02
7.488613459772512897e+02
7.452908770317008020e+02
-5.667502735596009416e+02
-1.187592192164773905e+03
-6.375314424176056036e+02
-1.364518870232485369e+03
-1.828041763833981577e+02
-1.507600989777295695e+02
2.623453620245804814e+02
9.963211650949206160e+02
-3.006694572766058400e+02
-1.680556164449201049e+02
-4.524791673373227354e+02
-1.461556475239101019e+03
-5.244860333658386935e+02
-6.820243034154399311e+02
-5.754567682871843317e+02
2.800772363039347965e+02
8.708827711971740655e+02
-2.610132027502220353e+02
-3.226741630322917445e+02
-2.412368109051655551e+02
-3.102551176021837023e+02
-8.355499528506827573e+02
3.545731007490182947e+02
1.013251808228855211e+01
4.464113546587697101e+02
-7.617548301183120429e+01
3.207644794604606204e+02
-2.564159926546146835e+02
1.818853806367962989e+02
3.334996362109842494e+02
4.791020002666365940e+02
-3.362183941253459238e+02
9.432563342978286300e+02
5.340535273646871701e+02
5.285550238346793606e+01
7.675367402130243590e+02
8.300942118297808747e+02
1.141809497961436591e+03
5.846372176261902496e+02
8.815532702226209949e+02
9.842406458622833725e+02
4.459785633781174283e+02
-2.171388475295348712e+02
-9.377723495859648892e+02
1.041480502113113289e+03
6.821982188941931327e+02
-4.342241960602679569e+02
2.409263101712840864e+02
-5.217119155642277519e+02
-7.469931526803677571e+02
-7.263435124696711682e+02
1.246653956544483748e+02
3.848570760287979056e+02
9.003365516128061472e+02
5.994513293654898689e+01
1.155087810954043107e+03
1.330581890806203091e+02
4.315490947860537290e+02
3.102178175912294478e+02
5.347333372195085985e+02
5.629936214862840416e+02
3.769843221618558005e+02
-3.826612977090719596e+02
-1.744859036717050458e+02
-4.629684959123825365e+02
-1.944945436232391103e+02
-8.268779844195634610e+01
-1.785174074012365395e+02
3.930377758491971463e+00
-9.210798999702613798e+01
-2.160130497224983515e+02
-4.987700183499508739e+02
-5.641897837542916250e+02
-9.168647438742773375e+02
-6.331461277797856155e+02
-2.551539566992942127e+02
-4.674164437338539528e+02
-3.897308303784328700e+02
-5.955294887454160744e+02
1.778578056412539468e+02
-3.027221122795650103e+02
-2.005507001779403140e+02
-3.444879144732011582e+02
-1.879679039167712062e+02
-1.642500719901605635e+02
-1.464127403641633407e+01
-1.893871667671771320e+03
-2.907819193702363805e+02
-2.356000150729980191e+02
-2.626131553481353080e+02
-3.392906278549131684e+02
-2.984395656322853370e+02
-2.069332638219796081e+02
-4.166532898880932976e+02
-1.697572523110947031e+02
-2.650465918678266348e+02
-1.290952941832806346e+03
-6.916574438124580411e+02
-2.120943989145413866e+02
-3.013873559368520318e+02
-4.395588611033356301e+02
-4.835173357127200120e+02
-6.310454805561722225e+01
-3.389118009372564870e+02
-4.630303301860864167e+02
-1.410242948949857237e+03
-1.624769263350191068e+03
-4.265345894926863366e+02
-2.651106794529947024e+02
-8.909817405802466794e+01
-9.394212891433905952e+02
-2.734666649769125684e+02
-3.828517167640387697e+02
-4.016904849095890881e+02
-3.465968814311472670e+02
-4.219663327880613224e+01
-3.204791786932386231e+02
-3.988331360666520027e+02
-3.101873122682414987e+02
-1.182592348323859369e+03
-1.019950001550294019e+03
-2.270872727271590747e+02
-4.120385345758830908e+02
-8.338193634178045954e+01
-1.362552656602742900e+03
-1.111162747543497062e+03
-4.326750634716894410e+02
-3.050598466179151274e+02
-7.374189023598224821e+02
8.459156202543665586e+02
-8.847191330582091950e+02
6.341697821817166414e+01
1.519712544077866596e+02
6.155774228440559455e+02
-5.196481108498255708e+01
6.592417789815162905e+02
8.076195956565395591e+02
1.028292350921857860e+03
6.889773875051388359e+02
8.387360062107768499e+02
1.405971186411135250e+03
-7.493386756952280621e+02
1.055124797362398567e+03
1.153209837646870710e+03
-8.411501988359343613e+02
7.854722245218333683e+02
1.058751782889419474e+03
1.292051554331612806e+03
1.134051683380802388e+03
1.265083727711429674e+03
3.844858721890700508e+02
1.019393557866235142e+03
8.686914610804348058e+02
9.527717785751259498e+02
-1.775174620406536405e+02
1.070505355749621003e+03
7.767553609523919249e+02
4.301149484555547247e+02
1.251064415221199852e+03
1.082003428064022273e+03
8.361875719447816664e+02
9.961009796089476822e+02
4.945961731432523152e+02
4.567888212905420460e+02
5.151496429400378929e+02
-7.760410122863736433e+02
5.216146964338017824e+02
6.245436284079364668e+02
1.959594104887159745e+02
-6.288083414175576991e+01
5.208650170646554898e+02
1.379853074802261403e+02
-1.105071748612318743e+02
4.471216293079979209e+01
-1.817505681584663364e+02
-4.102298312935572966e+01
4.812895310195690968e+02
-2.373564362199918492e+02
-5.028787451032226272e+02
-1.078064839036425866e+02
-3.335215339902306653e+01
5.028602407124427032e+02
1.351640765326835947e+01
1.555283978096512101e+02
-2.837787298648956380e+01
2.168279169783082239e+01
1.892992600517397648e+02
-3.258360856023095380e+02
-1.724261728302846564e+01
5.923287062556084948e+00
-1.274827610990573135e+01
4.143119726854949363e+02
4.522440709154724914e+01
2.573637058533674917e+02
-6.890762376022387343e+02
-1.709573577698540419e+02
4.224101491982115135e+02
7.796320125647372379e+01
3.172078987343834342e+02
3.262326403040680134e+02
4.591451565747641439e+02
8.523220281566135554e+02
5.550373283921344409e+02
8.881848733261158202e+01
8.308748571653103454e+01
1.053053953549785575e+02
5.352896231535773950e+02
1.087812771668637168e+02
6.061892712075114105e+02
4.271235906791265506e+02
3.751212887606473600e+02
4.670324239251684162e+02
4.710494151283249948e+02
1.583451567592471179e+02
7.919719227190068978e+02
5.885138219572878597e+02
1.043713046530890551e+03
6.340378024498842251e+02
5.349685376334678040e+02
7.175743845251295170e+02
6.397767435878972719e+02
4.645960687116253212e+02
8.214715957979304903e+02
4.012380543000661532e+02
8.818460000880713778e+02
7.898187653586910528e+02
5.450612980299257515e+02
5.787054675874728673e+02
6.947134610786140456e+02
6.923535319139211879e+02
7.780001424109372010e+02
8.563656016327952329e+02
7.196149357700029441e+02
6.523060361276019421e+02
8.463816332932320847e+02
9.169588219921508880e+02
7.714010667387231024e+02
5.800746244672059220e+02
7.253501716309669973e+02
6.048826074547420149e+02
9.118131587223692804e+02
7.265004536906388921e+02
6.453843088708614459e+02
7.743239323921011419e+02
7.189619861697847227e+02
7.000441070647136712e+02
1.069367300772454200e+03
6.050455694257532286e+02
6.333158920457282193e+02
6.912744120812037636e+02
8.244533465687754870e+02
6.440450417110987473e+02
8.662279337830606210e+02
5.382778673669937461e+02
7.894598196855525885e+02
9.872155242112528413e+02
7.942238524413918412e+02
8.181867886714668430e+02
-8.350127122506710293e+02
7.846513975353111618e+02
9.964863177136280683e+02
8.539265655440607361e+02
8.540562987983967105e+02
9.829296810078826638e+02
9.083464566990487583e+02
8.500704939015317905e+02
9.325706956184168348e+02
9.370351060504797260e+02
9.023068736614289946e+02
9.499003081465277774e+02
9.585426863797293890e+02
9.310928828359706131e+02
1.116812262988573593e+03
8.447762464303564229e+02
8.376002115827727721e+02
9.126846863923915407e+02
6.623495573428956504e+02
7.361804024985407295e+02
1.051490868511069039e+03
9.845498435162353417e+02
9.409310168905717546e+02
1.132541282362479706e+03
7.210004426438399605e+02
1.073738260971859972e+03
1.184560456947460807e+03
7.478847378587236108e+02
5.888934170167077582e+02
8.678350107979205177e+02
5.308924599887895965e+02
9.899889750786600189e+02
1.113372782775905762e+03
1.023729851346590181e+03
9.153572436916496144e+02
3.408074071454942668e+02
9.404696261953981775e+02
7.092050209192497050e+02
9.675207417140147754e+02
1.035071839602575210e+03
7.288636521307345220e+02
5.796862300380894339e+02
1.002550435403459005e+03
8.206250256490432093e+02
7.945689244344985127e+02
1.051438247236530742e+03
6.732972625221153748e+02
9.922956458960139798e+02
5.302497370233791116e+02
8.063748726509007838e+02
4.960030128122391488e+02
9.471362025131949167e+02
8.199432178941601705e+02
9.743961201930279685e+02
9.375650774121654649e+02
6.718611385463398165e+02
8.390432241196300538e+02
8.624943410626508467e+02
5.577155937619992301e+02
1.104095331223147923e+03
8.003367391952315302e+02
1.053341264799421879e+03
7.465564026822859205e+02
8.234126333621952654e+02
5.211140350822115579e+02
7.084333545950970574e+02
9.349368375852689041e+02
9.232536675994272173e+02
5.252154422703576984e+02
6.166186392699473799e+02
9.171760541915417662e+02
5.630263477026775263e+02
7.267218410367763681e+02
7.938986300686017330e+02
1.005395857105896312e+03
7.441181709277617529e+02
6.816333689171607375e+02
1.129633483199853345e+03
7.584537475081936009e+02
6.207881015776081313e+01
4.784505926189493721e+02
8.766309045598379726e+02
6.288821593859017867e+02
5.647492767893270411e+02
3.687531520090253707e+02
7.976383644051614965e+02
7.511944220968632635e+02
8.598404365491701355e+02
7.059930019073791527e+02
7.636400091384521147e+02
7.601849581524816131e+02
7.854473025733040004e+02
8.268156733564399019e+02
5.220996326490147794e+02
5.525092242080129381e+02
6.358950844125374715e+02
6.390857975888803821e+02
6.895534978824243808e+02
6.288037279846405454e+02
7.229517828980755212e+02
6.529363362123228853e+02
7.028267807813920172e+02
8.226603328060192553e+02
7.538842606073244497e+02
6.521037218993232045e+02
5.583189442263111459e+02
6.655850453199905132e+02
6.286589924652398622e+02
8.379122302731404943e+02
5.626135603282353941e+02
6.473008938706987010e+02
8.125716281429030232e+02
6.796618124624501434e+02
