-2.317926996074724684e+03
-7.094685786119740669e+02
-8.874138382956709847e+02
-6.192288875885386688e+02
-5.246286396529241074e+02
-5.117975674747562493e+02
-5.664988094070878333e+02
-5.162068602072206431e+02
-6.627963640617148258e+02
-6.433485535477140047e+02
-5.780736871615915788e+02
-5.800244481242959864e+02
-6.264526287171031527e+02
-6.456269653516516200e+02
-6.924126948812596538e+02
-6.357655122081750960e+02
-6.903330406110678723e+02
-7.137357755396691346e+02
-5.967425705974541188e+02
-7.301651767791389602e+02
-6.477506769612401740e+02
-6.320398022941270710e+02
-6.451696200186949000e+02
-5.928342671351122135e+02
-5.840283322464371167e+02
-6.073452948616072717e+02
-6.910705482473059647e+02
-6.206233194227728518e+02
-6.379285828446616051e+02
-6.646711798118647039e+02
-5.984801428017926810e+02
-7.216021857118843172e+02
-6.209623943077801869e+02
-6.623382373211693448e+02
-7.700797945507633813e+02
-6.854954949271116220e+02
-6.273598216221773782e+02
-6.950132044508869740e+02
-5.579794153708334079e+02
-7.310174717609002073e+02
-6.496991060948137147e+02
-6.700984120814794096e+02
-6.309295589303751512e+02
-7.666995411916058174e+02
-5.561188622067048755e+02
-5.220155865041601828e+02
-5.948088922732093806e+02
-6.542601138816215780e+02
-6.344170830052350993e+02
-5.919987422447376275e+02
-7.049196003944501854e+02
-7.106224141002280703e+02
-6.664283605440645033e+02
-5.828040641794926842e+02
-7.451824829576275988e+02
-5.582487494578624592e+02
-7.128834011438002562e+02
-7.012396744106438291e+02
-5.935600916396127786e+02
-6.616539024662816928e+02
-7.071098532668776215e+02
-6.434505660261170306e+02
-6.064537928609744313e+02
-4.957367834385942160e+02
-7.218984939889878660e+02
-4.908291146239524210e+02
-5.748136631582931386e+02
-6.855710137621060767e+02
-6.189172931769612660e+02
-6.698074318234274642e+02
-5.975922090495580505e+02
-5.311033767147896469e+02
-5.984176294755629897e+02
-7.136711229161136316e+02
-6.860035901610274323e+02
-7.440680790235187487e+02
-6.826931357974237926e+02
-6.448317839873255934e+02
-6.219040091727309800e+02
-5.117518952537060386e+02
-6.243296582625729343e+02
-7.003549793854284644e+02
-7.242743950681201568e+02
-6.709380027136301123e+02
-6.341659402061388846e+02
-6.081932027745782534e+02
-6.390158518889306833e+02
-5.965030186545261586e+02
-7.030874236375414057e+02
-5.525573147108442527e+02
-6.826271811087982542e+02
-7.154741421454847341e+02
-6.716685559499694591e+02
-5.607037124470562048e+02
-6.108394985158473673e+02
-7.220440654289091071e+02
-7.045704763608488292e+02
-6.453810464228068895e+02
-5.963769532755204636e+02
-5.487539843626445872e+02
-7.708257628308999756e+02
-6.337593227099988553e+02
-6.337760810534585971e+02
-6.081611415517197656e+02
-7.159775923052908411e+02
-6.126986802810585004e+02
-6.656782421663830291e+02
-6.426386346770623277e+02
-5.910276694134894342e+02
-6.297891782433956678e+02
-6.135858535106677891e+02
-6.495386969309922733e+02
-6.798130702929765903e+02
-7.102607907412465238e+02
-5.118195656032002034e+02
-5.647177328912360963e+02
-6.857444649307900590e+02
-6.752786590002560843e+02
-5.593762774845907870e+02
-5.077254048195504765e+02
-6.087382157298899301e+02
-5.189815486603924910e+02
-6.520402732752444308e+02
-6.446756233828266431e+02
-6.239302221095011873e+02
-5.036052883841032894e+02
-6.283978302246187013e+02
-6.625570371625710777e+02
-6.787211199010687324e+02
-6.420575107732823881e+02
-6.343563792593100743e+02
-4.819222366631158252e+02
-7.158186325727933763e+02
-7.226622534990956410e+02
-5.738937813492739224e+02
-6.670735269755314221e+02
-6.654060695109078551e+02
-5.813649292305814242e+02
-6.835974034895421028e+02
-6.069366574059101822e+02
-5.831195554840724071e+02
-7.153854265133925310e+02
-5.503024348087581075e+02
-6.603908580516720122e+02
-6.857774124079450075e+02
-5.958372618876446722e+02
-7.409076394703017741e+02
-6.444827127166582841e+02
-5.562141623245471465e+02
-5.991229980803948365e+02
-6.434982373657308017e+02
-6.323192644415116774e+02
-5.427257605688479316e+02
-7.210245643395217030e+02
-6.334344874537398482e+02
-6.582901506296080925e+02
-5.916814375668936918e+02
-5.955087489372327809e+02
-6.417946589048270880e+02
-6.803765025078596409e+02
-6.288585502115028021e+02
-6.257780244008996533e+02
-6.698392883174458348e+02
-6.853621080880926684e+02
-6.310415123856089394e+02
-6.247424487361411138e+02
-5.591506553131428063e+02
-6.653637892420564413e+02
-7.184888201611177010e+02
-5.963178002180123940e+02
-6.634608403923773494e+02
-5.207604012244001979e+02
-5.439292648226871734e+02
-6.649404877200951205e+02
-6.882249116808296776e+02
-7.011966177679356633e+02
-7.279704914931094208e+02
-7.378530358526954842e+02
-5.849780547350758297e+02
-6.974077037700765231e+02
-6.180479228945441719e+02
-7.502508975180176094e+02
-7.581254560762773735e+02
-6.919512937700475277e+02
-6.261137701032080258e+02
-6.241015744026565244e+02
-6.298359530479876867e+02
-6.688405274721930027e+02
-5.769415004132113154e+02
-6.305892396929286861e+02
-6.059702154100480129e+02
-7.432248908896538069e+02
-6.676631728428379802e+02
-7.421636483712111385e+02
-6.250058071698280173e+02
-5.934758968627357945e+02
-7.325752757834707154e+02
-4.970185098357271727e+02
-6.739270118973256558e+02
-5.144756859951205570e+02
-7.099478713805511916e+02
-6.449744694104286964e+02
-4.980590690923453394e+02
-7.317209137962920522e+02
-5.948355675282267612e+02
-6.876617338923321086e+02
-6.950878671010716516e+02
-5.377500152640704982e+02
-6.584659604700383397e+02
-6.953874806839168059e+02
-6.109728371500253843e+02
-6.858954592016714287e+02
-6.787084919212810519e+02
-6.867778865999500795e+02
-6.985880495650392277e+02
-6.692196117418322956e+02
-7.344499855450386576e+02
-6.590881347433214614e+02
-6.487733530340631205e+02
-4.712932117734405892e+02
-6.987578974107573231e+02
-6.731054667691913664e+02
-6.012465448203640790e+02
-7.179910619521392618e+02
-5.771947117721007317e+02
-6.316282819893533542e+02
-6.858236130410693931e+02
-7.395565315093988374e+02
-6.182888709730509618e+02
-6.707770952992664206e+02
-6.229247693476604582e+02
-6.052800586695469747e+02
-6.695513034030407198e+02
-5.248052923672728411e+02
-6.385341278370287910e+02
-5.502429050326802553e+02
-7.558213190376176271e+02
-6.803129714046388017e+02
-7.099286521247970541e+02
-6.881069809319812975e+02
-7.178577899985996282e+02
-7.044688781940320723e+02
-7.262945361719101811e+02
-6.332574400165516408e+02
-7.111071294405185199e+02
-6.597729886348172386e+02
-6.747283062871674701e+02
-6.482119461352782537e+02
-4.890120185022315127e+02
-6.275013821980728608e+02
-7.047649539817222148e+02
-6.887307592295067025e+02
-6.555742895379019046e+02
-7.019628450700524809e+02
-7.148079720564828676e+02
-6.801507972131819315e+02
-6.420426122381974210e+02
-7.032333134120625573e+02
-7.667996429620161507e+02
-5.896969547316341504e+02
-6.097184782255495747e+02
-4.801386107145833648e+02
-6.571813832318882760e+02
-7.609640919185998200e+02
-6.409129762973547031e+02
-6.637576905640436280e+02
-6.655830997988117588e+02
-6.026084636776648722e+02
-6.272733094388297559e+02
-6.700628442231829922e+02
-7.326304283162166939e+02
-5.714357973938363102e+02
-5.769918957121232097e+02
-6.911634031308449266e+02
-7.430182873214658912e+02
-6.672099200861330246e+02
-5.071220225997742546e+02
-5.966265655204352925e+02
-7.287920261223098350e+02
-5.406623003460985046e+02
-6.527869042858872035e+02
-5.720667472389027353e+02
-6.062247560524506298e+02
-6.381824660891519443e+02
-5.711511616560228504e+02
-6.371490524261694190e+02
-7.282955308394781468e+02
-7.060861556286629366e+02
-6.930468404421590094e+02
-5.876196675285715401e+02
-5.793228869425420271e+02
-6.517578648237762309e+02
-5.882774343907066168e+02
-6.592367506902508012e+02
-7.219658359705294970e+02
-6.536264844857453227e+02
-6.676907472757688993e+02
-6.410945602106206707e+02
-7.191002756838298637e+02
-5.491392327158187072e+02
-6.728083438776943694e+02
-6.779471996854822464e+02
-5.646711799858106815e+02
-5.605354334798555556e+02
-6.119453274006787069e+02
-7.095734682685623511e+02
-5.977002849609131090e+02
-5.477598349328479799e+02
-6.230397994839388502e+02
-6.779326143156383750e+02
-6.346573251047569784e+02
-6.081177224097142471e+02
-5.401625051181306389e+02
-7.076540583589727476e+02
-7.452317162705867304e+02
-6.667792871672547790e+02
-6.448762975110806792e+02
-7.501130979283032048e+02
-7.550610402761632258e+02
-4.784877057713655972e+02
-6.451075896441903978e+02
-6.879412254094399941e+02
-6.274266298130741006e+02
-7.013385798998724567e+02
-6.415943424385474145e+02
-7.377772966681154685e+02
-7.357605421408338771e+02
-6.146229166703906230e+02
-6.749290223727514331e+02
-6.065616280702445238e+02
-5.272645978808030804e+02
-7.332673766094455914e+02
-6.218943318615451972e+02
-6.920997305365851844e+02
-6.791283338683377906e+02
-6.210507577111391129e+02
-7.288331650854811414e+02
-6.689607281563301058e+02
-5.398731902389627066e+02
-7.480953089017285720e+02
-5.937726743867186769e+02
-7.630454933058822462e+02
-6.370612928880599384e+02
-5.657084098986022127e+02
-6.568194395695473986e+02
-5.972788795534527253e+02
-6.079254778240898531e+02
-7.007377725373294197e+02
-6.813690262843862229e+02
-5.531351421889369249e+02
-7.055657384989586944e+02
-6.160538472668216627e+02
-5.808478345978298876e+02
-5.652119426806680167e+02
-6.749981900159688166e+02
-6.847689083934708378e+02
-6.016188430131705900e+02
-5.777944876234081448e+02
-6.770157733596571461e+02
-6.605579953515270972e+02
-5.784264783247606374e+02
-6.000400363470886305e+02
-6.219486228946831261e+02
-5.970261040834512869e+02
-5.242287333066080919e+02
-7.070436200400207554e+02
-6.263301585275128218e+02
-6.451135842995267922e+02
-6.552989452770584649e+02
-6.446924318793423936e+02
-6.375246849815675887e+02
-5.836100777695869510e+02
-5.545085291541306560e+02
-6.084410499132246741e+02
-6.453603739546069846e+02
-5.775980418588003431e+02
-6.505440258466023806e+02
-6.366381636243221465e+02
-7.075050800186020297e+02
-5.896087429455545816e+02
-7.069182769561078885e+02
-6.844554991127059793e+02
-6.291978792691550098e+02
-6.704406839462221797e+02
-5.136936141444865598e+02
-6.303256068524967759e+02
-5.920175036619345974e+02
-6.922334066217691770e+02
-6.313301416063562783e+02
-6.070075371278909415e+02
-7.586400506724305615e+02
-6.577968823139011647e+02
-6.488039979390064218e+02
-7.434335342650449547e+02
-6.082808505217653874e+02
-5.927077786965276118e+02
-6.165318273769771622e+02
-6.422861444661311907e+02
-6.017663926445915195e+02
-7.202953997184237096e+02
-5.547037136346453963e+02
-6.162844437994422151e+02
-5.655624937515814281e+02
-6.503201376112810976e+02
-6.741696588823394904e+02
-7.090911365945510170e+02
-6.787173400089376401e+02
-6.417435132962210673e+02
-6.110280854204499974e+02
-5.240444820475790948e+02
-6.104221724074834583e+02
-5.804878293625296237e+02
-7.228702263349871373e+02
-7.009540381118813457e+02
-5.816123127475378851e+02
-7.574364110386306947e+02
-5.979184998097169910e+02
-6.502972903160592750e+02
-7.070088191129865436e+02
-6.820173914098099885e+02
-6.155524603464092479e+02
-6.443489308177311159e+02
-5.700023984604082443e+02
-7.303057214477673824e+02
-5.985342544734551211e+02
-6.883850916498574861e+02
-6.793547286603801467e+02
-6.297151575937700727e+02
-6.403690783169950009e+02
-5.593639911219601117e+02
-6.098255827941608231e+02
-5.685846454478396481e+02
-5.806321332065772367e+02
-6.723125049435604978e+02
-6.721687698331493266e+02
-5.890895173985658175e+02
-7.521641311370722178e+02
-6.284666629705437799e+02
-6.740542282350420464e+02
-6.503103810996219636e+02
-6.906674906527878193e+02
-6.323807719616776239e+02
-6.265526816093832849e+02
-6.430977064895205331e+02
-6.210315740601542984e+02
-5.520592305415651708e+02
-6.033215252055495057e+02
-6.246987854552211274e+02
-6.858836729025636032e+02
-6.831314076496408916e+02
-6.730052135091555101e+02
-7.131083981922822659e+02
-7.196853465294038870e+02
-7.682389403286806555e+02
-6.755920926826012192e+02
-5.114529481602801297e+02
-7.288133545895246925e+02
-6.627891579437917926e+02
-6.916880517414153928e+02
-6.930827956004386579e+02
-6.165466154015412030e+02
-5.611878130579841581e+02
-5.836389043090406403e+02
-6.716860744725735231e+02
-6.984365180796191908e+02
-6.296071597902655412e+02
-5.975228053140106113e+02
-5.269027277336391535e+02
-5.415543578384681496e+02
-5.577227787356946465e+02
-7.065438984352293801e+02
-7.452465016542604417e+02
-7.029794093773707573e+02
-6.115495967968483910e+02
-6.060572907146095076e+02
-5.871887302951055290e+02
-7.619896731100300258e+02
-7.380143369666889157e+02
-6.404444764487811881e+02
-5.393821926964792510e+02
-6.800408717905824005e+02
-6.420292215288735633e+02
-6.866412013076679841e+02
-6.526782501732475339e+02
-5.684857562824245178e+02
-6.472064381599985836e+02
-7.284720260455619609e+02
-6.225845995406615430e+02
-5.498906233849407954e+02
-7.081008885887506494e+02
-6.442987926528786602e+02
-6.154622136647774369e+02
-6.554035283032940242e+02
-6.987387173835892327e+02
-6.401771739631085438e+02
-6.857892451527161484e+02
-6.742328297721270474e+02
-6.748079256019813101e+02
-7.023334566904031817e+02
-6.723811412616815915e+02
-6.234027369500372515e+02
-7.060860035274292841e+02
-6.657044391265304739e+02
-7.231151992379311650e+02
-6.158802280061836427e+02
-6.998748132574536385e+02
-6.652524589513477622e+02
-7.417103374696773699e+02
-6.550594248151189731e+02
-6.027976721764305239e+02
-5.194798694954918119e+02
-7.115173049097580815e+02
-6.199714736341719572e+02
-6.683924942063415529e+02
-7.168979371528383808e+02
-7.702165844417245353e+02
-6.850732455056557910e+02
-6.865622427221684347e+02
-6.385227842232943658e+02
-7.297780877885660402e+02
-6.009889938378501029e+02
-5.225827607023621795e+02
-6.792107444332523301e+02
-6.565652181764170336e+02
-5.569426287210676492e+02
-6.071555427639254958e+02
-5.134531163662086328e+02
-6.618062310763068581e+02
-6.927948222258181659e+02
-7.125531483490665323e+02
-5.472962884361949136e+02
-6.247721455347964366e+02
-6.749160081877341781e+02
-6.417829712783868672e+02
-5.527285016926555272e+02
-6.322965560320094482e+02
-6.648144345487082774e+02
-6.457239093204357232e+02
-6.052756595037278657e+02
-5.827168345152789470e+02
-6.122998618789658849e+02
-6.568059761449699181e+02
-6.183299945488575986e+02
-5.913496737566121055e+02
-6.540777740225025809e+02
-6.164934353697707365e+02
-7.009864726335464411e+02
-7.605847474013229430e+02
-6.807948987761596982e+02
-5.625114108794987260e+02
-7.007096668113432543e+02
-5.509565743134819513e+02
-6.683839741248625614e+02
-6.345781590032380564e+02
-7.103061985756847889e+02
-6.500489207149248614e+02
-6.610426850130273806e+02
-7.323358562522904549e+02
-5.580652810386992542e+02
-6.098767746235361074e+02
-6.870544079930394901e+02
-7.170431354051678454e+02
-6.842506988997239432e+02
-6.745570908339200287e+02
-5.739891928616804080e+02
-7.115717048281801453e+02
-7.476091754098620186e+02
-6.171388392187265026e+02
-7.114269495462506256e+02
-5.817964265955505425e+02
-5.935511568295643201e+02
-6.502539218313686433e+02
-6.710861382535016446e+02
-6.935766670329435328e+02
-6.417397512863129805e+02
-6.727082822751714275e+02
-6.970982135954967589e+02
-6.020592376786624982e+02
-6.595693862156954310e+02
-5.950125778440501563e+02
-6.555540850016953982e+02
-7.405217385333303355e+02
-5.996888891000481863e+02
-6.119075172582893174e+02
-6.598782350404094359e+02
-6.365484756696229169e+02
-6.869789961940075500e+02
-6.951871872741741072e+02
-5.870805861209360046e+02
-6.592301585472973784e+02
-6.584960595697311874e+02
-7.601826868480452504e+02
-5.923154934742012756e+02
-7.342135002835664181e+02
-7.490275590794392429e+02
-6.759083249623594156e+02
-6.084206991663088502e+02
-6.629273042207703384e+02
-7.593489863846328944e+02
-6.571244543230549198e+02
-5.920604312446696440e+02
-6.582033116670909294e+02
-6.033821850415480412e+02
-7.047356420797849523e+02
-6.690205598893188608e+02
-6.632703125542066118e+02
-6.293965675990194768e+02
-6.163698392711157794e+02
-7.571212007925238368e+02
-6.499644418501659402e+02
-6.341052994560982370e+02
-6.823973586790096988e+02
-5.711866095878051510e+02
-5.790612318295596879e+02
-6.393283419170569459e+02
-7.163431666450823059e+02
-6.608836109633114120e+02
-5.743381612512526999e+02
-6.203486976744410413e+02
-5.641770803410456665e+02
-6.063993769421906563e+02
-6.595432692481385857e+02
-7.016864640460261171e+02
-6.281174126666800248e+02
-7.612209500141784702e+02
-7.388773805111084130e+02
-6.651439600484559378e+02
-7.384729657668250411e+02
-7.486290920674250629e+02
-7.681251991625456412e+02
-5.826813400126500255e+02
-7.001679232982022540e+02
-6.501750929879674459e+02
-5.924262871689506937e+02
-5.992641617940198557e+02
-6.804753753760260224e+02
-6.619527935964340486e+02
-6.255752711196715836e+02
-6.448050945948768913e+02
-5.436010967182170361e+02
-6.718354595501191397e+02
-6.483473950857545560e+02
-6.777557748779328222e+02
-6.761679129218931621e+02
-5.694448295641178674e+02
-7.270038374579007723e+02
-6.603669261949872862e+02
-5.393063956668621586e+02
-6.172463909851792323e+02
-6.793831647003079297e+02
-7.004002005512252254e+02
-7.310806803160156733e+02
-6.048512022664895085e+02
-5.088559143206618955e+02
-6.574006460939912131e+02
-6.843305508698721269e+02
-6.933158153849358314e+02
-6.934617308306960695e+02
-6.286481473618808877e+02
-6.067815754675260678e+02
-5.928285660847170675e+02
-5.972916730820983275e+02
-6.087948326049607886e+02
-7.295717097648469007e+02
-7.313116956105893678e+02
-6.450706088923432162e+02
-6.578827544295978669e+02
-6.631340531183641360e+02
-6.998421645499538499e+02
-7.171050636069983284e+02
-6.692988680474513785e+02
-6.353089935061441338e+02
-6.603957345806010153e+02
-6.743571814742600736e+02
-5.552717746977323259e+02
-6.601474821498544543e+02
-6.195645987266331076e+02
-5.829189896597692950e+02
-6.060980570503312492e+02
-6.750913981647023547e+02
-7.319329088087384889e+02
-7.064395544833629401e+02
-5.414658122800682349e+02
-6.104125036120854020e+02
-5.968695704470667351e+02
-5.542545522957096864e+02
-7.140389442467916297e+02
-6.913832742000929557e+02
-6.189685383210510281e+02
-5.541942140005469355e+02
-7.532956735310226577e+02
-7.227077363473232481e+02
-5.210526230740107394e+02
-5.383074912334469673e+02
-6.113078340537002759e+02
-6.870684332974614108e+02
-7.112859014112635805e+02
-6.869099481744498235e+02
-6.859490091873576603e+02
-5.837537473012544069e+02
-7.509610163054343275e+02
-6.227108210020165870e+02
-5.786827293964711316e+02
-7.096423133137901686e+02
-6.297567189257031259e+02
-7.067247925100105022e+02
-6.791271046348299478e+02
-6.650761446764288394e+02
-7.049744681231218237e+02
-5.844273314778105259e+02
-6.918157573709156622e+02
-6.303405865382992488e+02
-6.565363307356794849e+02
-5.994679511115937203e+02
-6.303097359160465203e+02
-6.841325808184240032e+02
-6.949961189227694831e+02
-6.660791205251001657e+02
-7.185333673452039420e+02
-5.318467109859939228e+02
-6.006304635712484696e+02
-5.622002383925771483e+02
-5.992604050781255864e+02
-6.287851996317333487e+02
-6.744212363455194463e+02
-5.330314556797042087e+02
-6.860958875773724230e+02
-6.322817712298302695e+02
-7.033815652403518470e+02
-5.733232638287475993e+02
-7.047235921516785311e+02
-5.160002060318804524e+02
-6.425385280972316195e+02
-6.797911267837704372e+02
-6.883785197328256800e+02
-6.343252128585712626e+02
-5.965963279234525771e+02
-7.416551166719634693e+02
-6.065163057448161226e+02
-5.506580622585562423e+02
-7.364753489140937290e+02
-5.462172888445088574e+02
-6.404033216628937453e+02
-6.605379024094065699e+02
-7.205159221959193019e+02
-7.118368470579498535e+02
-5.845933702327239416e+02
-6.464079203839096408e+02
-6.682563978340083395e+02
-7.218350110925400713e+02
-6.717674957849704924e+02
-7.015926537539595529e+02
-6.602318371390332459e+02
-6.233900562776577772e+02
-6.685649536867152847e+02
-6.103129991381309765e+02
-6.353262703848104138e+02
-6.226117224579949152e+02
-6.709705803689922732e+02
-6.228653354418812569e+02
-7.062931966526787164e+02
-6.400857329671176785e+02
-6.852419839610749932e+02
-6.122177766589672956e+02
-6.599371018903412960e+02
-6.697569602676416025e+02
-6.922461861202150430e+02
-6.427003164770787862e+02
-7.438474445308384020e+02
-5.431722502564120987e+02
-6.466721790224175948e+02
-6.380491578722694612e+02
-7.106500796172987293e+02
-6.159472152337851867e+02
-6.055901435905257131e+02
-6.223572241033768933e+02
-6.338191064520519831e+02
-6.499239916893203599e+02
-6.531149404517650510e+02
-6.324722584473204279e+02
-7.352170318819304384e+02
-7.637241386233678213e+02
-6.873013788757559723e+02
-6.122627992426700985e+02
-7.048789563742120663e+02
-6.971644877858532254e+02
-6.445800268760231120e+02
-5.534221759503518570e+02
-6.164682526277733814e+02
-6.658085916531683779e+02
-5.913748030208350883e+02
-6.827148963068018475e+02
-6.056751709473902565e+02
-6.577006178727090173e+02
-5.786046533549836113e+02
-7.372549634886959211e+02
-7.222441147266026746e+02
-6.837537604736273806e+02
-6.037043801398837104e+02
-5.804500764357900380e+02
-6.387579146216972958e+02
-6.331462951207751075e+02
-5.742726081001234206e+02
-7.012940052321955591e+02
-7.068074856921389255e+02
-7.184288683908984012e+02
-7.460411192328997458e+02
-7.609832139994598492e+02
-6.592293731851938219e+02
-6.163609128360797058e+02
-6.984571295120019840e+02
-5.573506211451743866e+02
-7.248607617246752852e+02
-6.113177697156944532e+02
-6.437849781984118636e+02
-6.748279991479055298e+02
-7.592159004465281669e+02
-6.303531742843307484e+02
-6.029504571570353164e+02
-6.875641346939535197e+02
-6.321266771959171820e+02
-7.141484482014717514e+02
-6.209670224578851503e+02
-5.759142580994451919e+02
-6.428105097835450579e+02
-7.547210957280866523e+02
-7.254159202511946205e+02
-7.104389455637169704e+02
-5.610891304239873989e+02
-6.002550459116777120e+02
-6.131224848443122255e+02
-6.688608216828304194e+02
-6.552720302027386197e+02
-6.590136330564755553e+02
-6.281591669648779543e+02
-5.581183491874724041e+02
-5.602441913035987682e+02
-6.665993462608713571e+02
-5.672874016817269194e+02
-5.600124607611583087e+02
-5.723094199755922773e+02
-6.305505229149861179e+02
-6.692895605679279925e+02
-7.002822010231705008e+02
-6.359691748199467156e+02
-6.331170968641799845e+02
-7.027487469708700019e+02
-6.934665070859394973e+02
-6.652504188792056539e+02
-5.674133012161028091e+02
-7.063020296391723605e+02
-6.806016431801624549e+02
-5.782764032685754501e+02
-7.681569331143523414e+02
-6.258857143174832345e+02
-5.988175250813537787e+02
-6.709918399076076412e+02
-6.882612081803169986e+02
-5.740187008914817852e+02
-6.050830536099068695e+02
-6.654379445484847793e+02
-6.973712828025820727e+02
-6.556895783011034382e+02
-7.186149017667205499e+02
-7.658687213439020525e+02
-5.217822799433511136e+02
-6.403355855072877603e+02
-5.748189426418383619e+02
-6.522178098485911732e+02
-7.297212201617597884e+02
-5.839512666669214696e+02
-7.539953367913841475e+02
-6.822299083017904877e+02
-6.749405077505031159e+02
-6.457114541980522517e+02
-5.673540741808665189e+02
-6.289245356846386130e+02
-4.904733870485475222e+02
-6.907870960201678372e+02
-6.254096815509983571e+02
-6.445236407808971535e+02
-6.573931337472488394e+02
-6.989828070233895687e+02
-5.488758716910291469e+02
-6.853555676677441397e+02
-6.693384827005959323e+02
-6.915292961153555780e+02
-6.270479852423429747e+02
-6.894698990975863353e+02
-6.395498269697861815e+02
-6.254432573003551852e+02
-5.693859356183701266e+02
-6.940846095176530071e+02
-6.579605524409000736e+02
-6.989606112456601750e+02
-6.390806008219988144e+02
-7.314646550394918449e+02
-6.985504564751174712e+02
-6.491629685943153163e+02
-5.431868451352344209e+02
-6.729532483180695408e+02
-6.526424003669462763e+02
-5.804593714431222224e+02
-7.094203340674595211e+02
-6.358754635711279661e+02
-7.161709222126858094e+02
-7.360622097326352105e+02
-6.933565468233467755e+02
-6.102600706677660582e+02
-5.990682277752007394e+02
-7.601185022665723636e+02
-6.101491886187708360e+02
-6.971978171255990446e+02
-6.335684039251743798e+02
-7.016133383683525153e+02
-6.018297293532913272e+02
-6.154372517443026709e+02
-6.473535408816749168e+02
-6.371254331604707204e+02
-6.626079592779524319e+02
-5.375188778724634631e+02
-6.311901586348967612e+02
-7.065422788717913818e+02
-6.733422159488161469e+02
-4.915716222669529429e+02
-7.199917957398947692e+02
-6.616663394050117404e+02
-6.799015587451079909e+02
-7.418032767471260058e+02
-7.419974961164201659e+02
-5.979995572403205415e+02
-7.152099581608141534e+02
-7.173343538854525150e+02
-6.534131546867233737e+02
-6.196803918260163755e+02
-5.700873492490195531e+02
-5.551353705690873994e+02
-6.848519011939836219e+02
-6.252814609722560135e+02
-5.814550283532239519e+02
-6.722925726348191802e+02
-6.487028046973794062e+02
-6.643457350355770359e+02
-6.346151902926616231e+02
-5.745609585123133911e+02
-7.350995010179740348e+02
-6.354476581407416234e+02
-6.208531009992061627e+02
-6.506337410641475572e+02
-6.839533603206257339e+02
-7.302620811716865319e+02
-6.539014635060946148e+02
-5.828097007328078689e+02
-6.010295633860632734e+02
-5.885142690372547349e+02
-6.298762982894627385e+02
-6.447984196893521585e+02
-6.961613223457036383e+02
-7.368704814952868674e+02
-6.726279546519186852e+02
-7.147932252479839690e+02
-6.783492429463150302e+02
-6.471787530132863822e+02
-7.300019459123508341e+02
-6.146841964015906115e+02
-6.322326194766278604e+02
-6.149191718291310735e+02
-7.257994251028466124e+02
-7.278237465452370998e+02
-6.458791578148862982e+02
-5.327617946045839972e+02
-6.391043111760584452e+02
-7.577404456661315635e+02
-7.207073177078740400e+02
-6.125875415849792489e+02
-7.167054251830397789e+02
-6.117049184509553470e+02
-6.477697584255557786e+02
-6.581692752612096911e+02
-5.136911905871140789e+02
-6.301051157216545562e+02
-6.242337266158840521e+02
-7.583230192263912386e+02
-7.046320306990990048e+02
-6.845737275637558241e+02
-5.300703836202426373e+02
-7.153084206042939286e+02
-5.396283320792748555e+02
-6.112405417938765595e+02
-5.820544058298842174e+02
-6.595023475295920434e+02
-6.753036948408093849e+02
-6.196031143583079484e+02
-7.078631725807399562e+02
-6.713643321769068280e+02
-6.291437599404955563e+02
-7.109744248976724066e+02
-6.606828728026614499e+02
-6.808151099810955884e+02
-6.941515518669370977e+02
-6.398898345569170942e+02
-5.949201179870798342e+02
-7.250078573177980843e+02
-7.439297401119099504e+02
-6.515423411595279504e+02
-7.239098976647551353e+02
-6.557996876109594950e+02
-6.111774159921401406e+02
-5.788291322477876975e+02
-6.199250455132525985e+02
-6.188049891442534545e+02
-6.467313396446915021e+02
-6.026937923004952609e+02
-6.937698647539372132e+02
-7.693534062140810192e+02
-7.068300715726923045e+02
-5.434138082394993035e+02
-6.335877051502777704e+02
-7.092544515663323637e+02
-5.733519922302525629e+02
-6.369420754447212403e+02
-6.257679717038640774e+02
-5.882873541664860113e+02
-5.837253589884716121e+02
-5.478110229570186220e+02
-7.231576956877387374e+02
-7.671835570613800428e+02
-6.879649990872217131e+02
-6.682244797635621580e+02
-6.973531791242967302e+02
-5.467815450091056846e+02
-6.458058592128771807e+02
-6.253097904269699256e+02
-5.164056624445418038e+02
-6.391731077178829992e+02
-6.510379815676927819e+02
-7.302370531673584537e+02
-7.643458050635914560e+02
-6.173585584553380841e+02
-6.169793644562408872e+02
-6.600217144934483713e+02
-6.784141678862436038e+02
-7.142470594667106525e+02
-7.295217025144172567e+02
-7.152559599103252594e+02
-6.681045610188261890e+02
-6.753488457942755758e+02
-6.499198153415973138e+02
-4.838532168644454714e+02
-6.410596483402359809e+02
-6.936604978040030574e+02
-6.345714014386786630e+02
-6.383740295377726852e+02
-7.522194522755396520e+02
-6.751082149323606245e+02
-6.879627710730055696e+02
-5.323271322869135247e+02
-5.857771931628390121e+02
-6.453754299736774556e+02
-6.852689636810587217e+02
-4.987902633390885399e+02
-7.572659888283415057e+02
-6.934991259358416755e+02
-5.906061366674211968e+02
-6.732263517515127660e+02
-6.377055998857566692e+02
-6.409442053970453799e+02
-6.041230550718080394e+02
-5.826438741464510258e+02
-6.340563583845703306e+02
-7.284832668759337366e+02
-6.178054282961762738e+02
-7.595440467526454995e+02
-6.400629934098204785e+02
-6.110953399425377484e+02
-6.948890447621489557e+02
-5.780022225928885291e+02
-6.074024534791866472e+02
-7.145086430407422995e+02
-6.571980829678913096e+02
-5.912718775070719630e+02
-6.348721576562597875e+02
-5.131099388638019718e+02
-6.965877603975279726e+02
-6.583771251116091889e+02
-6.795943003614780764e+02
-6.626518631717972312e+02
-6.210187788656138537e+02
-6.014957810301634709e+02
-5.862263884749183944e+02
-7.359488994391672350e+02
-5.459277997244234939e+02
-6.571210960093064841e+02
-5.705812840379940099e+02
-6.208385571014032394e+02
-6.541650148096007342e+02
-6.240509447940701193e+02
-6.182487889292384580e+02
-6.813713548090173617e+02
-6.392895829582753322e+02
-6.814757228556725295e+02
-6.335461082955797565e+02
-5.593403667725784771e+02
-5.798295927358741437e+02
-7.553790282660685307e+02
-6.596354349216732089e+02
-6.359647116140356502e+02
-6.628997829050338169e+02
-6.596027135034237290e+02
-7.700848314334152747e+02
-7.590401452765567001e+02
-6.394593033997886096e+02
-5.622424823463632038e+02
-5.888868957113859324e+02
-7.630099219268208799e+02
-6.271996591138898793e+02
-7.245854744556758078e+02
-6.566175829686940233e+02
-6.357181993640394921e+02
-7.276722143066929220e+02
-6.473729442102223857e+02
-6.409517312518938752e+02
-7.096342949694459321e+02
-6.858965141309948876e+02
-7.088671642236934076e+02
-7.072059381242643212e+02
-6.306830344732123876e+02
-6.397495107684470668e+02
-6.670153187176720166e+02
-6.416613368772298145e+02
-6.989674344326551818e+02
-6.764357020124396058e+02
-5.578785484767914795e+02
-5.394479851878531917e+02
-5.425200778224540272e+02
-6.976582267874980516e+02
-7.733369397183402043e+02
-6.974699458218615291e+02
-7.539835275958228067e+02
-6.768434406342461216e+02
-6.292571572713629848e+02
-5.982504204041396179e+02
-5.749597523363457867e+02
-5.561001108569187181e+02
-5.995700255564079271e+02
-5.778849910132915966e+02
-6.508303580700212478e+02
-6.379046042266195400e+02
-7.492542632712081740e+02
-6.369866930612022315e+02
-6.529223647556218566e+02
-6.607384869214279206e+02
-6.414295065269423048e+02
-6.835245952004609080e+02
-6.379961171396817008e+02
-6.812264637456569289e+02
-5.521076946170635438e+02
-6.851217468656905112e+02
-5.953347184441290665e+02
-6.221379021160229286e+02
-6.523700069903669601e+02
-6.302720210325088601e+02
-7.632449413255327499e+02
-5.464950212689889213e+02
-6.191536301301480307e+02
-7.273805608823672628e+02
-5.083753376864617053e+02
-5.609893001015077516e+02
-6.443209300804560371e+02
-6.430001794478187094e+02
-7.004428728607563244e+02
-7.642681909554797812e+02
-6.042733713302314982e+02
-5.776490840038082979e+02
-5.656334162259003051e+02
-7.307831854486340717e+02
-6.253153598935908803e+02
-6.532874633353154650e+02
-7.438114615873835191e+02
-6.818477977223485595e+02
-5.931099575599689615e+02
-6.350282680656837329e+02
-6.012399232745501649e+02
-7.148919255430560042e+02
-7.624040051732519032e+02
-5.790221891758986885e+02
-5.431574413520430653e+02
-6.186132445750614579e+02
-5.686076903544608285e+02
-6.306239130318334674e+02
-6.502598022283942782e+02
-7.145741907848181427e+02
-7.244304903047890321e+02
-6.097333838158123172e+02
-7.181814004584269924e+02
-6.074934549332358529e+02
-6.913229677172010952e+02
-5.495156539281937285e+02
-6.076889202791433036e+02
-6.429835820295804751e+02
-5.461428721115681810e+02
-5.693419884730843705e+02
-6.799293897306671397e+02
-6.381232088363665298e+02
-5.897128919195262142e+02
-5.885690695828060370e+02
-6.344688243098396470e+02
-7.392351114059883912e+02
-6.496351259252161299e+02
-5.981197110836740194e+02
-6.816365675574687657e+02
-6.593246068493118628e+02
-5.386440265259050193e+02
-6.436294434764237167e+02
-6.870819407711675240e+02
-6.504207461958370686e+02
-6.416782742682405569e+02
-7.419853578438630848e+02
-6.207735184426235264e+02
-5.925609125089839608e+02
-7.468826547452122213e+02
-6.684399892710902122e+02
-7.298028269999311988e+02
-7.535517717229787422e+02
-6.816090805201432659e+02
-7.390632888583021440e+02
-6.385641016963428456e+02
-6.602851124898910484e+02
-6.371369959745505867e+02
-5.718126227819752785e+02
-6.947311880017671228e+02
-5.063535285185897692e+02
-6.728224481046290748e+02
-5.933653825668358195e+02
-7.787965316010681818e+02
-7.663018264997475626e+02
-7.300135402653263554e+02
-6.643640759629337254e+02
-7.094035395232079964e+02
-6.785121764023306241e+02
-6.524766088205008145e+02
-6.071253045844558756e+02
-6.137971065135056961e+02
-7.036277247598989106e+02
-5.926320524310524434e+02
-5.849899772792294925e+02
-6.221470557648098065e+02
-6.965568357078436748e+02
-7.028898865897432415e+02
-6.283906602696524715e+02
-7.261434210040254129e+02
-5.919623593977402152e+02
-6.344072600158483510e+02
-5.665348405448255562e+02
-6.093743073983414433e+02
-6.292578446876709677e+02
-6.742374526219699646e+02
-6.472704755934923924e+02
-7.402764055393538456e+02
-6.864263501111255437e+02
-7.322508738965127577e+02
-6.218536325886042277e+02
-6.667882275250975681e+02
-5.995674098469077080e+02
-7.198595117206320992e+02
-6.451960236893172578e+02
-7.029398843197762972e+02
-6.272167783394199887e+02
-6.383441672342116817e+02
-6.151162068609012294e+02
-6.671897013885067054e+02
-6.715482604571661795e+02
-7.009839473550587172e+02
-6.733714690205508759e+02
-5.816747106871553115e+02
-5.599236676025769839e+02
-7.695682268738961511e+02
-5.993532843711236637e+02
-6.188070861958019577e+02
-6.127280170624593438e+02
-7.105579767430791662e+02
-7.048736737168902664e+02
-5.850735573114917543e+02
-6.878247383588998218e+02
-7.776910299933800843e+02
-7.138729564292023042e+02
-6.278374123491814771e+02
-6.896514340309239515e+02
-7.630981849871138820e+02
-6.894462250591254815e+02
-6.268889719644442948e+02
-6.015720303630814669e+02
-5.199767781759541094e+02
-7.249300393378376839e+02
-6.159011775236683661e+02
-5.996244457185557621e+02
-7.219200490381595046e+02
-7.384144957474186413e+02
-6.220836112512473619e+02
-7.453553224855073722e+02
-5.257905931443816598e+02
-6.709457990890863357e+02
-5.891881624754025779e+02
-7.681902621992816194e+02
-7.243036139616568789e+02
-7.545887669516727101e+02
-6.242128562076394473e+02
-6.938437640788247336e+02
-5.218794889690356058e+02
-5.233860468227999263e+02
-6.623352661249452922e+02
-6.336041980171063415e+02
-7.230100766993401749e+02
-6.933035796519462792e+02
-6.092263397418025761e+02
-5.593767030721870697e+02
-6.693567531950450302e+02
-6.119733585830495031e+02
-6.390423908066140939e+02
-5.986860140111310784e+02
-6.312908477857610023e+02
-5.781645552990000851e+02
-5.651031827235568699e+02
-6.584921039110145102e+02
-6.635065863590008348e+02
-5.456255202151052117e+02
-6.608969490818192298e+02
-6.450283324685657362e+02
-5.860609446370574460e+02
-5.477567207981303454e+02
-6.565390831820419635e+02
-6.855769414172070810e+02
-5.845262911618132193e+02
-6.012683181516135846e+02
-6.768421209652484549e+02
-6.756427376112669663e+02
-6.310456719746962335e+02
-6.406681622000794505e+02
-5.699763512461674964e+02
-6.558688277953123134e+02
-5.491871219903169958e+02
-7.435951277508784187e+02
-6.236427693046939567e+02
-6.011988203568375866e+02
-6.123479563975259907e+02
-7.468779149400136248e+02
-6.556285652432894722e+02
-6.084862403821525731e+02
-5.964862398028609505e+02
-6.108680554726292939e+02
-7.689513229179738119e+02
-6.752799864889470882e+02
-5.550313914730113538e+02
-6.386655281063520988e+02
-5.395481353708511278e+02
-6.496984373045728489e+02
-7.694159305005493934e+02
-5.893739680339447204e+02
-6.704967078339757336e+02
-7.221213054527933082e+02
-7.049058975990294584e+02
-6.293418558624324533e+02
-5.792728146939152793e+02
-6.635320169022049868e+02
-7.627483132519998890e+02
-6.708440094306706669e+02
-5.979036136617863804e+02
-6.112565653665218406e+02
-5.207451627763417719e+02
-6.223793308709549592e+02
-5.555907831065962910e+02
-6.313814865404374359e+02
-6.596277910638531239e+02
-6.406805983577364714e+02
-7.005119840057998317e+02
-6.208335058032585039e+02
-7.012834814514426398e+02
-5.887978519438812555e+02
-5.765941692644914838e+02
-6.019753107646803301e+02
-7.152251860973969997e+02
-6.279858229923440831e+02
-5.978162634170057572e+02
-5.881498774654094177e+02
-6.620571684817164169e+02
-6.078743030922391881e+02
-6.445575119158501138e+02
-6.605332813124219911e+02
-6.268563161360880258e+02
-6.663206749702130764e+02
-6.064646976808923000e+02
-6.077340577359165081e+02
-6.904604909939045001e+02
-5.985577671319505271e+02
-7.738973324256164688e+02
-7.186525621170908380e+02
-6.600285055469599911e+02
-7.197520698514044852e+02
-6.382159254528078236e+02
-6.329399011488676479e+02
-7.256086948545114410e+02
-6.559501120151569467e+02
-5.565669339729208787e+02
-7.173522126541037096e+02
-6.087280711939072262e+02
-6.846060436899219894e+02
-5.834496653196569014e+02
-6.709020813827567054e+02
-7.285224418923050962e+02
-6.772701681176486090e+02
-7.190668240684163948e+02
-5.874546749075519756e+02
-7.055708321392996822e+02
-6.435549441885198121e+02
-6.104859161376152770e+02
-5.393879075175358366e+02
-7.111425047270355435e+02
-6.899694332967304717e+02
-6.504713505232452917e+02
-6.841986676755412873e+02
-6.818270407777384889e+02
-5.621951277145467429e+02
-6.387316946539342553e+02
-6.331538347117929106e+02
-6.748012952873809809e+02
-6.831360057899928506e+02
-6.544058998592867056e+02
-7.702932885283486257e+02
-6.079667512053002838e+02
-7.578035365149461313e+02
-7.304097468980772874e+02
-6.716294753768593182e+02
-4.888819228597000119e+02
-7.243102587860952326e+02
-6.762392506040511080e+02
-5.654982331414914825e+02
-7.041542203750470890e+02
-6.195018594747743919e+02
-7.074782743138680416e+02
-4.738629225219087857e+02
-7.528688565150271188e+02
-6.376442538392440156e+02
-7.344713987600895280e+02
-6.461589656920405105e+02
-5.882495635567579484e+02
-7.588899479441184894e+02
-6.680772792513654394e+02
-7.772661255116923940e+02
-6.901341690893261784e+02
-6.926261952304644183e+02
-6.352545896765637963e+02
-6.368272318986915934e+02
-5.558661179006198836e+02
-7.508843640796394538e+02
-6.937001003821816312e+02
-7.280824750925701210e+02
-6.139075530666187888e+02
-6.268903359798434849e+02
-6.150645016439057144e+02
-5.490906091172731749e+02
-7.182331438072657193e+02
-6.177608892971813930e+02
-6.993781829682973239e+02
-6.079422741882606260e+02
-5.666665927555397957e+02
-6.341537614848824660e+02
-5.731250218467184823e+02
-7.030860774798250077e+02
-6.991085658289930507e+02
-7.100983926557003088e+02
-5.272041853444769686e+02
-6.639748798022815208e+02
-7.073842375471139121e+02
-6.274942478811849469e+02
-7.346329775175186114e+02
-6.437025546592112732e+02
-5.988891970882588112e+02
-6.308517603917982797e+02
-7.560963632411638855e+02
-5.998431446734419978e+02
-6.161897180556125022e+02
-7.228859995779606606e+02
-7.046101629184472586e+02
-7.037568097942470331e+02
-7.363358124855626556e+02
-6.398461571346103938e+02
-6.309180816483928993e+02
-5.905013112065682890e+02
-6.003551515649867270e+02
-7.099426349293569274e+02
-6.277332589492546049e+02
-7.058432742093614252e+02
-7.098864817887056233e+02
-6.449741757895955061e+02
-5.891060801120228234e+02
-6.116459723972543543e+02
-6.226189012934298717e+02
-7.762729165135971243e+02
-6.248302750867384248e+02
-6.610200333921226274e+02
-5.676516980008343580e+02
-6.940017349511189195e+02
-6.453347136200625300e+02
-6.612781873824742433e+02
-6.479026725199803423e+02
-6.094459079413321660e+02
-6.067684164604879697e+02
-6.707216719352845757e+02
-6.512080320790012138e+02
-7.495064680090035836e+02
-6.251706745154142482e+02
-6.317438902065296134e+02
-6.141362349155157290e+02
-5.493303589988458953e+02
-6.114022455512864553e+02
-7.444668405110420508e+02
-6.483782669418307023e+02
-6.873197900226817865e+02
-6.876617893273877371e+02
-6.297690397071306734e+02
-7.308140172857795278e+02
-6.463409057454385902e+02
-7.337466037690838903e+02
-6.388086485652182773e+02
-6.827463794628835103e+02
-6.184820500093328519e+02
-6.558946825706514119e+02
-6.524495911992739821e+02
-7.238745799670410861e+02
-6.162407129880560888e+02
-6.891153633538253871e+02
-5.708523017864744133e+02
-6.756778728879545497e+02
-5.866563184660227535e+02
-5.606444288060134795e+02
-5.634922156839350009e+02
-5.958711194969479266e+02
-6.292046605160238641e+02
-6.305969395688546228e+02
-7.004614354297596037e+02
-6.458403312578042232e+02
-6.274354603976710223e+02
-5.962649524973647885e+02
-6.709421407741748453e+02
-7.271878565050427596e+02
-6.552719809943749851e+02
-7.067140066174666799e+02
-7.196363029437860632e+02
-6.168664883272991801e+02
-7.537715392270215489e+02
-5.862619985719470606e+02
-7.220586550288276158e+02
-6.062944366973144952e+02
-6.758893545611128957e+02
-7.384315613113059271e+02
-5.714997041983340296e+02
-6.980832890445271914e+02
-5.285929742454291045e+02
-7.580046129605429996e+02
-6.208178485147686843e+02
-7.336569883936841734e+02
-5.705100973067071664e+02
-6.485331111689019963e+02
-4.945218832156072040e+02
-7.081430980190950777e+02
-6.961357856084883906e+02
-7.246592762087761912e+02
-6.338304603044902024e+02
-5.841093654312023773e+02
-7.069645568244610558e+02
-6.454245091219080450e+02
-7.226186525990868859e+02
-7.196026743623020820e+02
-5.031674823707787141e+02
-6.216285115807645525e+02
-6.362334479304624892e+02
-5.867296422899813706e+02
-6.709224038852112244e+02
-5.728104125860684235e+02
-7.170854092862812195e+02
-5.738454772536780411e+02
-7.388949707538806706e+02
-6.626588093448280006e+02
-6.048016034884908549e+02
-6.855640243538767891e+02
-5.677692256873913266e+02
-6.618309238849813028e+02
-6.645397451416777130e+02
-6.007244782606030640e+02
-6.876340935684495435e+02
-5.189590475012554407e+02
-6.397834550992973845e+02
-6.436089287656650413e+02
-7.652504008160633475e+02
-7.244879724390855245e+02
-6.570162913570380852e+02
-5.798139226352748210e+02
-7.415457520289386366e+02
-6.825759968053529292e+02
-6.298102846055737700e+02
-5.365912708967658773e+02
-6.802844017086980557e+02
-7.192816987259858479e+02
-7.337007772421801519e+02
-6.745820564184330124e+02
-7.031519171699809476e+02
-5.956897954955646810e+02
-6.839056022363946568e+02
-7.186360958790613722e+02
-6.426237440686297759e+02
-6.547464575246569893e+02
-7.555573346931840888e+02
-6.860241360632678607e+02
-7.198467206846266890e+02
-6.124405558965888758e+02
-6.170317186384854722e+02
-6.948334831010758990e+02
-6.108136756234486029e+02
-6.066402101208041131e+02
-5.620463886179179553e+02
-5.528037778333050483e+02
-6.978677609411482763e+02
-7.066014820952735818e+02
-5.896356259841990095e+02
-7.283981411675430309e+02
-5.887029792499507721e+02
-6.405176567197491977e+02
-6.675097376857283962e+02
-6.519569656756154927e+02
-6.102744528657905221e+02
-6.477047878585814260e+02
-5.483449968332929529e+02
-6.766928180962203214e+02
-5.670189262299851407e+02
-6.732022041854733061e+02
-7.497068431943898759e+02
-6.250998777971951768e+02
-5.834569254903809679e+02
-6.737980336536486448e+02
-5.430142876968360497e+02
-6.551521454587633571e+02
-5.820295583165406015e+02
-5.547397475179568573e+02
-6.120396254711411075e+02
-5.796726689237844994e+02
-6.690902504263634683e+02
-5.746075374777506113e+02
-6.364205150960854098e+02
-5.777882469879106111e+02
-7.044507832307837134e+02
-6.794898850313040839e+02
-7.653336934641039306e+02
-6.545401717999137645e+02
-6.095702115980004692e+02
-7.487529051783089926e+02
-5.251678321193401189e+02
-6.657540512013940770e+02
-7.435145692513665381e+02
-6.735935868988221955e+02
-6.168056345349020830e+02
-6.407938193153458997e+02
-6.506951029968331568e+02
-6.411625401983259280e+02
-5.814510925508944865e+02
-6.450559167130865035e+02
-7.393888651222550834e+02
-5.611538111168547402e+02
-5.925154758730444655e+02
-5.891899544476957544e+02
-6.186293779296556750e+02
-6.427392624821545724e+02
-6.579747362365334311e+02
-6.180328769516252123e+02
-6.589164673366387888e+02
-6.022941482490631415e+02
-5.898941087447675500e+02
-6.681233848174183549e+02
-6.958534972711199771e+02
-5.591149483089074010e+02
-6.843024607145482605e+02
-7.383577822035396139e+02
-5.973770929444174271e+02
-6.249462755266579279e+02
-7.586162368186915046e+02
-5.719458773591215959e+02
-7.012601666691557512e+02
-7.135872582239699113e+02
-6.848647334722941196e+02
-7.216063454392691483e+02
-6.597679107711652478e+02
-6.777675101503065207e+02
-7.525472472478139707e+02
-6.812278387840384539e+02
-6.582189057260335403e+02
-7.633791192119823563e+02
-6.022817648548256102e+02
-7.228493467426460484e+02
-6.711206331902839111e+02
-7.577614971969413773e+02
-6.353412340678739838e+02
-5.891311007167229263e+02
-6.779949176179022743e+02
-6.526792805566842617e+02
-7.378724143559977620e+02
-5.686664370229393626e+02
-7.086201435097011654e+02
-6.601839306718159150e+02
-7.349422116865769112e+02
-5.538135183906422299e+02
-5.955527265454977623e+02
-6.025560679864701115e+02
-6.331909178382992422e+02
-6.495079469855577372e+02
-5.708305803890539210e+02
-5.633546245100710621e+02
-6.784779463441125245e+02
-6.641801700626843967e+02
-5.737974951032457511e+02
-5.846511088488191490e+02
-6.505610039744724418e+02
-7.404561262280826668e+02
-5.590843182223796930e+02
-6.552785373634739017e+02
-6.452892614963795950e+02
-7.085514468937810761e+02
-6.381123635377557548e+02
-6.658564317331720304e+02
-6.398290099479517039e+02
-7.044998367034427247e+02
-6.338053619033238419e+02
-5.645212033389527733e+02
-5.852313788130530838e+02
-7.088214395697816599e+02
-6.675685361524305108e+02
-4.843316099598239930e+02
-6.067416416200644562e+02
-5.328454354573522096e+02
-5.880324044607124279e+02
-6.615061038101442819e+02
-6.951783979908683477e+02
-6.206898344788078248e+02
-6.933985386803542497e+02
-7.463808182805682918e+02
-6.730487111040993113e+02
-6.245062660120255487e+02
-6.749353947048655300e+02
-5.799381262497156513e+02
-6.431486175117958055e+02
-6.516228770635011642e+02
-6.098769530750612375e+02
-6.794930483679108875e+02
-7.223973955601718444e+02
-5.662302026833211812e+02
-6.549507144614793788e+02
-6.769226036139709777e+02
-6.535267995311293134e+02
-7.166929223611831503e+02
-5.585967422822646995e+02
-6.315518436274105625e+02
-6.419937850496348801e+02
-6.506251647045312438e+02
-6.926117951546651739e+02
-6.717818932922137947e+02
-6.475271954235580552e+02
-6.884544678259312604e+02
-7.058745582927525675e+02
-6.899691107834678405e+02
-7.289610129300417611e+02
-6.947696375252450025e+02
-7.461777949841366535e+02
-7.025197171125369096e+02
-5.990483996837459699e+02
-6.380038159231171448e+02
-5.666477504216585430e+02
-7.097434364237966520e+02
-5.640751043435063821e+02
-5.662879261517449550e+02
-6.102538144618297338e+02
-6.771546654771485692e+02
-6.276329879534183647e+02
-6.238687936576627635e+02
-6.718478310797150925e+02
-5.700298677717910323e+02
-6.670842329506299393e+02
-7.807036227060544888e+02
-6.003261416597738389e+02
-6.932848883804924753e+02
-7.161229724977901014e+02
-5.771802692569378905e+02
-7.399909310309578814e+02
-6.561057362102077377e+02
-6.057707725551367730e+02
-7.332345047149768789e+02
-7.247601330106649584e+02
-5.770833811717950539e+02
-6.884765030988252192e+02
-6.029231395872980102e+02
-6.134005138453571817e+02
-6.020843180624476645e+02
-6.379766759644411422e+02
-5.889837078634775480e+02
-6.133954827409587551e+02
-6.628621789072656156e+02
-6.797302704899066157e+02
-6.108383047583013195e+02
-6.305381847789070662e+02
-6.078447689670091449e+02
-6.005377908807381573e+02
-6.714754995759425356e+02
-7.450348165967802743e+02
-7.260553737278573863e+02
-6.872189707963590308e+02
-7.171589309247959818e+02
-7.154804663464120722e+02
-6.139912219192016209e+02
-5.990597040782017757e+02
-7.076760592789720477e+02
-5.987429830617159041e+02
-7.409576396964803280e+02
-6.685798770372067565e+02
-6.483193563005462465e+02
-5.754379236217297375e+02
-6.902158460065237477e+02
-5.832176975859047161e+02
-7.139279861629240713e+02
-6.572752080932517629e+02
-5.890719630538551428e+02
-6.409580425610537304e+02
-6.962261383763075173e+02
-6.482656164066969495e+02
-7.378937051172929387e+02
-7.224743068300995219e+02
-6.237710392607759786e+02
-6.332212116268540285e+02
-6.193299136830713678e+02
-5.405629922845557758e+02
-7.302064507763175243e+02
-5.535240182306829411e+02
-5.682986105614827466e+02
-5.748543884566221323e+02
-6.440727615290206813e+02
-5.904637542387805524e+02
-7.229070454930449614e+02
-5.834246351546831875e+02
-5.760814051812211574e+02
-6.998565141397040179e+02
-7.082493826251243263e+02
-7.568257983016984554e+02
-6.541779959680561660e+02
-5.556384919775134676e+02
-6.260956802452293459e+02
-5.838011912635289491e+02
-6.402072550036873508e+02
-7.079974884055581015e+02
-6.892251229903579315e+02
-7.384034787482839874e+02
-6.783503045666247999e+02
-5.605920545877660288e+02
-7.158318853451954737e+02
-5.829913742934269294e+02
-6.841458149667337238e+02
-7.213326420875284839e+02
-5.946506546032884444e+02
-7.332922970471386179e+02
-6.505268271948972370e+02
-5.645454114955211935e+02
-5.859694558526402943e+02
-5.137860945037924694e+02
-6.469978069510228806e+02
-6.948895221316490733e+02
-6.207251903614571802e+02
-6.515890141657263257e+02
-6.225725311712036500e+02
-6.065586782723968327e+02
-5.878361819762976666e+02
-6.933356855456787571e+02
-6.668223383325473606e+02
-7.052070230270320508e+02
-6.620528533760370919e+02
-5.844687397209285109e+02
-5.695888623526852825e+02
-7.427923391681883913e+02
-6.617660546498569829e+02
-7.008674316858268867e+02
-7.148183556102051170e+02
-7.452515681732490975e+02
-6.393683560408049971e+02
-6.350499599184910267e+02
-6.532132229694855141e+02
-7.613963873455772955e+02
-6.396923277186436962e+02
-7.049854045146018962e+02
-7.430413667083605560e+02
-6.930131441124926823e+02
-6.198309415737755899e+02
-6.156077197535106507e+02
-6.552799588597489446e+02
-6.525379097245711364e+02
-5.716329923690191208e+02
-6.012066125733114177e+02
-6.781976044097872318e+02
-6.593542789333381506e+02
-6.433190093173749347e+02
-6.581550251663572908e+02
-5.830718083341100737e+02
-6.821068262500664332e+02
-6.550627199816634629e+02
-7.314880757421959743e+02
-6.880878355962470323e+02
-7.089013327466943792e+02
-6.485873634134594568e+02
-6.970768494902157499e+02
-5.382877085862288595e+02
-6.026112507318939606e+02
-6.681835543681703484e+02
-6.497225716698750375e+02
-6.105340646282410262e+02
-6.015997934006777541e+02
-6.096282108640816659e+02
-6.398879313096113037e+02
-6.654968443285362127e+02
-6.973826404227654621e+02
-6.173768153929429445e+02
-5.609928282570908777e+02
-6.400441497773502988e+02
-6.614215623525894898e+02
-6.586699648424159932e+02
-5.436294053845856524e+02
-6.581869805649998852e+02
-6.989331411037097723e+02
-7.655540226396918797e+02
-6.894870268293091158e+02
-6.382532834031849234e+02
-5.813411839697325831e+02
-5.505411125003593042e+02
-6.980245262153416661e+02
-5.892282390003122146e+02
-5.935075595013050815e+02
-6.137120018649534359e+02
-6.466805575892067282e+02
-6.744069809700491760e+02
-7.098282433487495382e+02
-6.918084679303201483e+02
-6.946483640902114303e+02
-7.517683896142430058e+02
-6.487321966880299442e+02
-6.356978546085757671e+02
-5.945325565466289390e+02
-7.084283187481397590e+02
-7.290420472948267161e+02
-7.137473345943049026e+02
-6.548436473703250158e+02
-6.393905010398127615e+02
-6.482111463049028544e+02
-6.419564982827703261e+02
-7.282855824478363047e+02
-5.731088714876534596e+02
-6.359912704434726720e+02
-6.300078022757388680e+02
-5.925288406663150909e+02
-6.138640802635461569e+02
-6.379812643509239933e+02
-6.078998447535154810e+02
-5.886685660823649187e+02
-5.214167142150986365e+02
-6.715811333519169466e+02
-5.206474896732898969e+02
-6.453306310761012128e+02
-5.898208961609203698e+02
-6.115995324423703323e+02
-7.572895362117923241e+02
-6.097176035277781239e+02
-6.355997937904894570e+02
-6.482059570485126869e+02
-5.801962754136887952e+02
-6.690716084089441438e+02
-6.765213416150862713e+02
-7.099067606405482138e+02
-6.313616757740880985e+02
-6.670633019749520827e+02
-5.581457844322669644e+02
-6.857630426113222484e+02
-5.322106110003303456e+02
-7.244782618240537886e+02
-5.360084505616866863e+02
-6.911913143524475345e+02
-7.177415647764693176e+02
-5.933571325731791148e+02
-6.089730051948954497e+02
-6.381228665150172219e+02
-6.216446307138825205e+02
-5.341598198604991694e+02
-6.762609702961467519e+02
-6.877396486401902393e+02
-7.609063122710609832e+02
-7.243338633875326877e+02
-6.771584148376136909e+02
-6.381671002193828599e+02
-5.926474004419401354e+02
-6.726397243262930488e+02
-6.368869732567804931e+02
-6.329226447349012687e+02
-6.846790454037320615e+02
-5.484294769597715913e+02
-6.895690481288304454e+02
-6.041220868582018966e+02
-6.048586534649559781e+02
-6.502292103168377935e+02
-6.378388716605411446e+02
-6.670113285383553148e+02
-5.406028499861705541e+02
-5.574242827566536107e+02
-7.285815230928598112e+02
-6.128689878960242368e+02
-5.857594661682148853e+02
-6.938974220742283023e+02
-5.489470979965567494e+02
-6.136859478214323644e+02
-7.707304362183671174e+02
-5.478474193646835602e+02
-6.991653618513153106e+02
-7.424007420285220178e+02
-6.406688303666658157e+02
-6.822321461571574446e+02
-6.754429634178150081e+02
-7.339519211636637692e+02
-6.038367463111858342e+02
-6.687315776318295093e+02
-6.998684544045205485e+02
-5.987480989061332366e+02
-6.152676231143179848e+02
-7.024517127459992025e+02
-5.898357860407389808e+02
-5.284927078331223811e+02
-5.582543463527221093e+02
-7.352699552422898250e+02
-6.465212296590297001e+02
-5.682575375168194114e+02
-5.459457565700565738e+02
-6.213651818790515335e+02
-5.812578284249271974e+02
-5.754711411893383683e+02
-6.775403297447155637e+02
-5.784117585495308731e+02
-6.424624923919915318e+02
-7.120802518752354899e+02
-6.023845980111162817e+02
-7.477587425411782078e+02
-6.498050861656101915e+02
-7.007244984350301138e+02
-6.739900672298149402e+02
-6.691842332373540785e+02
-6.751437118408199467e+02
-7.654966412164029634e+02
-7.084160243190709707e+02
-6.697203922922016091e+02
-6.817008667419889889e+02
-6.855615969430546102e+02
-6.708106300150493553e+02
-6.916571241999599806e+02
-5.220700902947879740e+02
-5.519325736958660400e+02
-5.528609856028092508e+02
-5.815444284545789060e+02
-6.754586660765251054e+02
-6.751987955181675716e+02
-6.916693402314371042e+02
-5.752509658105147992e+02
-5.715748461181184439e+02
-6.902256011384451995e+02
-7.054732195263331960e+02
-5.920323924023060727e+02
-6.158893357415272476e+02
-7.313475965116222142e+02
-6.673107952209993528e+02
-5.954109994833698920e+02
-7.238437965441687538e+02
-6.835483331974252224e+02
-6.281515517344333830e+02
-6.213878523149926423e+02
-5.270999024230842451e+02
-7.153151808829833271e+02
-6.685282695563746529e+02
-5.379561618808650110e+02
-6.309632806612074774e+02
-5.651169950578218959e+02
-7.531803549126050257e+02
-6.039733931974810730e+02
-6.224598305302654353e+02
-5.924837493527264769e+02
-6.069519566769898802e+02
-7.161392320681665069e+02
-6.989197858243114752e+02
-7.288995048774822862e+02
-5.604117451154741048e+02
-6.073889312935082216e+02
-7.726844434225275791e+02
-7.078328673622667111e+02
-6.501589043974596507e+02
-7.019926694246386205e+02
-5.043689013753524932e+02
-7.208416807860891140e+02
-6.932271729395695274e+02
-5.400865429344376025e+02
-6.180169081087675522e+02
-6.403846078382002815e+02
-7.600537370740844381e+02
-7.096804478570737729e+02
-7.532597805258110384e+02
-6.707310679794906036e+02
-6.151235615582022547e+02
-6.144382009791013388e+02
-6.515133019668267025e+02
-6.563367939946889464e+02
-6.443791474418720782e+02
-7.464274501448905994e+02
-5.708923884248112017e+02
-6.732035100268481074e+02
-6.742538559330112093e+02
-7.078363421462730685e+02
-6.542554726157143250e+02
-5.883581090146366250e+02
-4.683273337179147688e+02
-6.225036038414775703e+02
-7.434052867804521156e+02
-5.912467910956978585e+02
-5.581624060783444747e+02
-7.046161950804449816e+02
-6.922118973734468454e+02
-6.621283565492260550e+02
-6.443228686432821632e+02
-6.847544943630584839e+02
-7.081154420777737641e+02
-7.305577317853014847e+02
-5.963762324824101597e+02
-6.588431169236060896e+02
-7.206930153253457547e+02
-6.933377104876851718e+02
-7.617412189719686921e+02
-6.315526486587917816e+02
-7.323777596541801813e+02
-7.622066464372043129e+02
-5.754436344806699708e+02
-6.325192584669987355e+02
-5.698003414410648020e+02
-6.693179182454186957e+02
-6.819764592286671814e+02
-7.019120261104053498e+02
-6.283727827231296033e+02
-6.295017820278454792e+02
-6.604367357634081372e+02
-6.033133681662803838e+02
-5.319206854657126087e+02
-7.079336195717864939e+02
-6.420034799260182581e+02
-6.907018424508669341e+02
-6.141687176361078855e+02
-6.773204850176456375e+02
-5.299495919087416951e+02
-5.679469530845419740e+02
-5.729821012316673432e+02
-6.749128512359540082e+02
-6.921954555916369145e+02
-6.802774567962428591e+02
-6.134759178537676689e+02
-6.598164160158253253e+02
-6.198176167650573234e+02
-6.003018831031756690e+02
-6.359666311364215971e+02
-5.289969054765359715e+02
-6.696728054157287033e+02
-7.105533524558959471e+02
-5.227211904068744843e+02
-5.178879168785896354e+02
-6.758633789954789108e+02
-6.327754728060697289e+02
-6.139187410571092869e+02
-5.185435439995832212e+02
-6.126487016478654368e+02
-6.454931732287143404e+02
-5.536838864900968247e+02
-7.490910547950005594e+02
-6.970189885292634244e+02
-5.945140824447021259e+02
-6.397836164963242709e+02
-6.448256075141130168e+02
-6.031036937192067171e+02
-6.661194953736279558e+02
-6.332058084445296799e+02
-7.509146601765002060e+02
-6.727219931146964882e+02
-7.456826174055455567e+02
-6.381409068386680019e+02
-7.183685949973643119e+02
-5.712032984205426374e+02
-6.382392591056589026e+02
-5.732737800409779538e+02
-5.901114466855922274e+02
-7.064273747697210410e+02
-6.464840368619347828e+02
-6.509040776686197205e+02
-5.458046797092562201e+02
-6.139507843793335269e+02
-7.170547683802016081e+02
-7.083421987513604563e+02
-6.552636227237910589e+02
-6.017011503931009884e+02
-6.259605378602695964e+02
-5.825529600887131210e+02
-5.801807024459308195e+02
-7.276878605288609378e+02
-6.104238065965355418e+02
-6.893794382400701579e+02
-6.595615310680984749e+02
-7.145478415416635016e+02
-6.581260383060820232e+02
-7.565848200985196854e+02
-6.138024295720288137e+02
-5.642821559138911880e+02
-5.880897555425277687e+02
-6.839063766480066988e+02
-6.332247998040592165e+02
-5.742321950307473344e+02
-6.825383214005802301e+02
-6.434043197736085631e+02
-6.729790543918151116e+02
-7.591663436345685341e+02
-6.644277151100454830e+02
-7.364610584212458662e+02
-6.909102028145507575e+02
-6.546207179499275526e+02
-6.919302369775393800e+02
-7.010757447640276041e+02
-5.941219022692976068e+02
-6.214816438295592889e+02
-6.551751862385804088e+02
-5.910388988260566521e+02
-7.206289858958908781e+02
-5.454374868667310921e+02
-5.189932700753371364e+02
-6.713542642427864848e+02
-5.896192972075558600e+02
-7.155382027063509440e+02
-6.966852743383535653e+02
-6.068703989227713009e+02
-6.015002834808108219e+02
-6.793658174848856106e+02
-6.765185905486014235e+02
-5.654296384488495733e+02
-5.015584288491380676e+02
-7.405631402047675920e+02
-7.471460904124579656e+02
-6.722802877140400142e+02
-6.388375739117511785e+02
-7.457429571559380292e+02
-6.506240606436898588e+02
-6.935613859058457820e+02
-6.655383103376731242e+02
-7.058509051489156718e+02
-6.054333264801844052e+02
-7.295045298576976620e+02
-6.268985039981633918e+02
-6.551070636724818996e+02
-7.115599038659039479e+02
-5.365387630668797101e+02
-7.111171591749607614e+02
-6.483917771008400450e+02
-5.459939917229545472e+02
-5.510812631876741534e+02
-6.940915246779807148e+02
-7.082167332746361126e+02
-6.812306884459483172e+02
-7.470677360939954497e+02
-5.517093922087608462e+02
-7.010522395878654152e+02
-6.909221166069705760e+02
-6.951143525508813354e+02
-6.080623021765937892e+02
-7.365186776505863691e+02
-6.783464555409111654e+02
-7.180555176375321480e+02
-6.151789933416306440e+02
-7.018758386606984914e+02
-7.024996151146010561e+02
-5.767379205031812717e+02
-6.984201756481477332e+02
-5.858335677079514880e+02
-7.172117558694366153e+02
-5.642792782857222846e+02
-7.168390686848833866e+02
-6.996925647405882955e+02
-6.065023727062766739e+02
-5.957170258685927138e+02
-6.350758404486034578e+02
-6.158390386992791719e+02
-7.125376271068606684e+02
-6.953800106457853190e+02
-5.857222247979308349e+02
-5.889148797682173608e+02
-4.565433355098009542e+02
-6.437540493425964314e+02
-7.246265011025483318e+02
-5.095404992950092833e+02
-6.308820204255707722e+02
-6.782115334240842230e+02
-7.378526376882141449e+02
-6.935481676169016509e+02
-5.972211866600299572e+02
-5.884310271063881146e+02
-6.046526676711620212e+02
-6.949316339026408968e+02
-5.409715665195691372e+02
-5.584140193246799981e+02
-6.397393933211139938e+02
-6.414934609004675394e+02
-6.373319344633792980e+02
-6.000800750565509816e+02
-6.388496348386523778e+02
-6.463868755462490299e+02
-6.496128335171691788e+02
-7.340746480623373600e+02
-6.528543426004941921e+02
-5.553575031263458186e+02
-5.471617435042841180e+02
-5.527241806601369944e+02
-5.938931934281168878e+02
-7.177686646786219171e+02
-5.804598848485886720e+02
-6.837586024471299879e+02
-6.706458430210122970e+02
-6.508973368201627636e+02
-6.628283859087755445e+02
-5.773391732897936208e+02
-6.052631571896126843e+02
-6.242029516300974592e+02
-6.980608551072095906e+02
-7.697525748850971468e+02
-6.345042498694446067e+02
-7.189299487768696508e+02
-6.542397776966979563e+02
-5.794852253503892143e+02
-6.185766161647375156e+02
-6.782164041722494403e+02
-6.018333814024886124e+02
-7.306280904545394606e+02
-5.822763648544762418e+02
-6.445348709952368154e+02
-6.082149204243161194e+02
-6.346974949718542121e+02
-6.722889699571403526e+02
-5.193644211080475088e+02
-6.873039928684755751e+02
-6.303927506857288563e+02
-5.444591148585284373e+02
-6.636948002290249633e+02
-6.558221278434305077e+02
-5.327090516030136769e+02
-7.456775232962257860e+02
-5.598125308682173227e+02
-6.375235755049615136e+02
-5.161249572052932990e+02
-6.055043931735734759e+02
-6.443650602155526030e+02
-6.889991779982653952e+02
-5.923739228287239484e+02
-6.412305375818225457e+02
-6.985754082988062237e+02
-5.499896334225787768e+02
-7.278427532172645442e+02
-6.672853810544829685e+02
-6.316031378061280748e+02
-7.121734301592176735e+02
-7.427050115950057716e+02
-6.385418913616940699e+02
-6.333526188106673089e+02
-6.477931714273846637e+02
-5.883424013901852732e+02
-6.385813044253345652e+02
-6.928274309428852575e+02
-7.533613567398374471e+02
-7.098176768259853588e+02
-7.083916970421216774e+02
-6.236633021811102253e+02
-5.386124981094185387e+02
-7.548736416731557028e+02
-7.031663386553203736e+02
-6.642773138990928601e+02
-5.325645942797731323e+02
-6.355606499400132634e+02
-5.972404601818938090e+02
-6.742106427121816523e+02
-6.907584586536053166e+02
-6.554530463346173974e+02
-6.250384307924034601e+02
-5.850931008221759839e+02
-6.444486843871961810e+02
-5.528311617267268048e+02
-7.074367963738562821e+02
-7.390046783847361667e+02
-7.301768594837809587e+02
-6.510399105575147587e+02
-6.150894624788359124e+02
-5.612329598323632354e+02
-6.550331905969345598e+02
-7.740096711751120893e+02
-6.735005881938911898e+02
-7.038175261442022475e+02
-5.660341389212396734e+02
-6.993796099159670803e+02
-6.090385109286864918e+02
-6.023344449263641991e+02
-6.705374727153830463e+02
-6.265234291354938705e+02
-5.798975955230780528e+02
-6.250804844092474468e+02
-6.724180517674882367e+02
-6.832084930941779248e+02
-6.886967793872397579e+02
-6.105326440793609208e+02
-5.514914276235469970e+02
-6.637323417281900220e+02
-5.061876343571933603e+02
-6.191002854597580836e+02
-6.962904420325147612e+02
-7.075439217679584090e+02
-5.492079936680140690e+02
-5.765098811708901394e+02
-6.712990713844053516e+02
-5.567309359835958276e+02
-6.162947787730702203e+02
-6.085558797988473998e+02
-7.186601917057056426e+02
-6.129279928432406450e+02
-6.258003572540270625e+02
-6.829302823060013452e+02
-6.510348416415001793e+02
-6.394843758359966159e+02
-6.170015991492762168e+02
-7.032963209305964938e+02
-5.288795462866615935e+02
-7.065595294278280107e+02
-7.396076019711974823e+02
-7.400021437752145630e+02
-6.111224747051799113e+02
-6.471352897936001227e+02
-6.977713003071805815e+02
-6.513618786470107125e+02
-5.126613092855052400e+02
-5.552329296022380731e+02
-7.428471475215978899e+02
-6.441790376745584581e+02
-7.569903553255347788e+02
-5.668128023675328677e+02
-7.097195477814004789e+02
-4.629533812455395605e+02
-6.751978990791392334e+02
-6.251252694239559560e+02
-5.977841074456307524e+02
-6.153982750801450265e+02
-7.648458959479823989e+02
-6.760558374135948725e+02
-6.028936470776924352e+02
-7.577662446937658842e+02
-6.784694733535002342e+02
-5.570849859634214454e+02
-6.891662695281095239e+02
-6.214796959466719954e+02
-6.897287348985447579e+02
-6.890195192323070614e+02
-5.824397502875978034e+02
-6.319594937335862141e+02
-6.733798791191495638e+02
-6.712805349676776814e+02
-6.252174240001199905e+02
-5.952054265798752795e+02
-7.157669051689788375e+02
-5.093999949354574142e+02
-6.016008610971097141e+02
-5.590954791510780524e+02
-7.161948199233178229e+02
-5.348051368721731933e+02
-6.435690116451008862e+02
-5.062778134145020772e+02
-5.971496238805224266e+02
-6.174785018147804294e+02
-6.488126447445292797e+02
-6.767636922978708753e+02
-6.699584060036974051e+02
-7.412101374179161439e+02
-6.542265031547258332e+02
-7.546126160162475571e+02
-7.185854951571568563e+02
-5.568902686951562373e+02
-5.737892917530972454e+02
-6.573092204757770105e+02
-6.418957490916640154e+02
-6.898070260669102254e+02
-6.140726343869765742e+02
-5.875188998078344866e+02
-5.727711635508374002e+02
