-2.472010884841208735e+03
-7.522628945313765598e+02
-6.539026568380396611e+02
-5.073912285550150045e+02
-6.696219065565952633e+02
-7.357127449517499826e+02
-6.495013827311381647e+02
-7.033944658407671113e+02
-8.812237783035531038e+02
-6.988936564468198185e+02
-8.105982918962506574e+02
-6.905115174923274708e+02
-7.466607129334263391e+02
-5.686945231298305998e+02
-5.081971822508584751e+02
-7.416618191085448188e+02
-6.147446976641990659e+02
-8.720025809699815227e+02
-4.072648048171490132e+02
-7.989537557729464652e+02
-7.504476164854811486e+02
-6.504829433363329372e+02
-5.106675024682571120e+02
-8.551548554556329691e+02
-4.719962919557511896e+02
-6.361618533333887626e+02
-8.560693041311494653e+02
-6.651683907446416697e+02
-8.187840211781292510e+02
-8.603058380016066167e+02
-5.545317306461284943e+02
-7.393968687918193154e+02
-6.524533565301945828e+02
-5.814951024705850386e+02
-8.036194824968698640e+02
-6.531800589694247492e+02
-7.195933602586840152e+02
-6.666855254186805269e+02
-8.067828326370031391e+02
-7.886506648172912719e+02
-6.583556247055630593e+02
-7.772650396697421229e+02
-6.261561776285360565e+02
-4.745049943403863608e+02
-7.701258016430243742e+02
-7.924265053350825383e+02
-7.386061903453988862e+02
-7.327200647666068107e+02
-7.382080576198796962e+02
-5.238814266166300513e+02
-7.809616145273344046e+02
-6.315991320869309220e+02
-4.954478703135458773e+02
-8.045331893475363358e+02
-7.401549461283032088e+02
-6.763378701137290818e+02
-7.899251255210289173e+02
-8.572573308006184334e+02
-8.070052551035762463e+02
-6.142931051056833667e+02
-6.360858402513226793e+02
-8.669850291244446225e+02
-5.723853604170477638e+02
-7.532234663069060616e+02
-5.122633802982767293e+02
-8.209693594010457218e+02
-6.001530428423736794e+02
-7.829311824407310496e+02
-4.745148620883931585e+02
-6.717203917536021436e+02
-8.532642489776884531e+02
-9.988096275603458025e+02
-1.302673409147060738e+03
-7.476597281083562621e+02
-6.650895642824367542e+02
-6.883999599890335048e+02
-5.014860155390992418e+02
-5.158376088732537710e+02
-7.558769938488441085e+02
-7.323896770884701937e+02
-7.064938879046267175e+02
-6.099150231325425011e+02
-8.625283855073140558e+02
-5.292454348280620025e+02
-7.493501260501244587e+02
-7.583141454352416986e+02
-6.834956541130885626e+02
-3.848871328360076518e+02
-7.193582195709041116e+02
-8.215618510602561173e+02
-4.594469248940998796e+02
-5.434822668405282684e+02
-2.991154145050212492e+02
-5.276889242006700442e+02
-7.897428611682722703e+02
-8.976920308961849742e+02
-8.577906661376674720e+02
-7.689751282752254156e+02
-7.121244962875277906e+02
-9.265550625890795118e+02
-9.261086972366475720e+02
-8.057724271622015522e+02
-5.025365819878141451e+02
-6.448875829305834486e+02
-7.577745136621937263e+02
-8.373726279272924558e+02
-8.497851127043462611e+02
-6.616062189380990048e+02
-7.218127259444163428e+02
-7.813123761295368013e+02
-5.796568428677555858e+02
-7.578164914273413615e+02
-8.250871498463835678e+02
-9.206589669762817039e+02
-5.916456958991392412e+02
-6.446882599328984043e+02
-7.097554363884406712e+02
-4.912512492765584966e+02
-6.179111690012480267e+02
-8.760693278257652992e+02
-8.881342138650697962e+02
-7.342007815783897513e+02
-6.067822287964436327e+02
-7.377984413635592773e+02
-6.903287919492480569e+02
-6.250943989573177078e+02
-7.207654738777288230e+02
-7.063031335470810745e+02
-6.329268535290077580e+02
-8.417483197512202651e+02
-7.751261872225494471e+02
-7.141258707945414699e+02
-7.105984957454152209e+02
-7.223045015542950296e+02
-9.127541750616749141e+02
-7.628793491404285305e+02
-8.492835118428014312e+02
-6.736950053479444023e+02
-5.433929604586618325e+02
-9.308202395695731184e+02
-7.846268766905551502e+02
-6.818127489079355428e+02
-8.815428027813129574e+02
-6.839397653131179595e+02
-7.097085500708528798e+02
-8.062319466036088897e+02
-9.154411443824478738e+02
-8.999663211135152778e+02
-7.388647042521861295e+02
-8.580977095752065225e+02
-8.797528281530391041e+02
-7.208658872086419933e+02
-9.340841316386179187e+02
-5.796751196184089849e+02
-5.477415141214905816e+02
-4.952827602077727533e+02
-7.383431671457790344e+02
-7.903816382626068844e+02
-8.220389953319181586e+02
-9.070957379502917775e+02
-7.499812552058969004e+02
-7.951795312671661122e+02
-6.425578507777972845e+02
-6.840517230313602113e+02
-7.236839141138548257e+02
-7.964446325308671248e+02
-8.040862103142170554e+02
-7.466949748317308604e+02
-8.478966658189176542e+02
-7.668266833617891507e+02
-7.610927114348077112e+02
-6.951099292879715676e+02
-6.816841362114309959e+02
-8.846120364316021778e+02
-8.539744836119623415e+02
-5.733468311734944791e+02
-6.384965670856261113e+02
-8.472447241027891778e+02
-8.717367444872342048e+02
-5.825111923624442625e+02
-8.991666325611251978e+02
-7.169170731615938621e+02
-6.424379116427544432e+02
-8.732697856218983361e+02
-6.538167062755098868e+02
-7.805671031983119974e+02
-8.779121216430288541e+02
-6.720636183142347591e+02
-9.356809500735192842e+02
-6.001523158623560903e+02
-8.115961081302175444e+02
-6.329990201660457387e+02
-5.688880937093431385e+02
-7.501878984469036595e+02
-6.836875106593598730e+02
-7.684134830807504386e+02
-9.150077387982445316e+02
-8.440861978260487604e+02
-7.212347344445697672e+02
-7.509458648432654400e+02
-8.735422063182460306e+02
-7.315336877159966207e+02
-8.868857501953676774e+02
-8.059109500405241988e+02
-6.342226052164299972e+02
-6.040143094413685958e+02
-7.320649654921157889e+02
-7.913072835851976379e+02
-7.625705588730854743e+02
-6.866217770034253363e+02
-7.197500550219834849e+02
-8.619265726559945051e+02
-8.883662839920165197e+02
-8.226714515985106573e+02
-7.643201780679827380e+02
-7.033786098263495887e+02
-7.752005249967569398e+02
-5.740121691660929173e+02
-8.152070388253988540e+02
-7.323260872253057414e+02
-6.198961224971977799e+02
-8.300185780393342156e+02
-8.643810889426470112e+02
-8.762823672131995636e+02
-8.537710177317734406e+02
-7.989201226285197208e+02
-8.880102497482546369e+02
-7.918009875422186497e+02
-8.304184792418840289e+02
-9.117728604399983396e+02
-8.384420774218931456e+02
-8.648007853832067440e+02
-8.686551305045037452e+02
-7.189243217554861758e+02
-7.977220855194229898e+02
-7.615783187028993098e+02
-8.562156678508647474e+02
-7.832162529256125936e+02
-6.354807694132255165e+02
-8.845548426307160526e+02
-8.548535392571843659e+02
-6.288143566655810446e+02
-6.685224213316784017e+02
-5.505371499900511481e+02
-7.997550057038680507e+02
-5.780611927929179501e+02
-5.677374225464600386e+02
-5.116240603176055401e+02
-7.826177392585188954e+02
-8.674206890782513710e+02
-8.359368335316104321e+02
-6.022902390526807039e+02
-6.913777812395046567e+02
-8.992191301979503351e+02
-6.166018647835431921e+02
-8.816445580295403488e+02
-8.642893006827596309e+02
-6.891791962384620547e+02
-6.287233800853139201e+02
-5.626236842210633995e+02
-9.087382179994275475e+02
-7.605231785062007930e+02
-7.418211442033134517e+02
-7.040438677973148742e+02
-4.827389268296718683e+02
-7.395494920875117941e+02
-7.108169321480622784e+02
-8.866943036321722502e+02
-6.546785977107343797e+02
-8.674175574582631043e+02
-7.428348350736849852e+02
-6.652849417361488804e+02
-8.609489371087549898e+02
-5.603522057582711113e+02
-9.035298295863818794e+02
-9.019953415672226811e+02
-8.530247996164646338e+02
-7.743631993384543648e+02
-8.693602462759238279e+02
-8.749019891212760740e+02
-5.913517815601350094e+02
-8.679200606505993392e+02
-6.257150751857604973e+02
-8.206990028995711555e+02
-6.852770869025615639e+02
-6.436752256371611338e+02
-6.517791247234633829e+02
-8.208190710212286376e+02
-6.200993435634158004e+02
-6.996068084107926097e+02
-7.155434018701686227e+02
-6.552430319445554687e+02
-7.941420962784127369e+02
-6.576350845772237790e+02
-7.485127434223848013e+02
-6.782040525521729251e+02
-8.159357131503929850e+02
-7.028917096210335558e+02
-8.461531432421028285e+02
-5.894752692103393201e+02
-8.070864328150296387e+02
-8.888110810551058876e+02
-6.810072997471354483e+02
-8.002867018402703252e+02
-6.359468198988338372e+02
-8.149445282199934582e+02
-7.118006471428521991e+02
-6.920318413352238167e+02
-8.775577841725284998e+02
-7.493367185468852085e+02
-7.823241934978721019e+02
-6.035642411609931060e+02
-6.996922893406483581e+02
-6.900993337597462869e+02
-9.012603532521006855e+02
-5.625435687396350204e+02
-7.131451067051932569e+02
-7.794005273432912873e+02
-7.284925888969506786e+02
-7.816474245897494484e+02
-6.604040709836187943e+02
-7.476897885430896622e+02
-6.711544252266480726e+02
-7.857996128601091641e+02
-6.112981146869244640e+02
-7.235750160074165933e+02
-7.015194698164572173e+02
-6.879479706494946640e+02
-6.420711556490504108e+02
-8.131834582489801733e+02
-7.255307961935740195e+02
-7.829737298102782006e+02
-8.897658429103660183e+02
-6.466539607075916365e+02
-8.727263643324445184e+02
-7.097484075808046100e+02
-7.112083497981179789e+02
-9.098732099341580124e+02
-8.775692740125040245e+02
-7.779108811262188965e+02
-8.338882505935404197e+02
-6.925443036331561188e+02
-7.607687611012839852e+02
-6.525505887598217214e+02
-8.916118939103225784e+02
-5.783714407333275176e+02
-9.113369042205389405e+02
-8.244494566808019727e+02
-8.253462982213593477e+02
-7.246856863940810172e+02
-7.186775585751380504e+02
-6.998822341269648177e+02
-8.977083355999352534e+02
-7.708502390536232269e+02
-8.372695194996981627e+02
-7.106010360501106788e+02
-6.570761485766802252e+02
-6.610575872135738109e+02
-6.854341565947026993e+02
-8.207387189949981803e+02
-8.994351935541986904e+02
-8.174072703256117620e+02
-8.131812644720359913e+02
-6.125610606763128771e+02
-7.886702774467028121e+02
-8.285862442290329000e+02
-6.573256614829394948e+02
-5.373328564068087871e+02
-8.250084911079220547e+02
-5.782354341311556709e+02
-8.123695205882813752e+02
-8.553976500197826454e+02
-7.258187975406067380e+02
-7.201422890309377181e+02
-9.377269578174253866e+02
-7.589913135495175993e+02
-5.539398628920537249e+02
-6.698593805177508784e+02
-6.359675252191743766e+02
-7.129394103551238686e+02
-6.455361386509021031e+02
-8.788632417810670177e+02
-7.117200515312925972e+02
-7.577806137119026744e+02
-5.803689279256300324e+02
-7.855639688662738536e+02
-6.998064865047696230e+02
-8.124694416502341028e+02
-8.095048565273187933e+02
-7.953204468010512755e+02
-7.057022970364440653e+02
-6.675695787881834349e+02
-5.648340543639753832e+02
-6.451917452327212459e+02
-5.551470560796042264e+02
-8.924920494757552660e+02
-8.137341615618000787e+02
-7.128656905240185324e+02
-6.356991548117416642e+02
-7.360763055436372042e+02
-9.184258336805559111e+02
-7.969784451569244084e+02
-8.389776518188261889e+02
-8.556563710130578784e+02
-7.192582204789500793e+02
-6.849740588828750560e+02
-7.912263336880804445e+02
-8.211058352017624884e+02
-7.682000730509756750e+02
-7.069605500177368640e+02
-7.001199470808594469e+02
-7.291156579530629642e+02
-7.243565300212105740e+02
-6.339153271368759306e+02
-7.457123373936019561e+02
-8.938644348663220853e+02
-6.233927651674866866e+02
-6.258292809948039803e+02
-8.742183550094083557e+02
-5.904872161674535391e+02
-8.294369292513628125e+02
-7.775518625538097695e+02
-6.197590650292731880e+02
-7.035865600583238120e+02
-9.078241218603573088e+02
-7.356380558338119044e+02
-6.938538231308247077e+02
-8.417694161431495559e+02
-8.958046948322636354e+02
-7.734269335242190664e+02
-5.365118316801454057e+02
-8.309194375357955096e+02
-7.763436989234791099e+02
-8.587415961100814457e+02
-4.630225157194995518e+02
-8.859750020383257834e+02
-6.726573436351044393e+02
-7.045393238379089098e+02
-8.860665768475292907e+02
-8.934680982258998938e+02
-7.976769402219925951e+02
-8.002183079278469222e+02
-7.398577197227124316e+02
-9.138649109247369324e+02
-6.619283366446622949e+02
-6.178675179343928221e+02
-9.225746832875938708e+02
-7.539538761771483451e+02
-6.780162176985718361e+02
-8.003637417492138866e+02
-6.777899617999711381e+02
-5.775612214063644387e+02
-4.588806589460425585e+02
-6.852395479208092866e+02
-6.209947087458051556e+02
-8.632656230369024115e+02
-7.325506999557417203e+02
-6.853150476509183591e+02
-6.732284138833726956e+02
-7.568984978828170824e+02
-6.980120839033172615e+02
-7.438172655692158060e+02
-7.832229751122326888e+02
-4.963356851854782121e+02
-5.534705109600430433e+02
-6.162069812165739222e+02
-6.910952894563183690e+02
-8.391872198485870058e+02
-6.395504748653494289e+02
-7.644475565516918323e+02
-7.719119313106850768e+02
-6.878291685228834922e+02
-7.244740376757470131e+02
-7.299710351371126080e+02
-8.917388070260994937e+02
-7.474280585945855364e+02
-7.383793007073639956e+02
-7.273481761760574500e+02
-8.619597139669241415e+02
-7.661920995499327773e+02
-7.712982390937415857e+02
-8.321395769589861402e+02
-8.400090912999592092e+02
-6.124845742829020310e+02
-8.206592166423342860e+02
-7.389149797643647162e+02
-8.553274160180333183e+02
-6.490569001373733045e+02
-8.997303027915210123e+02
-9.122938360706427829e+02
-8.371198576497864678e+02
-5.912844414050695150e+02
-8.094463798917724944e+02
-6.724820480615306906e+02
-6.011172295726232733e+02
-7.416070056919489843e+02
-8.409048299877368891e+02
-7.423112037912446795e+02
-6.406385592404159297e+02
-8.423075038969697061e+02
-6.894412746423669205e+02
-6.536816063731270106e+02
-6.078431335040349950e+02
-8.524976892572346969e+02
-5.850429659670591036e+02
-6.127108946444770936e+02
-8.215143697068320989e+02
-5.126488094469610814e+02
-8.795658324308952842e+02
-6.653141953818794718e+02
-9.235626171384892587e+02
-5.322956012143795306e+02
-6.539622707314825902e+02
-8.867049070109591185e+02
-8.745391360822424076e+02
-6.961429531089397642e+02
-6.370302362810571140e+02
-5.001951584130437141e+02
-7.081450190039781774e+02
-6.954648215367576540e+02
-6.390256917855386973e+02
-9.162497120361233556e+02
-6.722606692889276019e+02
-8.817896202175652434e+02
-9.393058527686253001e+02
-6.524998624439053856e+02
-8.313012528130614101e+02
-6.917686540550006384e+02
-7.900801424649769160e+02
-7.771772549479833287e+02
-7.504707485685656820e+02
-7.591268579738882636e+02
-6.742860275224991256e+02
-7.334059342795288785e+02
-7.871197124613529468e+02
-6.919355826588346190e+02
-7.110377706171341288e+02
-8.564476822101779590e+02
-7.053576073660760812e+02
-6.858902002268296201e+02
-7.576627714841927173e+02
-7.462516530454737449e+02
-9.180693113403038979e+02
-5.629822666235864972e+02
-8.186018758079578674e+02
-6.807654030270317662e+02
-6.976728666848670173e+02
-8.717584220443021650e+02
-7.467055364552920764e+02
-7.455604641168918079e+02
-6.462556940676520298e+02
-8.806289566284874581e+02
-7.815499547274228007e+02
-6.728661778599876016e+02
-7.768872466365697846e+02
-7.912182743716477944e+02
-8.171724844126302969e+02
-8.153426671723331083e+02
-7.310449072406042887e+02
-8.511120760265054059e+02
-8.408434314330212374e+02
-6.226813490086472029e+02
-7.335105647654756922e+02
-7.424311057273104097e+02
-7.664220983290538243e+02
-7.218572288913037482e+02
-8.992152350089135098e+02
-7.778032465971839429e+02
-6.238935453220917680e+02
-8.561187771564973445e+02
-7.237697122018059872e+02
-7.397874577380830488e+02
-7.973157448755275709e+02
-5.300210703746907939e+02
-7.266426119531301993e+02
-6.646388919535143032e+02
-7.482554110638527618e+02
-9.051795869723387113e+02
-7.043437945702220304e+02
-8.476096865326775287e+02
-7.970322208937678852e+02
-7.374660742776657116e+02
-6.989929705375245703e+02
-6.918957954078456396e+02
-6.937257505378964879e+02
-8.029144711885882089e+02
-4.656952042836817327e+02
-8.927425906938431126e+02
-6.982042283201293458e+02
-7.715376955281557230e+02
-6.066058708594076734e+02
-6.544372881611386674e+02
-6.789053845008809276e+02
-8.142866974384661489e+02
-6.819099769878171173e+02
-9.242477356089116256e+02
-8.992648103897080318e+02
-8.297625254244092048e+02
-6.622663334669096002e+02
-5.363896732867681294e+02
-8.669689490333989852e+02
-8.256052071484679118e+02
-9.061749521958500964e+02
-8.566470106381030973e+02
-7.362555015378454755e+02
-8.687818735893083613e+02
-8.337423421615221741e+02
-8.291776073237913351e+02
-6.291465362423175520e+02
-6.474927434277658449e+02
-5.814790836029802676e+02
-8.681424693816252329e+02
-7.150953329972517167e+02
-9.339161464765311393e+02
-5.578740925846844902e+02
-7.210061594904022968e+02
-7.392708515557102373e+02
-7.594555646084411364e+02
-7.301619568332796462e+02
-8.891512339638996991e+02
-7.550436601437812669e+02
-8.559139532800901407e+02
-6.919237197979332450e+02
-8.018050952412910419e+02
-6.985862111934380891e+02
-7.826439117771343490e+02
-5.129744449438441052e+02
-7.447826356672079555e+02
-7.329813005001030888e+02
-8.571253672462773920e+02
-5.922081972007828199e+02
-7.137906180261943518e+02
-7.439540472129797308e+02
-9.299854754992902599e+02
-7.067767097334860864e+02
-7.865295713285091779e+02
-6.647180204191658959e+02
-8.017480655343869103e+02
-7.001445300926108075e+02
-8.424912603072942829e+02
-7.565686809577298391e+02
-7.987971634907822818e+02
-7.695239380011799994e+02
-9.400068625925709966e+02
-7.316707277974680892e+02
-7.379073359648092492e+02
-6.851132594890725613e+02
-6.515159996232008552e+02
-7.228212648990505613e+02
-6.537914019440845550e+02
-7.690034737036005481e+02
-7.664907147220718571e+02
-6.991911739711891869e+02
-8.633509233343339702e+02
-7.560874490254415150e+02
-6.846430116566584729e+02
-6.564855149848906422e+02
-7.969538658554090489e+02
-8.877318004905896487e+02
-6.321443635051623460e+02
-9.149023190644583110e+02
-9.049281283682508956e+02
-7.116650995038353358e+02
-5.950109850443768664e+02
-7.120414098715931459e+02
-7.529580103663890895e+02
-7.683778357919150039e+02
-8.612507877149524802e+02
-7.737645390108891661e+02
-7.677434418120332111e+02
-7.064972904659172173e+02
-8.155927615717616845e+02
-7.060211523757250234e+02
-6.285179520090571259e+02
-9.279869778429323333e+02
-7.520369869359498125e+02
-5.138907799752225856e+02
-7.377154170808511253e+02
-5.441471949731429731e+02
-8.244906844575436935e+02
-7.570548422715618244e+02
-5.595132092758481122e+02
-7.703959556760826217e+02
-8.248903612798342238e+02
-4.838071481631290567e+02
-6.740325445364283041e+02
-9.217958930523216168e+02
-6.536279111336290271e+02
-6.849921866747001786e+02
-8.730951276704155362e+02
-8.981008766294856969e+02
-7.330863465284683116e+02
-6.174931538230130172e+02
-7.660559901623396399e+02
-7.782495322231713999e+02
-9.209250664756615379e+02
-5.528446104789454694e+02
-7.118814805256014324e+02
-7.002347301609636361e+02
-6.484287934945806455e+02
-8.258575846275466574e+02
-6.534482871556167538e+02
-8.939464152279816744e+02
-6.682375854528050922e+02
-7.047533103722257692e+02
-8.920665109372010875e+02
-7.624740383000157635e+02
-7.918025163483885080e+02
-8.493498347985859027e+02
-6.588610870356390024e+02
-6.981040978298947266e+02
-6.436183766164854205e+02
-8.210371064083220745e+02
-8.730492497980811777e+02
-7.295594540920803865e+02
-7.175003574524538408e+02
-7.235224559766843413e+02
-6.581784320420083532e+02
-7.696940564176500175e+02
-6.156395242999556103e+02
-7.542857026304171768e+02
-8.015584476435764145e+02
-7.181146878891931919e+02
-8.040663175471253226e+02
-5.893023398909317621e+02
-9.165907023122385908e+02
-8.205332667595184830e+02
-8.642097752392929806e+02
-8.596731805936992714e+02
-7.684712798229272721e+02
-7.622445535912863761e+02
-9.089840742710712220e+02
-7.898550781995065790e+02
-7.940778413319230822e+02
-7.729429235607344708e+02
-7.212898594546086315e+02
-8.881742809223617314e+02
-4.268897103544323386e+02
-6.966823642523569333e+02
-6.182890814060737057e+02
-8.392069639751377963e+02
-8.811747622144621346e+02
-9.035023900833871267e+02
-7.238464643622181711e+02
-9.051586238460470213e+02
-7.655493187126752446e+02
-7.247884889642130020e+02
-7.348241600546220980e+02
-5.517201280484731569e+02
-7.684577957962053461e+02
-7.910087463744321212e+02
-9.060325359272469541e+02
-7.290207621960064444e+02
-8.794201985923804159e+02
-8.015665877700506599e+02
-8.737815115142614104e+02
-8.513931636823244844e+02
-9.104358027468387036e+02
-8.713140964686742791e+02
-6.557023893877210412e+02
-7.838705786013292709e+02
-8.813941432738670301e+02
-6.448563435012468972e+02
-6.365386760817973482e+02
-4.917625518055500038e+02
-7.342637261750428479e+02
-7.818349466137908621e+02
-6.061615209462351004e+02
-7.640724060683222660e+02
-7.975324992009982452e+02
-7.717541929217858296e+02
-5.254579232817864067e+02
-7.285278318462503648e+02
-9.053134420076347624e+02
-7.969836909187425817e+02
-8.695740091501947973e+02
-5.770388848068987500e+02
-8.152850929168188259e+02
-9.203067021716111640e+02
-7.417804406803277288e+02
-8.509269198076405019e+02
-8.047706793412997968e+02
-6.779092044365852416e+02
-8.994681206787422525e+02
-8.836262204217536009e+02
-8.196322221087907565e+02
-7.809792858431405875e+02
-6.655466767378026134e+02
-7.410857093432347256e+02
-6.405128278491552010e+02
-8.047829831380934138e+02
-8.644437914133718550e+02
-7.798395419394071268e+02
-7.642593566403787690e+02
-5.893368179417178681e+02
-8.719101705774094171e+02
-6.066657745041017051e+02
-8.088285834086940440e+02
-6.638597378853529563e+02
-5.365659111180344780e+02
-6.709831712464030034e+02
-6.995482109046015466e+02
-6.685956501167103170e+02
-8.361831722699768079e+02
-7.363937421351590729e+02
-6.890417722432218852e+02
-9.190914077700363123e+02
-8.788899995728633030e+02
-8.259327105520782197e+02
-5.424636998426757373e+02
-7.983593236700601210e+02
-7.172975342919152126e+02
-6.946992199301296296e+02
-6.406770725197204683e+02
-6.965681002632995842e+02
-8.082365906284483117e+02
-7.490463546455669075e+02
-8.207258717438995745e+02
-7.318619539043146460e+02
-8.452932803505627817e+02
-8.846951601077212217e+02
-9.224829476558476244e+02
-6.445176328504126104e+02
-6.865274458306566885e+02
-8.214575039928434990e+02
-6.522348784125819066e+02
-6.493624813069114907e+02
-9.091726928275544424e+02
-7.286685130134836754e+02
-8.833681358723197263e+02
-7.668908734351285830e+02
-7.825204377794518678e+02
-6.545890008249768925e+02
-8.792483430524500818e+02
-7.937987047943011021e+02
-8.870284599567321493e+02
-6.476912781032947350e+02
-8.148281943539464010e+02
-8.407284603307663247e+02
-7.774381498334623757e+02
-5.714992895153402515e+02
-6.703660012331654343e+02
-9.277574296649023609e+02
-8.129029330115884022e+02
-9.304752123503890289e+02
-7.202450087101302643e+02
-6.381486839806055968e+02
-6.340039494209815985e+02
-9.196820071131263603e+02
-6.212838492801163284e+02
-7.573366387922982312e+02
-7.683923235034345680e+02
-5.999591893767783404e+02
-7.246473580690940253e+02
-7.809382274596962361e+02
-6.128672813018332590e+02
-6.854439077314812039e+02
-7.178558062926967978e+02
-9.163989022873704471e+02
-7.763856746607203831e+02
-5.512596196613741313e+02
-5.583805475116981825e+02
-8.432662617051350935e+02
-9.341027991399889743e+02
-8.920221188516213715e+02
-6.017294126033523298e+02
-5.220155781344875550e+02
-7.239181265680023216e+02
-7.821418476114488385e+02
-8.610658641109012024e+02
-5.262178642057194793e+02
-8.544348284281891210e+02
-8.923742777381585256e+02
-8.384243221309931187e+02
-8.677451244543060511e+02
-7.278210026648631583e+02
-9.348340191771875425e+02
-6.163030118720016617e+02
-6.702171160196503479e+02
-6.022280688454447954e+02
-7.417634442612529710e+02
-8.220821879188673620e+02
-4.940133809300205598e+02
-7.284990387562005481e+02
-7.337564644620628087e+02
-8.208619253587269213e+02
-8.528618193283923574e+02
-6.803509569203014280e+02
-8.713141656124652172e+02
-6.187940887744895235e+02
-8.619737868545231549e+02
-8.802978887654898017e+02
-6.973505613002383825e+02
-8.459621016179844446e+02
-8.506635127192618029e+02
-6.719254810826188304e+02
-8.950697742729623769e+02
-6.529753244062694648e+02
-6.415215600582872639e+02
-6.901400820768926678e+02
-8.555341243434118041e+02
-7.394429096851752092e+02
-6.195304096723704106e+02
-7.110525237866725092e+02
-7.493898521382003537e+02
-6.301680960026940284e+02
-7.743860339693178503e+02
-8.514296146556361009e+02
-8.218739339959022345e+02
-9.238674019128851569e+02
-6.718687564201750320e+02
-7.889187110033961972e+02
-7.096174637266207128e+02
-7.336763391666313510e+02
-8.943730231351552220e+02
-7.149715781953333362e+02
-7.593596635918502216e+02
-9.004393196844544036e+02
-6.931519335507763344e+02
-7.451631971687634177e+02
-7.944509028945583395e+02
-8.553149468071596857e+02
-7.160463352821883518e+02
-7.141477254910835200e+02
-8.804025965731923407e+02
-8.305780412840992994e+02
-8.992949854604912616e+02
-6.918977847116419753e+02
-8.562632662979486895e+02
-7.672946661253005232e+02
-8.240230386297621408e+02
-8.047019230482906096e+02
-7.569766785353399428e+02
-8.410127269184031320e+02
-7.225078352019476142e+02
-6.960322604426019097e+02
-7.996894189427437141e+02
-8.340687279775730758e+02
-6.654893245397176997e+02
-9.161729196955631096e+02
-8.322233013062253804e+02
-7.999887226549595880e+02
-7.326088932760369516e+02
-7.810782339180176450e+02
-8.635414406176232660e+02
-8.001454967947167916e+02
-8.263080088754850294e+02
-6.155115223764181565e+02
-5.222544494425313815e+02
-7.753183251480749050e+02
-7.561009185785992486e+02
-8.877538919627000951e+02
-8.155988781281029105e+02
-8.507318630900979315e+02
-5.825298917034476744e+02
-7.523763515838326157e+02
-8.268364408547184894e+02
-7.590645770186099526e+02
-6.601109289071575859e+02
-5.557573416432195472e+02
-7.391287112831500963e+02
-7.583211823298536274e+02
-6.459854316242283403e+02
-6.454771966005449713e+02
-5.292227080108923474e+02
-7.334364663391017984e+02
-6.017677660915134084e+02
-6.360863448899175410e+02
-6.614741322841002784e+02
-7.980055985909624496e+02
-8.305210514968413236e+02
-6.434652917613545924e+02
-8.801297531008146962e+02
-7.238897451440848272e+02
-8.470173616765492852e+02
-6.945321983310115002e+02
-7.187639539464777272e+02
-8.615888390888115964e+02
-7.333307558468077332e+02
-6.753485382712956380e+02
-6.972398873806923802e+02
-8.241614374273531212e+02
-8.063514748711880884e+02
-7.551078634892940045e+02
-9.197287943298630353e+02
-8.778013748834629268e+02
-5.610550850108963914e+02
-8.674894220359385599e+02
-6.994602832502682759e+02
-8.124596317020742617e+02
-7.716007724511188144e+02
-8.622933579467821801e+02
-6.661984501239169276e+02
-9.060052613423220009e+02
-6.760900220430366971e+02
-7.541594374452347438e+02
-6.772529661880184904e+02
-8.417786010022987284e+02
-7.213128471650493339e+02
-8.831902832311362772e+02
