-2.589573801416071092e+03
-8.045952844984295780e+02
-7.056435778817161690e+02
-5.635243330101238826e+02
-7.213061455291606308e+02
-7.876742203302571852e+02
-7.008364810200940838e+02
-7.556881642355244821e+02
-9.307026817337841749e+02
-7.593441304426261240e+02
-8.602275179417794106e+02
-7.419234364464017517e+02
-7.946296705197754591e+02
-6.196442969857079106e+02
-5.655991989710789767e+02
-7.926437880672258416e+02
-6.671708668306331447e+02
-9.206911122871536008e+02
-4.634217774549252340e+02
-8.395782113522229793e+02
-6.985193580339314394e+02
-7.753875770614253042e+02
-7.352197777726086088e+02
-9.220167583919312619e+02
-7.972063769587148272e+02
-6.066601319101085892e+02
-8.853904999241292444e+02
-7.954371729283381001e+02
-6.493336328446411017e+02
-9.101921987009707209e+02
-7.276188438389399380e+02
-6.473341006770385775e+02
-6.941350500246404636e+02
-8.314177924925082834e+02
-9.801230296266672894e+02
-7.662839837919221964e+02
-8.190506287338395168e+02
-7.943840958648826245e+02
-6.520777575905802905e+02
-8.788828808091724341e+02
-7.085612339232518480e+02
-1.038016221469707261e+03
-7.104483707255370746e+02
-6.645206316682960050e+02
-8.743401660193059115e+02
-6.510836784743930821e+02
-6.883026778080003396e+02
-4.240426358415268169e+02
-5.601869451864774874e+02
-5.873097676555719318e+02
-5.338455116550615003e+02
-7.527604050523282240e+02
-7.019119500442292292e+02
-8.746754290326734917e+02
-8.409320146142091517e+02
-8.230818924151375313e+02
-6.865204231039022034e+02
-7.226036854960411802e+02
-6.422954165918582703e+02
-7.598143442720123630e+02
-6.168794511409952293e+02
-7.228728440970728570e+02
-5.376774557340636420e+02
-7.914660273481616741e+02
-7.354779524962336836e+02
-5.834892459404710507e+02
-5.418593112896704724e+02
-5.856470483041036914e+02
-6.134715236057504626e+02
-8.325068578597333726e+02
-8.165903145082600076e+02
-9.188973160862683471e+02
-8.383948508386411049e+02
-8.062921195271327406e+02
-7.385117479077049438e+02
-6.982358394265446577e+02
-5.632267521888711599e+02
-8.477140673937733482e+02
-8.022009259309842264e+02
-9.054889858339527109e+02
-6.156778723956603017e+02
-8.331581885212759744e+02
-8.039901687209251122e+02
-8.518058503195059075e+02
-5.291896266188693971e+02
-3.873686877258417098e+02
-7.447270452167147141e+02
-7.300949193990454660e+02
-7.229959093444718974e+02
-7.046319077097188028e+02
-9.102731690623226086e+02
-7.636552707550863488e+02
-7.897548882591140682e+02
-7.779557628777561149e+02
-7.355169450346293161e+02
-5.539232768561978446e+02
-9.683122033435004141e+02
-5.511132458781390824e+02
-8.181764791771219052e+02
-1.235944211336276567e+03
-1.222203613501791096e+03
-1.208922701340468620e+03
-1.533691441144638929e+03
-8.999086167054622365e+02
-7.272620369462920280e+02
-1.085779223867068595e+03
-5.845916681254770992e+02
-7.120955076702742872e+02
-1.242554875866279417e+03
-1.163433599857660056e+03
-1.073152628404778852e+03
-8.443992657658754979e+02
-1.139193642018472929e+03
-8.710540088752590009e+02
-1.298874562549719030e+03
-1.082441687457141597e+03
-7.303266836587152966e+02
-1.036371481734748386e+03
-1.069605378768058017e+03
-9.700620190564842460e+02
-7.971619670706447778e+02
-9.655643214413057649e+02
-1.343802284558909605e+03
-1.076750239900522047e+03
-8.506114236023306603e+02
-1.045425806682684879e+03
-7.170522192415691052e+02
-6.255860709813659923e+02
-8.948164206521133792e+02
-7.026225288884048723e+02
-7.539296659095824680e+02
-8.660680130143033466e+02
-5.978050177796814069e+02
-1.193567150426811622e+03
-8.845901997022316436e+02
-9.393811118893381717e+02
-9.462093390694682284e+02
-9.028221658743996159e+02
-1.082275703293918014e+03
-1.002164844253387855e+03
-9.613847226662934418e+02
-1.113641797892912564e+03
-1.290361096594516312e+03
-6.869613590651442792e+02
-1.194248128143524582e+03
-1.073433071456576954e+03
-4.484898946854211204e+02
-8.059991771753174135e+02
-4.730834624959710482e+02
-9.694343600190446750e+02
-7.875803489474027401e+02
-7.219056617247510985e+02
-1.018428857921656800e+03
-1.031924118624285029e+03
-7.968634884886405416e+02
-7.702336341447245331e+02
-5.893389059148779552e+02
-9.123325409265090684e+02
-9.006872686002642467e+02
-8.534371431434400392e+02
-6.536727070462931124e+02
-8.806923830946074077e+02
-7.890034438850435663e+02
-8.301917502097669512e+02
-6.920267320462290854e+02
-7.747629705556854560e+02
-7.657850962006085638e+02
-7.224868475400420493e+02
-8.169061448991743646e+02
-1.044682925412369968e+03
-8.290860208747609477e+02
-8.741954643660702686e+02
-4.873848863107787110e+02
-8.162950325782309164e+02
-6.543735078597788970e+02
-7.525438048648579752e+02
-6.753911500472498801e+02
-1.120770952081603355e+03
-6.810857366584145893e+02
-7.497942539898950827e+02
-9.169248215806424014e+02
-6.437244071358456949e+02
-8.256247965319737432e+02
-7.316194051949694312e+02
-7.398692057134931019e+02
-6.647470815027687649e+02
-5.380400973249920753e+02
-6.965524875339922346e+02
-7.779274912191675639e+02
-6.337089897543401094e+02
-6.112123762141876568e+02
-6.609176148282114127e+02
-9.221943688241373138e+02
-5.464853005960925429e+02
-1.271314401083444636e+03
-9.699476144412954000e+02
-6.092585817716476413e+02
-1.018165497865432258e+03
-1.025856665870707502e+03
-9.532349446871735381e+02
-9.270283943093450034e+02
-9.907533695508393521e+02
-6.982422639304209042e+02
-1.024943869075260409e+03
-1.024469846802346410e+03
-1.455010097203887881e+03
-1.239946181220394465e+03
-8.255931286665791049e+02
-8.839244795600869793e+02
-8.901061709047720569e+02
-7.187292642625091048e+02
-1.013531912787359261e+03
-1.224208986168477168e+03
-8.460492259607549386e+02
-5.756735537066765573e+02
-5.125550620108321027e+02
-5.757109229718404322e+02
-8.858070993544516796e+02
-6.297242188569117616e+02
-6.272960165013573715e+02
-6.953529986675519012e+02
-6.173321916954043900e+02
-1.011339891472811701e+03
-8.633774974923359196e+02
-1.016821030523086620e+03
-9.843399445775269214e+02
-9.901248331166802927e+02
-8.928202294330221775e+02
-9.642952155028636980e+02
-1.035921954357108461e+03
-6.274336868290198481e+02
-7.577661519927031577e+02
-5.030158453707535955e+02
-6.209071442531551384e+02
-6.862878294275709550e+02
-6.778787179411053785e+02
-1.112008760498976471e+03
-8.303840509611165999e+02
-9.575060454293301291e+02
-9.508457618804952745e+02
-5.288571762332489925e+02
-8.449509357192015386e+02
-7.751794506227613510e+02
-7.613199465629802489e+02
-8.656344955680351632e+02
-8.836882869362303836e+02
-7.805008939686772464e+02
-8.809862478731547526e+02
-6.432132735281994655e+02
-5.072259315384928868e+02
-6.064268577576506232e+02
-9.184188368103964422e+02
-9.161069213281539305e+02
-1.166935511696154890e+03
-7.311836359203642814e+02
-7.364113596241552386e+02
-4.153273649645988144e+02
-7.894755462914563395e+02
-8.491646626452755982e+02
-8.691718335861776268e+02
-5.206787275125880115e+02
-7.311509808862040245e+02
-1.036874098950243251e+03
-7.216055592987647742e+02
-6.652360803439288475e+02
-6.330297287033056364e+02
-6.573192612839108051e+02
-6.213183800650215289e+02
-6.128480286778381014e+02
-4.094831684846880080e+02
-7.785263142180510840e+02
-4.860797419233156234e+02
-6.706815070330197841e+02
-8.305222159930046928e+02
-6.407724013583749638e+02
-5.833387153173284787e+02
-9.121981130172357553e+02
-6.209789274437939639e+02
-6.636795991278729616e+02
-6.960222680068784484e+02
-3.909292296302086811e+02
-7.977616540275480475e+02
-5.682883564835703964e+02
-5.796618703680103408e+02
-5.708114525186845185e+02
-9.622220811503766527e+02
-7.228412543776436223e+02
-4.709825168261314161e+02
-8.296980724208802940e+02
-5.275980591218916516e+02
-8.961506161807084254e+02
-7.355684430693402192e+02
-5.723696801674575454e+02
-1.063974958049583620e+03
-7.760260504655129807e+02
-7.423876501058966824e+02
-8.607933763089004060e+02
-6.222602262715445249e+02
-8.241638564916812584e+02
-5.977353088747660195e+02
-7.280410677849506556e+02
-6.539042241945168144e+02
-8.942128312314857794e+02
-5.755582404108996570e+02
-4.485011920297267807e+02
-7.202671448158673684e+02
-9.084650193002705691e+02
-8.744702369295765720e+02
-8.825321561481274557e+02
-6.483466855176345689e+02
-4.972983012521176533e+02
-3.419285728040955519e+02
-5.360342801421785452e+02
-1.006572285657790189e+03
-8.012665769794174366e+02
-1.039446908486163466e+03
-7.128465138364847462e+02
-7.059212431564905046e+02
-7.297119511784705992e+02
-8.417735699997109577e+02
-5.965682298327116087e+02
-6.363384363317337602e+02
-5.882033626665892143e+02
-6.814195326508850030e+02
-3.514560398500927931e+02
-9.724433023495487305e+02
-1.094909917369820732e+03
-8.419616822309587860e+02
-4.841466183527796829e+02
-4.549224155839460764e+02
-5.910240130594376069e+02
-5.708146941249290194e+02
-6.186531286101081832e+02
-5.473113788546777414e+02
-6.343201725616577278e+02
-7.628227678954079920e+02
-7.135461532482006533e+02
-1.033704903202723017e+03
-6.912558531953231977e+02
-6.839184521000614723e+02
-9.680752839670132062e+02
-3.621005115901083968e+02
-6.362239286273730841e+02
-7.646402885534640745e+02
-5.302241659910895351e+02
-8.278424765838685744e+02
-6.521555554081719492e+02
-4.704178093878124400e+02
-7.461844410752809154e+02
-5.738065645107360524e+02
-5.218215462961154572e+02
-1.152909138112197070e+03
-5.929268863965351102e+02
-9.503123470655203846e+02
-5.324135813378851481e+02
-8.275633450700279354e+02
-6.371437371062509101e+02
-5.397274721618319973e+02
-9.143749212388677279e+02
-5.996950678850013219e+02
-6.256435206148227053e+02
-1.025268539862681337e+03
-7.233320899532241128e+02
-6.810130088805447031e+02
-4.820653903698129170e+02
-7.914429941443493135e+02
-8.793183990870561502e+02
-5.174729117512804351e+02
-6.691094284652480155e+02
-4.427240388595664626e+02
-7.651431743833329620e+02
-6.658756316842258229e+02
-5.452725991291655419e+02
-8.074124534484961941e+02
-6.263207228526671315e+02
-8.466626033074770703e+02
-6.332400294165225887e+02
-7.348526661888852232e+02
-6.230070795069228780e+02
-6.387419888576590665e+02
-5.539411790717911117e+02
-7.962725767326675168e+02
-6.525484533042948669e+02
-9.512142949778783532e+02
-6.315986825298941767e+02
-3.918991349537797078e+02
-6.239226418019510447e+02
-6.060680670230649412e+02
-1.164069237439460267e+03
-6.716783092635096182e+02
-6.776709140583463977e+02
-6.975542808157490526e+02
-6.801370016041948929e+02
-6.336485171222416284e+02
-6.413106333087673647e+02
-5.501967892539166769e+02
-7.121896043918376336e+02
-7.960157049826893854e+02
-5.694582695621670609e+02
-7.397548020973473513e+02
-7.185392162221105536e+02
-7.486184776375773708e+02
-5.439856964437207125e+02
-7.862160018041304284e+02
-8.810154277333867867e+02
-7.200698544315139316e+02
-6.592542925873041213e+02
-7.312324431162927567e+02
-6.472592707937284331e+02
-4.429718841377697913e+02
-6.417564163617298618e+02
-4.500933219603865041e+02
-7.376246091480584255e+02
-5.633840098978763535e+02
-5.935706230151997715e+02
-4.974021598747037274e+02
-4.443573708013097985e+02
-4.912175931448318238e+02
-8.794414312473013524e+02
-6.935628280196415290e+02
-6.298550168371216387e+02
-3.268559694952666632e+02
-4.282893906292346173e+02
-5.442013922594427413e+02
-6.479105333042581378e+02
-4.119369337855346771e+02
-4.071220643674802773e+02
-6.187537680382096141e+02
-6.030259157780312762e+02
-8.983478401583033701e+02
-3.981004967563128503e+02
-5.610441452847639994e+02
-7.470619867229736428e+02
-5.312380374607781732e+02
-5.342175409887537398e+02
-5.906204456515757784e+02
-7.078914534296100101e+02
-7.056148716159060541e+02
-9.946642797133675629e+01
-7.105416761833619148e+02
-4.020442446042015945e+02
-2.433225762777847194e+02
-2.439085856071516218e+02
-5.454702976191210837e+02
-4.843658250063188575e+02
-3.224714610098279195e+02
-2.544885018355839179e+02
-2.512815733332475645e+02
-6.356986472073808727e+02
-4.119412595324292852e+02
-4.108335584141837558e+02
-1.333432656163430465e+02
-4.110015548548618654e+02
-4.669702726618586439e+02
-5.015561309031602946e+02
-4.699019713923852350e+02
-6.070449209371746520e+02
-7.922440525013807928e+02
-5.910722408254717948e+02
-4.132197412323169488e+02
-6.054088481591014670e+02
-4.299953514019156273e+02
-4.743259189997058911e+02
-1.809155581191550368e+02
-4.895672129741484468e+02
-3.712357989798212543e+02
-3.969620379046287439e+02
-3.580674373014519460e+02
-4.521122833521278039e+02
-5.338025229618474441e+02
-5.273282332851816818e+02
-4.390098155483855749e+02
-4.510174562400036393e+02
-5.535580642926485098e+02
-4.223846220983222679e+02
-4.757432035067023435e+02
-7.215007434414261525e+02
-5.399680195531983600e+02
-2.872293948211508905e+02
-3.421199295937279885e+02
-4.959689068672367398e+02
-3.880640567688588476e+02
-3.633298166000653282e+02
-5.958867963989528107e+02
-3.188761255636831606e+02
-6.020270920959319483e+02
-5.043083527962542121e+02
-4.117422451461847004e+02
-2.918977126989912563e+02
-2.805063710786413935e+02
-1.783986048699622984e+02
-6.500119865697432715e+02
-3.506221981694084775e+02
-7.168176634016402886e+02
-4.340670309065949368e+02
-5.074197593409708702e+02
-6.159149404185145613e+02
-6.335533053423962428e+02
-1.252187116290690057e+02
-5.514844367911375684e+02
-2.878315251768001986e+02
-4.462069664751914502e+02
-3.971808725828528850e+02
-2.269656600918311256e+02
7.758208959278135808e+01
-4.997413922228378169e+02
7.852817391859096574e+01
-1.563547476086007180e+02
6.011981869934693634e+01
8.698634950918082609e+01
1.765086629564155487e+02
7.835329160624068834e+01
-2.219635000975752348e+02
5.461277756015618934e+01
1.811467830952728377e+02
-6.292581873627283073e+01
1.039330103584516962e+01
-4.321691922946058639e+01
-1.900031169767148072e+02
-2.471847303036897472e+02
7.298936117228896592e+01
1.134317051603730988e+03
7.323300286582539229e+02
-2.738095722899259385e+02
2.396425750565322232e+02
2.336206560730506965e+01
3.139652313135811710e+02
-5.627142319259752412e+01
2.802115055502574705e+02
-1.226062780571921564e+02
4.409125649271567227e+02
-2.676920724580974138e+02
-3.662702462106837515e+02
6.181089859921946754e+02
7.356485093161907116e+02
4.930323893899167729e+02
6.442998446966992105e+02
1.454762405124145744e+03
7.113469330672802471e+01
1.475344233179512457e+03
1.511363303411364313e+03
1.397062935581686361e+03
1.298652233377802986e+03
1.506541058276948661e+03
1.108115117089780824e+03
1.312988281868630793e+03
8.753079924320720693e+02
-9.524415729371338557e+02
-1.114756865371793538e+03
-8.678839601737701059e+01
9.416794060446572985e+02
7.263179382907817399e+02
6.790624727278759565e+02
9.736374095950847050e+02
1.348245356125951503e+03
1.564697251608244187e+03
1.442895710965786520e+03
1.565079227089150436e+03
1.109958817697188351e+03
1.676776831348372298e+03
9.882879723748166043e+02
-6.052567269835727757e+02
4.896192292089049829e+02
-7.084690467447163655e+02
5.932262355228640445e+02
1.728501306561472575e+03
1.097181486072396865e+03
1.552394251825330684e+03
1.579840822056958814e+03
1.159160644948362688e+03
-6.562336265255804619e+02
1.339381040748238775e+03
1.598757427246577436e+03
1.565950429143188558e+03
1.418035404632970994e+03
4.108026808178297529e+02
3.389277827128184981e+02
6.664522184688343032e+02
4.633162932403454306e+02
3.922439273062785219e+02
1.652030740749189874e+01
2.608683348564414928e+02
4.561034734443537673e+02
2.660613104171935674e+02
2.820274817303964028e+02
4.713520587608092569e+02
3.598481437411488741e+02
4.871395553182200615e+02
2.944742187716927901e+02
3.096605695190086180e+02
-4.777137390261120231e+01
5.282063998604395465e+02
4.963934047843670783e+02
2.613404665512946963e+02
6.683402473354256017e+02
6.059895336194474567e+02
3.247051102314692912e+02
2.748694843937469159e+02
-5.381594787945084590e+02
6.332835631263327514e+02
3.593447735690302807e+02
1.366074908658621894e+02
1.676325359124599288e+02
-8.515019700098105204e+02
2.244676454852262850e+02
-1.054101746111018429e+03
4.899232142832288446e+02
5.495636741543303287e+02
4.279910422811151420e+02
3.014911602615782158e+02
5.306426466156751758e+02
5.138943280302720495e+02
5.805973140733840410e+00
3.079425215886099636e+02
-7.396793320100174469e+02
-5.787486582500581562e+02
3.163992612263363071e+02
-4.198999402333599278e+02
-6.097319830848417723e+02
2.419341390446307400e+02
4.755153655642362196e+02
3.612917507597744589e+02
4.582005069042775176e+02
2.287396003332445673e+02
4.584122576386645278e+02
1.854346626755725310e+03
2.288549595597553150e+02
4.181036008719795518e+02
2.503459534132948363e+02
4.993293587625801706e+02
5.519373567139088266e+01
3.538833675060660653e+02
-9.375359379024342843e+01
4.795192108997291029e+02
-2.855796179039884350e+02
2.948410063594422468e+02
-7.377567459842876474e+01
6.534427265607214395e+02
1.611201960945124711e+03
3.736198379689250260e+01
-1.928799823065976398e+02
1.437284173586693441e+03
-1.062570987722060210e+02
5.042176133516149434e+02
1.271628343156439541e+03
1.679878627135840134e+03
1.499372853682926461e+03
1.181235052213226254e+03
9.750796538689228328e+02
2.033787806724229313e+03
-5.562120626541160391e+02
5.176802311283423705e+02
-6.512138900694917538e+02
7.186245895239237598e+02
9.121871307936681887e+02
9.331822622299956720e+02
8.346026477158277430e+02
7.644008740252334633e+01
1.342185399892806288e+02
5.227212174396071305e+02
3.900387254655794322e+02
-4.691904527624348020e+02
7.301062945203386789e+02
6.034213168007440800e+02
-1.742409193547564428e+02
9.158371425950167577e+02
-5.077407239827772401e+02
4.629644114822847882e+02
4.121607930593822289e+02
7.880730026471637757e+02
4.753101184565797439e+02
4.705833410140027127e+02
9.231553426611114901e+02
1.392461773464786120e+03
2.062836552861679138e+03
1.584877263571082494e+03
1.611692116899199164e+03
4.495263553512564272e+02
-1.728331210229473243e+02
1.625299183843906121e+03
5.710738927032243737e+02
1.226457981298061213e+03
1.391606847805684311e+03
1.787452461552801196e+03
1.354252646210211424e+03
1.845278696407696088e+03
1.903941247297867676e+03
-4.632263073231119961e+02
1.140153898818284915e+03
8.921010969420590300e+02
2.251557847237104852e+03
1.304228735279920556e+03
1.527738572827287726e+03
1.650075260372748289e+03
8.100379347023761056e+02
1.872103943220990686e+03
1.525103691911656369e+03
1.305995013230332461e+03
7.446773572454684427e+02
1.950226898374258553e+03
1.832297373528182561e+03
9.847448163557959333e+02
1.599075622596236826e+03
9.751120022448362761e+02
8.866174720177409654e+02
6.928794336365490381e+02
5.829085689815383375e+02
9.131853288394531774e+02
6.651691383678275997e+02
7.612730374985902699e+02
8.432409766714793022e+02
8.120565584376963670e+02
3.859595501986129875e+02
6.910738859221285111e+02
8.460708326591359310e+02
8.614009974777793559e+02
4.131935780885316944e+02
4.272970995901879405e+02
5.536168765179160118e+02
-8.114062390344702180e+01
3.529848266347646017e+02
3.070579989563756840e+02
9.474004139818819112e+02
8.406796269124455421e+02
6.227283120811912340e+02
6.500467329135517502e+02
8.734706034670034569e+02
3.217106480517163618e+02
4.447639411289885061e+02
5.574190219562659649e+02
9.717545743761272661e+02
9.082740829499026631e+02
6.430241629667225425e+02
8.903089170968605686e+02
4.827113496453622474e+02
9.508477707110390611e+02
1.309328858535016025e+03
7.576051808004962140e+02
9.157617062399879160e+02
4.737329799740617204e+02
1.069308129412154130e+03
1.196849633218847430e+03
1.185150644847707099e+03
8.860412256165697045e+02
9.586321901657080389e+02
1.020598176510482062e+03
1.157918403853888321e+03
7.999478155002708490e+02
9.790911973480874622e+02
9.574677189230892509e+02
9.663517496807517091e+02
1.038476257271238410e+03
9.380588983741333777e+02
8.158769950247658471e+02
8.269702781152343505e+02
1.216244016248450407e+03
5.086218771017956897e+02
1.119627285332049951e+03
8.843644016273618718e+02
6.942114377241850889e+02
7.091579952770691762e+02
-2.748758323666086767e+01
3.748883414945489108e+02
-8.075921694231166725e+01
7.801550260889404171e+02
3.546113757317390878e+02
4.762552993839192936e+02
5.444757665556758184e+02
3.160958002166136680e+02
5.777565901791906526e+02
2.150850772244207576e+01
7.900701258347805833e+02
6.511249762738352729e+02
4.717132836378796128e+02
8.540250393399162476e+01
3.270202301487247496e+02
8.456276006667425236e+02
5.406284454251765510e+02
6.003214110467216642e+02
-1.554452571663720846e+03
2.543362541225860980e+02
4.522595694541320199e+01
6.483097279490064011e+02
-9.074282748242325169e+01
5.974754351976794169e+02
4.385490647944220086e+02
-3.566330634919075919e+02
7.194800120118050017e+02
6.523603939115187131e+02
1.418935814954131729e+03
3.245093110337143116e+02
1.007668942937357315e+03
1.118368820630053051e+00
7.556646685699161026e+02
1.473044852963373614e+02
4.199313532545822909e+02
6.363605033578726307e+02
1.837380831316766944e+03
7.361808930563310014e+02
1.522788755328924253e+03
1.069507307520530276e+03
1.734181935246023386e+03
-1.475294887252096487e+03
-1.155117595724369949e+03
-6.636068617526334492e+02
-6.035777502521376618e+02
-4.467089428279787171e+02
1.043194227040574106e+03
8.369845528280508873e+00
-9.587171042883294376e+02
-1.557813239377037462e+03
1.225591171548820967e+03
-6.397065315574154738e+02
-1.021174658884542055e+03
1.550416997363473001e+03
-8.838252679881769609e+02
1.424221261084669777e+03
1.046839739036765650e+03
1.173567534641802240e+03
-1.702613080598078568e+03
1.291608213086259184e+03
1.132558185139970192e+03
-2.953355384330541710e+03
-8.621860988812505866e+01
8.859548642979364104e+02
9.415650482692168453e+02
1.113235165236175590e+03
1.684920567995915235e+02
6.152122890757840423e+02
6.629605060808228245e+01
9.657068565265237794e+02
8.679538277049093722e+02
6.414873337296513682e+02
9.177183348473535034e+02
9.572919903461751119e+02
5.015093438751908934e+02
8.925682575316538987e+02
1.179477661057148680e+03
1.026765268086663127e+03
8.697543091246633367e+02
7.995107918864230214e+02
8.236168545785947117e+02
7.751782352900618207e+02
8.022106428666520515e+02
1.317484857946870761e+03
1.004988707239893415e+03
8.427960510289640297e+02
1.180253201098161071e+03
1.087395428859935691e+03
8.785460437933098774e+02
9.559035028964710818e+02
1.043848139848975279e+03
9.432773875167013102e+02
-2.088960141877869773e+03
4.593445066893459057e+02
-2.790553509042799192e+02
-3.704788540075606420e+02
-2.635447633038641868e+01
-2.548689835474494430e+03
-2.118622361027833279e+02
-7.482025483812869879e+02
-9.049398333032172559e+02
-9.935982382463303111e+02
1.121553202801122552e+03
9.353448527478101369e+02
-1.239484528338537075e+02
8.313049693371619924e+02
6.880047054507718940e+02
9.609994491885254320e+02
7.654150070339779859e+02
9.543125376744366122e+02
1.096994353031950595e+03
1.667252646302078574e+03
1.026592506112519231e+03
1.730876021356491492e+03
-6.784481272420053166e+00
5.784152251803822082e+02
9.129506230769702597e+02
6.932661647960613891e+02
-1.399064194769008225e+02
-5.729174278462400025e+02
-4.365498220044439108e+02
-2.761231360404930797e+02
-2.035744108143950086e+02
1.342234994292434976e+03
-3.356561312683811593e+02
1.683974692357311369e+03
1.299224483895736967e+03
9.325366836476130175e+02
-2.370502775531264206e+02
-2.658491698237476726e+02
-4.632500621745015223e+02
-1.206444767603545415e+03
8.680718563530510323e+01
3.450612935279511362e+02
1.181954288482780157e+03
1.153801673011949333e+03
-8.167466156132363153e+01
1.353533653986658919e+03
1.874421762240102225e+03
1.896486272365290006e+03
2.030979360924912271e+03
1.242531353836352991e+03
1.715701197473733373e+03
8.851242212087166195e+01
-2.140661683125231036e+02
9.890047621735809571e+02
-1.149101255790208143e+03
1.543428070075298820e+03
-5.701958321093017048e+02
8.457711202125569798e+02
9.141027518260041234e+02
1.437731071942490416e+03
1.215004708429094990e+03
1.614324761216842035e+03
1.195429732190659934e+03
1.387923533234260503e+03
1.414023545280917233e+03
1.580406582676834432e+03
1.501205939446760112e+03
1.566610233334664827e+03
1.552731578596494955e+03
1.473948852960607837e+03
1.158484708071555360e+03
1.693955773416050533e+03
1.571517222735057658e+03
2.322578526188543492e+03
1.323469050016101164e+03
1.227756400718585610e+03
1.473305786507747371e+03
1.743043405033130057e+03
1.758162801458861622e+03
1.389075847262846764e+03
1.285724062632780260e+03
1.581112436172727030e+03
1.081628594539421101e+03
4.106876787444042520e+02
5.818047891963198026e+02
1.743756033735566461e+03
1.689660834117792547e+03
1.587388413380029306e+03
1.159194381094086111e+03
1.202823695889130249e+03
1.818040328566509061e+03
1.373307770051461830e+03
5.360687288743722547e+02
7.510990745165230464e+02
1.858832416905311220e+03
9.978137569035210390e+02
7.853994498225629286e+02
1.472911509634739559e+03
1.666372849995620982e+03
1.840955253370751507e+03
1.428502469473722385e+03
1.576519529065126108e+03
1.892127512605411084e+03
1.925588780560679197e+03
1.909071659053742906e+03
1.750105767969516364e+03
1.938342751149508558e+03
2.197908349223956975e+03
2.140362132959203791e+03
2.244601269722807956e+03
2.141290579737655207e+03
2.051698044722947998e+03
2.278453577130690974e+03
1.985062913877947722e+03
2.042265725482025573e+03
1.354037566570578747e+03
2.033072365726162843e+03
1.927069843399682668e+03
1.571745298951065934e+03
2.847316911436505961e+03
2.019870398709693291e+03
2.186199167370615214e+03
1.477049806268628345e+03
1.699645015488061972e+03
2.410455086338240108e+03
1.333759090812568502e+03
1.610545059364328608e+03
1.712963723138711885e+03
1.862792177222536566e+03
1.903479286803951709e+03
1.803291807154467733e+03
2.303365819965264564e+03
2.778819697142449968e+03
1.979298451118078219e+03
1.652747838805478750e+03
1.778224495458620368e+03
9.957981765033707688e+02
1.417630104408357965e+03
1.776704669719050798e+03
1.951484665832684641e+03
1.783855401480549745e+03
7.625169041435360562e+00
1.299324618201803105e+03
1.718293080742603024e+03
1.785465331083602450e+03
1.817088333220754066e+03
8.459743789180370186e+02
