-2.317926996074724684e+03
-6.691519956715060289e+02
-6.049147615549017019e+02
-5.275470939348781485e+02
-6.537095428250139548e+02
-6.956417813032403501e+02
-6.266490465119724149e+02
-7.018727638249382608e+02
-7.237358085616059498e+02
-6.651692041819753740e+02
-6.308660988953071183e+02
-6.692532841971039943e+02
-5.900380941007464344e+02
-6.946660718845389511e+02
-6.322334000989084188e+02
-7.705075761008417885e+02
-6.976561952794850185e+02
-6.779287747547051595e+02
-6.578966975083881152e+02
-7.103535634635034057e+02
-7.274431906363624876e+02
-5.818515522034211926e+02
-5.576060367178514525e+02
-5.880626001666523734e+02
-6.845260008276211465e+02
-6.892233653511143530e+02
-6.822059318871881715e+02
-6.586542560253906231e+02
-5.408772517182816273e+02
-6.242765180904735871e+02
-6.033126987860407553e+02
-5.832291538513263731e+02
-5.875754748497718083e+02
-6.394399664879837246e+02
-6.064305689269953064e+02
-6.032190171711464473e+02
-6.191331722369436648e+02
-5.782592221980147542e+02
-6.712216297009720165e+02
-6.331267168191251358e+02
-6.242048858666211117e+02
-6.987994587047060122e+02
-6.249165929091361704e+02
-6.304929218636045789e+02
-6.315869425886976387e+02
-7.663573673888267876e+02
-6.956808509430592267e+02
-6.542733955204573704e+02
-6.875285225887454317e+02
-6.634011562809356519e+02
-5.803776942250221964e+02
-4.998061944789927793e+02
-6.574509483503024967e+02
-6.601303521594525137e+02
-5.698225698513618909e+02
-6.139192846680464299e+02
-5.201646283444287064e+02
-6.236370290924353412e+02
-7.062484136919558750e+02
-6.232853996964857970e+02
-6.346883122121325869e+02
-5.822963782964172879e+02
-6.588714960745455755e+02
-6.857820496383651516e+02
-6.472855994396539927e+02
-5.468778216685783491e+02
-6.424496057015869610e+02
-6.923439185514467908e+02
-7.142735979682604466e+02
-5.364740893113496440e+02
-6.731469017057967221e+02
-6.654358054480126157e+02
-6.163018217178928353e+02
-6.474948277330372548e+02
-6.481380298453839259e+02
-7.627009483628063435e+02
-5.071852862465908629e+02
-6.228751862202777829e+02
-6.681321666602583491e+02
-7.396560584935722318e+02
-5.756391999883646804e+02
-6.008777286599167837e+02
-6.515756304277049367e+02
-6.757943164067897897e+02
-6.471221138382150002e+02
-6.633362159905934732e+02
-6.476616678521281756e+02
-5.862177521015553339e+02
-6.033602102345334970e+02
-6.310033258698152849e+02
-6.597169440317707085e+02
-5.974573527686012540e+02
-6.278428080431788203e+02
-5.629334511356867097e+02
-6.369968008336546745e+02
-6.116750867423962745e+02
-6.344573777139186177e+02
-6.548068949810240156e+02
-5.344317970008166867e+02
-7.356730836072351849e+02
-5.870495582912559485e+02
-6.656863022796667337e+02
-6.502097592791417355e+02
-7.230218740754806959e+02
-7.334061656793498969e+02
-7.771716544399522490e+02
-4.650783582246601782e+02
-6.942358418655752530e+02
-6.436255085939644687e+02
-5.520077625193848689e+02
-6.165949627411602023e+02
-6.838554504187446810e+02
-5.591594739364095403e+02
-6.782268806363875910e+02
-7.161212175815441014e+02
-6.097354170926245160e+02
-6.048108008224919558e+02
-7.323795209549537049e+02
-6.350317088683034399e+02
-6.551916199874849553e+02
-6.502877249940963793e+02
-7.090761444217063172e+02
-6.444207943303204047e+02
-6.154896951671344141e+02
-6.551782633625851986e+02
-6.198031639875551946e+02
-5.933713581018787409e+02
-7.729415867318297160e+02
-6.901207184359744815e+02
-6.795631434878372374e+02
-6.134905975371765408e+02
-5.922115424513665403e+02
-6.575236101322809645e+02
-7.168122272433496391e+02
-6.302796395162731642e+02
-6.399061227846020756e+02
-6.869691138531200068e+02
-4.925017700565340419e+02
-5.948199908283913828e+02
-6.529304037067605577e+02
-5.974472125964017550e+02
-5.960848045690864865e+02
-6.134255188771778649e+02
-7.223114855436855350e+02
-5.731440647115513229e+02
-6.259838097666794283e+02
-6.220824220440705403e+02
-6.176025126894961659e+02
-6.867887524310026492e+02
-6.285583777692604599e+02
-5.350948503114468622e+02
-5.586009482606830261e+02
-6.250259131884553199e+02
-6.021985043544040082e+02
-5.154114404592758092e+02
-6.989682588816556290e+02
-5.884862943802013433e+02
-7.283109178957155336e+02
-6.363492053473762553e+02
-7.336091662593281626e+02
-5.859792672056537413e+02
-5.599079630096376832e+02
-6.263219610229549517e+02
-6.157936868763317761e+02
-6.269469757005692827e+02
-6.504918163276026917e+02
-6.660056342789785049e+02
-7.531343820518383154e+02
-7.404938842833914805e+02
-7.475147297409521343e+02
-7.212840531594728191e+02
-7.409253550330305416e+02
-6.636846679230965265e+02
-6.127412113140260317e+02
-6.852014259861244909e+02
-7.091755530443948601e+02
-6.787837571466374129e+02
-6.597218742800423570e+02
-6.962521160540054552e+02
-7.035248974851822368e+02
-5.467452058197948190e+02
-6.491843461128235049e+02
-5.996521987064732002e+02
-7.033158320730564128e+02
-5.078611936733830703e+02
-6.730242876342429099e+02
-7.207854687016742901e+02
-6.141514405683523137e+02
-7.234843201348160164e+02
-6.116571700308885511e+02
-6.067623889018782393e+02
-7.286030266252946603e+02
-5.537135564572554358e+02
-6.332674057848238363e+02
-6.647622765545792163e+02
-5.672441022778142496e+02
-6.605799359752001010e+02
-6.682848250497310119e+02
-5.633541022737393860e+02
-6.548287538228773883e+02
-6.038346953076621730e+02
-5.920808029376863715e+02
-6.904999804944729931e+02
-6.698816282843908994e+02
-5.333068568790212112e+02
-5.961318891555087021e+02
-6.382055155506127448e+02
-7.226048009288090270e+02
-6.360584946851313362e+02
-6.195288659142040615e+02
-5.913120901214954301e+02
-6.386608206106404850e+02
-7.618882941511816398e+02
-6.050367641995994745e+02
-5.852825700652746264e+02
-7.144628160913612192e+02
-6.367041544239364157e+02
-5.682748754185346343e+02
-6.187530960736767156e+02
-6.819458922496476134e+02
-5.966279272813798116e+02
-6.101344018213211484e+02
-6.008868556082214809e+02
-6.256147751280899456e+02
-6.813469926573075099e+02
-6.402850196844849506e+02
-6.660364912628485854e+02
-7.486418758038623764e+02
-7.029928670756950169e+02
-6.528099662897286635e+02
-6.145776362690218093e+02
-6.831136199701995793e+02
-7.350339153688512397e+02
-7.118183428899527598e+02
-5.765667852592841882e+02
-5.573937179847116568e+02
-6.599083315349967052e+02
-6.562608181518635320e+02
-5.846256371032172865e+02
-7.311744073591156621e+02
-6.091936753847616046e+02
-6.189040416440036552e+02
-7.164151873592945776e+02
-6.535855264127710598e+02
-6.954182160714383372e+02
-6.009927154059384975e+02
-6.355733479030299122e+02
-6.740541736045428252e+02
-6.578404627998113483e+02
-6.480646774276136739e+02
-5.571647664217608735e+02
-6.643317596766627275e+02
-6.372288400645020374e+02
-6.042567724406097796e+02
-6.539475823969619341e+02
-7.030348559338547147e+02
-6.181700398251292654e+02
-7.382017251050674531e+02
-7.674139482031946500e+02
-6.115332356198583739e+02
-5.510860522037211240e+02
-6.841003808005027622e+02
-5.734973622536823541e+02
-6.055108566315584540e+02
-7.781982131151854674e+02
-7.046190413504673415e+02
-6.791815099932201747e+02
-7.523450000148243362e+02
-6.170233131577389258e+02
-6.759204557463625633e+02
-5.981640332958517092e+02
-6.217065992935420127e+02
-7.224497466040706968e+02
-6.461111510930810482e+02
-6.360408850033683166e+02
-6.126893843934832375e+02
-5.255980992143918229e+02
-6.201789783737161770e+02
-5.970679193537055198e+02
-5.608500581372687748e+02
-6.090032987117626817e+02
-6.177840212432324734e+02
-5.365904028987803258e+02
-6.754146103370342189e+02
-7.494215838643118559e+02
-7.353614367601858248e+02
-5.274838402299673135e+02
-5.355640211171338478e+02
-6.509374783788049399e+02
-5.463080445822920410e+02
-6.780908660255431641e+02
-6.761921391365469844e+02
-6.545302965665898682e+02
-6.941733462370139023e+02
-6.131583168729264344e+02
-7.355378751685219640e+02
-6.340904573614502624e+02
-5.931580307229525033e+02
-6.970769265503763563e+02
-6.125744270767352191e+02
-6.400229409177632078e+02
-6.037945752813077434e+02
-6.439322705759537939e+02
-6.344106499646361499e+02
-6.561249540433084348e+02
-7.626826306921666401e+02
-6.024526950566602181e+02
-7.318288541763967032e+02
-7.107972425697495282e+02
-5.922246729035568933e+02
-7.363657866348930838e+02
-7.171908754268110897e+02
-6.249415203224788229e+02
-6.884972278326545165e+02
-6.381690958415894102e+02
-5.774229102198605688e+02
-6.739199270124958048e+02
-5.983936963551581130e+02
-5.910578531827636652e+02
-6.369961646712695256e+02
-7.014337181126264795e+02
-7.596461718360940267e+02
-6.409043894724125039e+02
-7.418690186511196316e+02
-5.611719072286103938e+02
-6.880472515565121512e+02
-6.100102842730470911e+02
-6.321532851411913043e+02
-5.690245605382850727e+02
-6.754077700196760361e+02
-5.560653650575139864e+02
-6.593406639301887253e+02
-6.605704269725864606e+02
-6.925722624161554677e+02
-6.266852889672104538e+02
-6.544685610548011709e+02
-7.173376249698717402e+02
-6.588330344403980234e+02
-7.414104219407275878e+02
-6.928818008177377124e+02
-6.952291247578896218e+02
-6.556972902167351549e+02
-7.104631213754289547e+02
-6.251018381708792049e+02
-7.593671580152325760e+02
-7.465556387808452428e+02
-7.254372002450319314e+02
-6.680701431743902958e+02
-5.891263932325898622e+02
-5.845336615384489960e+02
-6.455959386983770401e+02
-6.587141065913906459e+02
-6.871431654046266431e+02
-6.878455794459940762e+02
-6.996139342261744787e+02
-5.793577627048509839e+02
-6.144218992948337927e+02
-6.262441506770901469e+02
-7.053355923073378335e+02
-5.373596100521127710e+02
-6.447251055130138866e+02
-7.012541758929017988e+02
-6.749318320374717359e+02
-6.086333290451686935e+02
-6.799338965623142030e+02
-6.350232421154023541e+02
-6.342160787831879816e+02
-7.473099744945603788e+02
-5.941177622591095542e+02
-5.615534305545513689e+02
-7.238741870590031340e+02
-6.971059538980844081e+02
-7.064370708368318219e+02
-6.144110298332052480e+02
-6.403074678881553154e+02
-6.083444566143331258e+02
-7.222030156791714717e+02
-7.392175759527315222e+02
-7.206444646675223566e+02
-6.154577328597333690e+02
-6.568448055505683669e+02
-6.404385863491179407e+02
-5.780065416756615377e+02
-5.936962173477342048e+02
-6.862061545729972067e+02
-7.360691843829612253e+02
-6.854226686707709177e+02
-6.021006527273757456e+02
-6.469248530353811475e+02
-6.871780767591307040e+02
-7.136793366176997324e+02
-6.803155002458793206e+02
-6.296366293481381717e+02
-7.514321967760724874e+02
-7.273485737855717161e+02
-6.874167061802377248e+02
-5.284862165402948904e+02
-6.856262751187556432e+02
-7.445302749560213442e+02
-7.579283381900797849e+02
-6.975324892288539331e+02
-6.838815010340588287e+02
-6.135336209345196039e+02
-5.889834432323119700e+02
-6.197563987952105435e+02
-6.520960866568293568e+02
-6.776766413570176155e+02
-6.381325167313134443e+02
-6.577374278909042005e+02
-5.626550051859162522e+02
-6.278895196721582579e+02
-6.822215529496379531e+02
-6.620734740151405049e+02
-6.242665513209540222e+02
-6.891560092984794892e+02
-7.276827247981121900e+02
-7.019633746140242465e+02
-5.575215922499793351e+02
-6.198446548805231942e+02
-6.224864542291654743e+02
-6.423571490437597049e+02
-7.452097400492906445e+02
-5.533809621510366696e+02
-6.565185952330742793e+02
-5.662951779043271472e+02
-6.467840658909168496e+02
-7.351978585974221687e+02
-6.003769068258185371e+02
-6.061122440676001588e+02
-7.286165099698439462e+02
-6.483878524301027255e+02
-5.488056207496758816e+02
-6.102087174806734993e+02
-6.697928575114856358e+02
-6.726104701860409705e+02
-6.720385731217818375e+02
-6.306139089452782400e+02
-5.994066481225970620e+02
-6.909995068287942104e+02
-6.209962987114342923e+02
-6.567696085885094135e+02
-5.701323677283792222e+02
-6.216002846818364560e+02
-6.964210557971621256e+02
-6.038169001954663599e+02
-7.254837903776533494e+02
-7.438542926896568588e+02
-6.765680213662508322e+02
-6.560893120169916983e+02
-6.947751099298127428e+02
-6.879380181860500443e+02
-6.410032987844265335e+02
-6.348546131324093267e+02
-6.291331289764259509e+02
-5.894629591221378178e+02
-5.650709347854304951e+02
-6.501219120641973177e+02
-6.104152945621797244e+02
-6.389965581890890007e+02
-7.033961652415314347e+02
-5.651885444710702586e+02
-5.639679399008425662e+02
-6.227167275709518890e+02
-6.477090973061505110e+02
-5.983865278865633854e+02
-5.753395932583990771e+02
-5.307624289560458237e+02
-6.945687337980277789e+02
-6.910562778644155060e+02
-6.269197093674957841e+02
-6.881139574731157609e+02
-5.753750119361792486e+02
-5.850278053811640575e+02
-6.686732106183266069e+02
-6.607867851912145625e+02
-6.066948069772124654e+02
-5.393834634510971000e+02
-5.934718366467832311e+02
-6.867757609547907123e+02
-4.986136214220850889e+02
-6.786259606600989400e+02
-6.659454921838212158e+02
-7.288651551497033552e+02
-5.122310012812916966e+02
-5.445509808756686425e+02
-5.965853325745662232e+02
-5.538519232464531115e+02
-7.755923313269879600e+02
-7.514337992642202835e+02
-6.552784549842967863e+02
-6.256344201318526075e+02
-6.703894758985503586e+02
-5.692607251814935125e+02
-7.180315586507135777e+02
-6.427123081418679931e+02
-6.186670491331051380e+02
-6.421120135413816570e+02
-6.811173108109936720e+02
-6.199010826479807292e+02
-6.971513940783252110e+02
-6.737929770038545030e+02
-6.535678477578189813e+02
-6.121536524820930936e+02
-5.075538852200481870e+02
-5.755661111346927328e+02
-7.308368597237827089e+02
-6.787584967935590612e+02
-6.408851165301438186e+02
-6.029748538976666623e+02
-6.806243647909551555e+02
-6.350834180359936454e+02
-7.258234511473145858e+02
-5.915317392869494597e+02
-6.134376458726526380e+02
-6.604320019456398541e+02
-6.093618156631887359e+02
-6.407385690058774799e+02
-6.139002735173099836e+02
-6.642145292150977411e+02
-5.822302712812194159e+02
-7.091489409788671310e+02
-6.441544538979726440e+02
-6.304241357654892681e+02
-6.565538981932800198e+02
-7.007264555814107325e+02
-6.481092110099550609e+02
-6.014908490740746174e+02
-5.516527934327807543e+02
-5.851894085215961923e+02
-6.421977912519546408e+02
-7.298750297058029446e+02
-7.001683644698812259e+02
-5.763199502233637759e+02
-7.259799925570218875e+02
-6.427773491500533964e+02
-6.903739097127638615e+02
-5.944712646969095431e+02
-5.680754513471545124e+02
-7.348559676503294895e+02
-5.940416854427982116e+02
-7.405229689790692191e+02
-7.618481597092244328e+02
-6.824296495185701588e+02
-6.640475426415530364e+02
-6.776677813808820474e+02
-6.140677016855261172e+02
-7.233261708095257063e+02
-5.845011324729675835e+02
-6.484888355091867425e+02
-7.002781990254917446e+02
-6.684346732076073749e+02
-5.773282687927847974e+02
-6.292145155855064331e+02
-7.625890215862677906e+02
-7.172053332712795282e+02
-6.670647933682823805e+02
-6.507743724992072885e+02
-5.724126459342705857e+02
-5.086403171844098665e+02
-6.579182542161081528e+02
-6.898434089002150813e+02
-7.213596712449007100e+02
-5.521536969584936969e+02
-6.830201509811076903e+02
-6.105258122056090997e+02
-6.396104331102259266e+02
-5.495025018550397817e+02
-5.823087991083074257e+02
-7.133761941475084996e+02
-7.585405879398864499e+02
-5.106667830586945911e+02
-6.543391249778517249e+02
-6.421854835927867953e+02
-6.897215183994043173e+02
-7.107648385630144503e+02
-7.228600768259391316e+02
-6.387882786040845531e+02
-5.501964801483684369e+02
-6.549573569477424826e+02
-6.649534246143546170e+02
-6.134592277566333678e+02
-6.846382048976760188e+02
-7.107138384334988359e+02
-7.302016314973162707e+02
-6.543561125391553333e+02
-7.135031822291015260e+02
-5.855038195438530693e+02
-6.348268079977489151e+02
-6.563761737967726049e+02
-5.264818226828780325e+02
-7.501492784628350137e+02
-5.175715163148066722e+02
-5.548290869138741073e+02
-5.867474774663377275e+02
-6.689172187592306500e+02
-7.597392426320067216e+02
-6.987504126794391368e+02
-6.993375960009730079e+02
-5.755404845155986777e+02
-5.956833541311165163e+02
-5.048365477089811293e+02
-7.428247486186460264e+02
-5.510108219426720098e+02
-6.604564245121352997e+02
-5.517175698053200676e+02
-6.074547647707581746e+02
-5.657609549625918817e+02
-6.543951615678481630e+02
-6.523246806332779215e+02
-7.374407690605796688e+02
-7.203040330767329351e+02
-7.364586325055192901e+02
-5.680894079269792201e+02
-5.978442727354914723e+02
-6.309963116140177135e+02
-4.900811952643383052e+02
-7.787122169438488299e+02
-6.867810476403404891e+02
-6.420629448069317959e+02
-6.004205176397098285e+02
-5.955248501010089512e+02
-6.234424522872002399e+02
-7.641671379007356109e+02
-5.326184605388675664e+02
-6.636364999295640246e+02
-6.904702158478452247e+02
-5.716138161728902105e+02
-6.240390907113009007e+02
-6.878256933838234772e+02
-6.596562248413090401e+02
-6.922467212915839809e+02
-6.608741117685797235e+02
-7.047755607256195844e+02
-6.858102597024811757e+02
-7.157314058847717888e+02
-6.135750344106980947e+02
-6.898263587247483883e+02
-7.195060042771003737e+02
-5.954950417843567720e+02
-6.273485401625711120e+02
-6.275538452395069271e+02
-6.807759825330462036e+02
-5.507859948057679276e+02
-6.528344898272832779e+02
-4.955519675105555848e+02
-6.826316535690427827e+02
-6.874315746099512126e+02
-6.254388391096646274e+02
-6.359842202105947990e+02
-7.024081651656949816e+02
-6.683582800960034547e+02
-6.094867388131813186e+02
-6.978302353227670665e+02
-7.458252141410608829e+02
-6.649395319350979889e+02
-6.816441746386261684e+02
-7.246447773532813699e+02
-6.678086215316717471e+02
-5.400584862969699316e+02
-6.398959886362172256e+02
-5.536237926175202801e+02
-6.882296670307555360e+02
-5.999309186234472691e+02
-6.164097254743970780e+02
-6.493366010383797402e+02
-6.594991906665404713e+02
-6.240126156351476538e+02
-6.428935265773803849e+02
-5.224907649596475494e+02
-6.101926258382226251e+02
-7.267465683047960283e+02
-6.183545002419584762e+02
-5.063282866376902120e+02
-7.530341408016597597e+02
-7.571209161522476734e+02
-7.137825375100339897e+02
-6.437572347972213720e+02
-7.105143992361943219e+02
-7.372431560395598353e+02
-6.138816151808430277e+02
-6.210232395467703554e+02
-6.748351734977063643e+02
-4.710374937135648565e+02
-6.059695525315324858e+02
-6.845799142176662144e+02
-5.218662002967312219e+02
-6.742989807872130541e+02
-7.259500168442759787e+02
-6.732549781317076167e+02
-5.882690563374965222e+02
-6.362032670847790996e+02
-6.103518552928446752e+02
-6.364605513563560635e+02
-7.165599607917004050e+02
-6.717014340488439075e+02
-7.561893432302498468e+02
-5.742526195767238733e+02
-5.878994147104963304e+02
-6.471025120568963303e+02
-7.169875203143246836e+02
-6.525103452389832910e+02
-6.526623765144138360e+02
-7.732796038309692221e+02
-6.247307630659164488e+02
-5.186008564216706418e+02
-5.504649441695147516e+02
-7.707009664369944630e+02
-6.863672443872271742e+02
-6.331515855966092658e+02
-6.698958631896078941e+02
-6.553333653532456538e+02
-6.914425487529269958e+02
-7.371228579677745074e+02
-6.450715321060808947e+02
-6.023468445009726793e+02
-5.258819685987158437e+02
-6.430421504234940357e+02
-5.213991563117740498e+02
-5.339326914358666727e+02
-6.390145925868059749e+02
-6.564423169386670907e+02
-6.567105009614799656e+02
-6.074380819880884701e+02
-5.528404017543422242e+02
-7.077774239116511126e+02
-6.626089404613200031e+02
-6.519004877361444414e+02
-5.448386109098382803e+02
-5.618067553264341996e+02
-5.522285638090156681e+02
-6.735432075884119740e+02
-6.745944863141812675e+02
-6.100435884032997365e+02
-5.602339347217221075e+02
-7.368428260371028955e+02
-7.215731314540843186e+02
-6.658019151337921357e+02
-7.093978203809676870e+02
-7.298625633364849818e+02
-6.793701173963351039e+02
-5.457863983486812458e+02
-5.991367250808330027e+02
-6.271640493730169510e+02
-6.118909080119776718e+02
-6.104475515089748114e+02
-7.364125849525935337e+02
-6.422948796294933800e+02
-5.387636778625349052e+02
-6.747100997759799839e+02
-7.318204167428492610e+02
-6.122340772405202642e+02
-6.480389842889406964e+02
-6.760904391026241456e+02
-5.281624306079892222e+02
-7.485961190552390008e+02
-5.206602924781078627e+02
-6.989929091770343348e+02
-6.680038005477961178e+02
-5.932223824537513792e+02
-6.996461902527931898e+02
-6.150474573831817224e+02
-6.593603368383969610e+02
-6.430665030439464545e+02
-6.237957269487073972e+02
-6.805182837246073859e+02
-6.399411658134532672e+02
-7.105170766802214075e+02
-6.438626862540693310e+02
-6.003737755151396414e+02
-5.609335596915317410e+02
-6.688410398166669211e+02
-5.398054566705681054e+02
-6.585173676448648621e+02
-6.940569452573138278e+02
-6.720485385223554431e+02
-5.795188594356542353e+02
-6.451008604207127064e+02
-6.729318368377338402e+02
-5.220351033705088639e+02
-6.356141796499451857e+02
-6.300863887319724199e+02
-7.304466476193105109e+02
-5.498346239467590522e+02
-7.294894080227697941e+02
-6.664728108539038658e+02
-5.966346625675030282e+02
-6.285235515386293628e+02
-6.410849264492730981e+02
-6.694384290426660300e+02
-5.759144220406766408e+02
-7.310509430360289116e+02
-6.200844599996514717e+02
-7.179007578054012129e+02
-6.172084900294591989e+02
-6.374203935191148958e+02
-6.689571583839210689e+02
-7.562792127634473900e+02
-6.294701626251885500e+02
-7.105592171110001800e+02
-6.453284221005486643e+02
-6.688278174276889558e+02
-5.806683561796496633e+02
-5.439092208607189605e+02
-7.380134574084676160e+02
-7.058358029140674716e+02
-6.840113402150101365e+02
-6.578123844843620418e+02
-7.688727913275595256e+02
-6.934375917086712207e+02
-7.715337845023806267e+02
-6.969846315992633663e+02
-5.645941514827310357e+02
-6.065891837963428088e+02
-5.355891972363809828e+02
-6.883320445773686060e+02
-6.897374624941944603e+02
-6.875720372276997523e+02
-6.719545001978619894e+02
-6.740615677334964175e+02
-7.231364915178180581e+02
-6.040125636327059055e+02
-7.008497792216766129e+02
-6.151798677526021493e+02
-6.683049682510671801e+02
-6.363398811805332116e+02
-7.008982426175349474e+02
-5.799770820003673180e+02
-6.602280266022515889e+02
-6.048144139530797929e+02
-6.583256309651485481e+02
-7.697633703865675443e+02
-6.095873584646776635e+02
-6.440464870133586146e+02
-5.611425651822761438e+02
-6.151966098451653124e+02
-7.635352080504612786e+02
-6.790473896483088083e+02
-5.759999226491760282e+02
-4.893125656395186525e+02
-5.914338967370223372e+02
-6.144961154255188376e+02
-7.301985137299819826e+02
-7.118653962446276182e+02
-7.481478873060160595e+02
-7.022060635947102583e+02
-6.257160762624075687e+02
-7.585751281434046405e+02
-6.899439233331062269e+02
-5.990463428874518286e+02
-5.719109367468552136e+02
-5.991106045511623961e+02
-5.784724864892478990e+02
-5.794728874780798833e+02
-5.314566225582038896e+02
-6.634119474496061457e+02
-6.743037331993612042e+02
-5.925429963365668300e+02
-6.591383617959280627e+02
-6.641842103843964651e+02
-6.707389854269318903e+02
-5.058375824500946578e+02
-6.835374752873852913e+02
-7.283193778174602357e+02
-6.528068971895661434e+02
-6.503321373514435209e+02
-6.492224967904689947e+02
-6.763391629907056313e+02
-6.860870146952233881e+02
-6.269225268707373289e+02
-6.897304960107030638e+02
-5.795545699971005433e+02
-6.950585758616609837e+02
-6.927682514869278521e+02
-6.447500725869522284e+02
-5.376914106422746045e+02
-5.381513573165063917e+02
-6.461052798234698002e+02
-5.727860751121704652e+02
-6.021455689236762510e+02
-6.539212696138661158e+02
-6.068724537125016241e+02
-7.124777377944443515e+02
-6.439461719811068861e+02
-5.408583200072978343e+02
-6.322394148728772052e+02
-6.198788594261636717e+02
-6.746433173201196496e+02
-6.304594825190285974e+02
-6.506508239629135915e+02
-6.464139601443912397e+02
-6.657537423292450285e+02
-6.256746955760328319e+02
-5.973508864832022027e+02
-7.172982473199376727e+02
-5.729657914983080218e+02
-6.647402292894846596e+02
-6.504396266341860837e+02
-5.520804642529700459e+02
-6.700102886834550873e+02
-6.349251416421624299e+02
-6.422847534191641898e+02
-7.107591824851564297e+02
-5.079730274803937959e+02
-5.154394542934720675e+02
-6.577591426202372986e+02
-6.524853825638381295e+02
-5.801208549737896192e+02
-6.887168707670450658e+02
-7.182900552795542808e+02
-5.808422926633377301e+02
-6.289709209945908697e+02
-6.227310280452397819e+02
-5.740676859823146287e+02
-6.444098555797557992e+02
-6.549923670412799765e+02
-7.385594993282826408e+02
-7.074409340311831329e+02
-6.176158389079290600e+02
-7.706533921842559494e+02
-6.666781467090092974e+02
-6.413327807749484464e+02
-7.655336895123912200e+02
-6.556925656449154758e+02
-7.760828804532555978e+02
-5.441400289471782799e+02
-7.225072476380101989e+02
-6.677820720652578075e+02
-6.470281767081477255e+02
-5.909431083880193682e+02
-5.940909623367814447e+02
-7.129253297361890418e+02
-6.707576388611820448e+02
-7.231578146179183477e+02
-6.684080555278426345e+02
-5.474127062995712549e+02
-6.785444193422006265e+02
-7.649862560233763134e+02
-6.241786458933308950e+02
-6.842907179248243210e+02
-6.281875956971243795e+02
-7.097464901375228692e+02
-6.466325984794538044e+02
-6.810727578453316937e+02
-6.637981137020594815e+02
-5.701767932986596179e+02
-6.159624309021864974e+02
-6.444946066629142933e+02
-7.062549288121812197e+02
-7.052794883024945420e+02
-6.955282148838928151e+02
-7.387423045537384496e+02
-6.468786738365630526e+02
-6.574089072109857170e+02
-6.445378078967112288e+02
-7.236587752139805616e+02
-7.669731591607603605e+02
-6.013426174325793454e+02
-6.349347308709469644e+02
-6.722679576782957156e+02
-6.214707410923863335e+02
-5.562770796367539106e+02
-5.923114377461497497e+02
-7.183220082856220188e+02
-7.560219551389433263e+02
-6.980845269931295434e+02
-5.567222475863188720e+02
-7.303534403870449978e+02
-6.684001932425918540e+02
-6.081624107514163597e+02
-5.780494948478154811e+02
-7.061037957140334811e+02
-5.612117869845651512e+02
-7.296705219008320000e+02
-5.977671817026724739e+02
-6.306331968732444011e+02
-6.180709337286014033e+02
-5.928013275208295454e+02
-7.238940920537299917e+02
-7.437694849904856937e+02
-6.467487960147660715e+02
-7.122238763840464344e+02
-6.498348992583385098e+02
-7.600492467176820810e+02
-7.293522554726389444e+02
-7.621108995896653369e+02
-7.279808991699753733e+02
-7.141074658962969579e+02
-5.215233037741510316e+02
-6.451814262260616033e+02
-6.488112913071498724e+02
-6.104243953022593132e+02
-6.863856038218889353e+02
-6.671146917421208400e+02
-7.108909652146525104e+02
-7.629967661890783575e+02
-6.414911783794010489e+02
-5.646551263544084804e+02
-6.573865100319053454e+02
-4.845205955742765127e+02
-5.559832493770305746e+02
-6.339982006546073308e+02
-5.182454446425446122e+02
-6.958301532738696551e+02
-6.062502856949714669e+02
-6.328548761154454496e+02
-6.496743999738390585e+02
-5.013635828758677917e+02
-6.347618865845380469e+02
-6.263902308983017519e+02
-7.446714254491546399e+02
-7.252687840405399129e+02
-5.940992531310246250e+02
-6.947936251330653477e+02
-7.178131122762721361e+02
-7.344154783994899844e+02
-6.573992317743659441e+02
-7.532493498998205723e+02
-5.776853029973797220e+02
-6.109949440304665131e+02
-5.428905198077738987e+02
-7.248666493935941162e+02
-7.104672224047977807e+02
-7.530325023464365586e+02
-6.084597428893245024e+02
-6.690820756806975851e+02
-6.612637473000501132e+02
-6.510281197037256788e+02
-6.964932073358227171e+02
-6.369913394551458623e+02
-7.621873184433493407e+02
-7.623670558307130705e+02
-5.877876454136521716e+02
-6.019409821808212655e+02
-5.554359125465500711e+02
-6.553088479444825225e+02
-7.247927303210980199e+02
-7.108306155874787464e+02
-7.323898492071439250e+02
-6.556644662908606733e+02
-5.394113593844059551e+02
-5.984477366773967333e+02
-6.189906521867974334e+02
-6.235137447827897859e+02
-6.803167298039332991e+02
-7.610383239258991352e+02
-5.378475787941980570e+02
-6.978288556227046229e+02
-6.999568942612970659e+02
-6.825210126819085872e+02
-7.259204293344034795e+02
-6.765208323756885420e+02
-6.511033217680833332e+02
-6.151671068551298731e+02
-6.159620208655688884e+02
-7.034231709107345978e+02
-6.722180492600366506e+02
-6.541941454686199222e+02
-6.294468565858777538e+02
-6.958807679062163061e+02
-6.040479566984909070e+02
-6.254358054131525932e+02
-6.115600670644226966e+02
-6.578802032015122450e+02
-6.399062579921668430e+02
-5.469444054190646511e+02
-6.774525710038365105e+02
-7.266271622836522965e+02
-5.831621967215667155e+02
-6.181119254347410106e+02
-6.646717980125314398e+02
-6.028802374086901636e+02
-6.096486524793338049e+02
-5.600765465001563825e+02
-7.302159854341023220e+02
-5.878707494067309653e+02
-6.432733979809380571e+02
-6.960713866006291255e+02
-5.635493743267732043e+02
-6.533964031175926266e+02
-6.383835781185109681e+02
-6.810896001393026609e+02
-6.395592469241335039e+02
-5.757559382765070950e+02
-6.571762531728393242e+02
-6.943227780200662664e+02
-7.122942263456361616e+02
-6.991691672831047981e+02
-5.811770954723538125e+02
-6.845387591350598768e+02
-6.745497984030729413e+02
-7.317264862354306842e+02
-6.692516805066095458e+02
-6.337079802607719330e+02
-6.690911904108681938e+02
-6.204950963902028889e+02
-6.997965342564409639e+02
-5.892541692000108924e+02
-7.307196987316766581e+02
-4.964423915340880740e+02
-5.469681510308190582e+02
-6.992276250449032204e+02
-7.498687300884404294e+02
-7.602038444909535428e+02
-6.643780594904367263e+02
-6.526545855036433750e+02
-6.859233180288847507e+02
-7.023065234792824185e+02
-6.229577336068550721e+02
-6.052123321574969168e+02
-6.693154573390548876e+02
-6.966562283591163123e+02
-5.909417453238504550e+02
-7.341948272967235880e+02
-6.327057250925971630e+02
-7.051248071036418423e+02
-6.415083992936017694e+02
-6.394301153208762116e+02
-7.179087143584526984e+02
-7.157360051063790252e+02
-7.531338592615903735e+02
-6.895562691284985704e+02
-7.332232238130495716e+02
-6.292832033982501798e+02
-6.338028099444206873e+02
-5.837581225919075223e+02
-6.016124601381533239e+02
-7.400203667426591210e+02
-6.789308691805003946e+02
-5.749820764153320169e+02
-6.578255962557063867e+02
-6.653680761198436358e+02
-6.915978597345540493e+02
-6.752910250499011227e+02
-6.670830874786778395e+02
-6.407612472227672242e+02
-5.816827484266306101e+02
-6.923770555632265769e+02
-6.969628646193712029e+02
-5.978190007128871457e+02
-5.281465698914215636e+02
-6.818371935090738134e+02
-6.266600354179968235e+02
-7.029023008309053466e+02
-6.330120292989367954e+02
-6.570088137527961862e+02
-6.707623272096166147e+02
-6.171503037891709482e+02
-5.828022435386759525e+02
-6.693515251648450430e+02
-6.508633628246907392e+02
-6.582794199951388237e+02
-6.405738187069200649e+02
-6.199230585544599990e+02
-5.713227351131758951e+02
-6.620205041506575299e+02
-7.040556880750483515e+02
-6.221662578337769673e+02
-7.233124455791675018e+02
-6.455928015472140942e+02
-5.684662384085777376e+02
-6.920181328909403646e+02
-7.688214361732711950e+02
-6.501071444555359449e+02
-6.579970264602561656e+02
-6.869885560002487637e+02
-6.407531429520875008e+02
-6.235799983257087433e+02
-6.328990052332513869e+02
-5.973952126709934873e+02
-6.804926804875606194e+02
-5.864605640950233010e+02
-6.059861311193080837e+02
-6.616169109368362342e+02
-6.470185426269546269e+02
-5.655247937771523539e+02
-6.312802380895700480e+02
-6.470740836282636792e+02
-5.849388155756374772e+02
-5.904721657921395490e+02
-7.324755099232094153e+02
-6.761868267609640952e+02
-7.083613483818754730e+02
-6.356852649435361400e+02
-5.535539471123275916e+02
-6.128466450770201845e+02
-6.966620418766734701e+02
-6.600960322137347021e+02
-6.320998571562032566e+02
-6.576110265266402166e+02
-6.302637197729524132e+02
-5.533324173349284365e+02
-5.982657423591264205e+02
-6.146841207611311120e+02
-7.157682561938121353e+02
-5.907514274323448262e+02
-5.744686523729050123e+02
-6.677824894774420272e+02
-7.330589073660219128e+02
-7.014134253311523253e+02
-6.624929672725829732e+02
-6.824111782746583685e+02
-6.783911797301620936e+02
-6.211968849241316093e+02
-6.233232326252432358e+02
-6.662778944042584044e+02
-6.827833516733738861e+02
-6.634255207156004417e+02
-6.417354435305023799e+02
-7.008796972570756907e+02
-6.146707437184413720e+02
-6.095261309479543570e+02
-6.794120364495061040e+02
-6.651837459200023659e+02
-5.450933710778979275e+02
-6.670545396880017961e+02
-6.029957509821459780e+02
-5.781826083303078576e+02
-6.212542476025147380e+02
-6.151862902388521661e+02
-6.656712100584724112e+02
-5.722541262808626925e+02
-6.332431489766829600e+02
-7.080247554040718114e+02
-6.080983240251324560e+02
-6.511721051662274249e+02
-7.225027297230143404e+02
-6.448258728464960541e+02
-7.336625379586222380e+02
-7.018846281323081939e+02
-6.612301103303101399e+02
-5.607310972625787144e+02
-6.964570423700198489e+02
-6.728036880350042566e+02
-6.649819726356585079e+02
-6.637678717077646979e+02
-7.218569316454071441e+02
-6.363907380903763169e+02
-7.538635766608738322e+02
-6.249066083063202086e+02
-6.325751063034193749e+02
-7.161659880962974967e+02
-6.678996862432810531e+02
-5.526066688714186057e+02
-5.409186377571602407e+02
-6.599676763904532208e+02
-6.842230267177204723e+02
-6.256061268289563486e+02
-5.154926994132299569e+02
-5.632620041939684370e+02
-6.804855862432789309e+02
-7.450718671956058188e+02
-6.643602797854057371e+02
-7.410700797902775321e+02
-7.204174460451703226e+02
-7.331976682179002864e+02
-5.446337572731517866e+02
-7.664995847859568130e+02
-6.516387564808403567e+02
-6.556863027960332602e+02
-6.612581018379503348e+02
-5.558704302995130320e+02
-7.565929022575830913e+02
-5.798848598621858628e+02
-6.496485958579453381e+02
-6.638591092061669769e+02
-6.862684597258531767e+02
-6.257424284945391264e+02
-6.757284485815821427e+02
-5.841461703518816648e+02
-6.136351142478348493e+02
-5.836915441176086006e+02
-5.947023764750204009e+02
-5.807167250856734881e+02
-6.510732303703665593e+02
-6.942023404255188552e+02
-5.153476473822921662e+02
-7.050894408337022696e+02
-6.816120112692310613e+02
-5.818226654976125474e+02
-6.657254135701946325e+02
-5.147847730121139875e+02
-5.965747187543017844e+02
-7.006114066252774819e+02
-5.847654042447513802e+02
-6.591660570579498426e+02
-5.845445795746047679e+02
-6.074854213515154697e+02
-5.649696099445737900e+02
-5.533211107099841684e+02
-5.639567368141467796e+02
-6.266551828573444709e+02
-5.509033683878402599e+02
-7.224051524497056107e+02
-6.528496156371536472e+02
-6.734129321763600728e+02
-5.915743638110369602e+02
-6.080648484644333394e+02
-6.341270191098208215e+02
-6.720379884705206450e+02
-6.540689601254634908e+02
-5.956871472342825200e+02
-6.762989974634737109e+02
-6.253050391833022559e+02
-7.195719041690384756e+02
-6.261880973609958119e+02
-6.546101639041572753e+02
-7.372371002059054490e+02
-6.218734158596795396e+02
-7.227723713127169276e+02
-7.195481282536103436e+02
-5.760909952344461544e+02
-6.023012667774908095e+02
-5.485656824776845042e+02
-6.402908386818903637e+02
-5.780015858794547512e+02
-7.205678716218095587e+02
-5.715848958911601585e+02
-5.545252286052368618e+02
-6.486571019754230747e+02
-7.625000249249933404e+02
-6.524473580010600244e+02
-7.263897769499051265e+02
-6.822859443281480480e+02
-6.392159518764700579e+02
-6.541367467917880276e+02
-7.642046569864445473e+02
-4.838394862769924316e+02
-7.524263482639560152e+02
-7.498207526108640195e+02
-7.197260822940332901e+02
-7.314811324048731649e+02
-6.543156766633744610e+02
-6.734033047005044637e+02
-7.395614325447784267e+02
-6.254347320113214437e+02
-7.045302385296530474e+02
-6.473337809144397852e+02
-7.555054605736002031e+02
-5.792585045805341224e+02
-6.253480361017218456e+02
-5.933754650649864288e+02
-6.380717915830442735e+02
-6.302894814001842860e+02
-7.292875550330103351e+02
-5.105418260429577799e+02
-6.867695934672480007e+02
-6.589294029258931005e+02
-7.114059930762309705e+02
-6.670998095090018296e+02
-6.227891308489794255e+02
-7.354274447149907701e+02
-6.637574293521747677e+02
-6.524971670219914586e+02
-6.645139872428815124e+02
-7.102359282769397169e+02
-6.193344686301296633e+02
-7.241082534354230802e+02
-7.787702985261039430e+02
-6.411250981318000868e+02
-6.734498308516375573e+02
-6.214831814309475249e+02
-7.209531166669786444e+02
-5.803354323282229643e+02
-6.370494786462980983e+02
-4.765735689441423233e+02
-5.914786767731312693e+02
-5.892715608659181044e+02
-5.034979340887419994e+02
-5.697318678419680964e+02
-7.058981644668137960e+02
-6.941844138047071056e+02
-6.815921396481269312e+02
-6.527424191006351748e+02
-5.343125313942076673e+02
-5.955014441756387669e+02
-6.806113848746979329e+02
-6.667277642861070035e+02
-5.645595501994847609e+02
-5.288170705254979111e+02
-5.627035673608836532e+02
-6.424050646260251369e+02
-7.349267813442189663e+02
-6.129982434484501255e+02
-6.055617903793539654e+02
-6.014694065816100874e+02
-6.362914282566423481e+02
-6.695493367494837003e+02
-6.562515247464358481e+02
-5.565991065472680930e+02
-5.804344871280380858e+02
-7.263306122520735926e+02
-6.728713071732153139e+02
-6.854976540991347065e+02
-6.355047066913000435e+02
-7.213672812163662229e+02
-6.693315566914365036e+02
-6.822765912499054366e+02
-7.125599470027864299e+02
-5.156741589244423949e+02
-7.031640839842208379e+02
-6.803924234739499752e+02
-6.855413988861836287e+02
-6.739263081283493193e+02
-6.237653709034522080e+02
-7.021416273267282122e+02
-6.734658843345174546e+02
-6.219320096446765547e+02
-5.802243687394195604e+02
-6.432432467368458902e+02
-7.539411684212581122e+02
-6.874803836964117636e+02
-5.599247447324257791e+02
-7.210302599084058102e+02
-6.108301483904284623e+02
-6.477306414229738039e+02
-7.546516358012891033e+02
-6.317438811570815460e+02
-6.475457905325059755e+02
-6.223207464733110328e+02
-7.159341325150894590e+02
-6.522641777678878725e+02
-6.375316918090893523e+02
-6.030509859476366046e+02
-6.527513574453656702e+02
-6.208970238403053372e+02
-6.651755666452590958e+02
-6.572077783423616211e+02
-6.574904247920203488e+02
-6.897190914265568153e+02
-7.190240055234889951e+02
-5.304230963761082194e+02
-5.533679627021817851e+02
-7.281868915191250835e+02
-7.260582050317404992e+02
-6.587212013061715652e+02
-7.410906806022454703e+02
-6.832087568641074995e+02
-5.685189821744650089e+02
-6.820813309673400227e+02
-6.035312282811506748e+02
-5.336221334814727015e+02
-6.885385856337150017e+02
-5.153968986039670881e+02
-5.959654535468872609e+02
-6.559201461085450546e+02
-6.394819807493872759e+02
-6.705443748528173273e+02
-5.295048704923583500e+02
-5.420847354876434565e+02
-6.907385557641463265e+02
-5.436957999604728684e+02
-6.628537428228811450e+02
-5.218430760976953025e+02
-5.969267191679859934e+02
-6.305769554111619755e+02
-5.949551995803199134e+02
-6.560349909296459145e+02
-6.282072907989129362e+02
-6.366382319203792122e+02
-7.763722816035248115e+02
-7.179686484657685241e+02
-5.386288385654272588e+02
-7.276443255394249263e+02
-6.558440297301668807e+02
-7.357105678490077025e+02
-6.759938683002158086e+02
-6.497119866815795604e+02
-6.322681287511198889e+02
-5.659724383456208443e+02
-6.567963927949107301e+02
-5.762640163976448093e+02
-5.937044468515083508e+02
-5.714589959281195206e+02
-7.723917096412766341e+02
-4.653693328878557622e+02
-6.757596443631217653e+02
-6.850761764669047125e+02
-7.054275478456805786e+02
-5.426882557935934983e+02
-6.692028743110543019e+02
-6.174136402730584905e+02
-5.885484881393555270e+02
-5.521564036637353183e+02
-6.421580152416005376e+02
-6.807249844489745101e+02
-6.410926000158532361e+02
-7.405740520615999003e+02
-7.333041566098108888e+02
-6.464767911386048809e+02
-7.695629329198357027e+02
-5.289441747484489724e+02
-6.126399603965979850e+02
-6.817806405085015058e+02
-6.246480527114053984e+02
-5.617365753930067740e+02
-7.138951124464020950e+02
-5.719922876132175134e+02
-6.413831879717819220e+02
-6.246917277253326120e+02
-6.452266442244622340e+02
-5.562211688788047468e+02
-5.997104466339638975e+02
-6.705013673441517312e+02
-7.000736284324914322e+02
-6.224341384617475796e+02
-6.305410783548618383e+02
-7.514561525329361302e+02
-6.308549857121453215e+02
-6.804189515197024321e+02
-6.610641165753905852e+02
-6.158360742214092625e+02
-6.679876099634381035e+02
-5.970199456868791685e+02
-5.858896798378931408e+02
-6.009326552870488740e+02
-7.225201391795910695e+02
-7.221617048327717612e+02
-7.429644646379980486e+02
-5.972673024421819719e+02
-6.126218395235506478e+02
-6.404390098458243301e+02
-6.102897443342850465e+02
-5.463245054241480148e+02
-5.445438843114659448e+02
-7.052696531046093469e+02
-7.069735067572786420e+02
-5.796975107706415429e+02
-6.920046504742421121e+02
-6.402416635802028395e+02
-5.983973880647743044e+02
-5.286170923831814434e+02
-6.502148104656880605e+02
-7.142489777818580023e+02
-6.739198431738144563e+02
-7.142260356890294588e+02
-6.241670315401059952e+02
-6.434773210373289203e+02
-6.368532017845502651e+02
-6.126694472894578212e+02
-6.600116794132921996e+02
-6.105573895012611274e+02
-6.203066445259737520e+02
-7.282906129398803614e+02
-5.654296479701893077e+02
-6.789597699712576286e+02
-5.378855026337173513e+02
-6.467412362697409662e+02
-5.478850196697970887e+02
-5.467153307119575629e+02
-6.552559837454759872e+02
-6.054635011130941393e+02
-5.933197926817389316e+02
-7.304897580336115652e+02
-7.582263892007364348e+02
-4.728289317115886661e+02
-6.295418659387228217e+02
-6.192366195053067486e+02
-6.869211638687132790e+02
-7.173135586513830049e+02
-6.174691297783488153e+02
-6.537907780548223400e+02
-5.292843944499935560e+02
-6.952669625792898387e+02
-4.943425360605197056e+02
-6.128454071423410596e+02
-6.017053824612513608e+02
-7.313345294058465242e+02
-6.599097637578046260e+02
-6.778725961019304123e+02
-7.540567340367233555e+02
-5.692020650390900300e+02
-5.236580462572769648e+02
-6.828060162771565729e+02
-6.485614961388841948e+02
-7.439982910151364877e+02
-5.507918188907542572e+02
-6.834213498385685170e+02
-7.421811922918826667e+02
-6.710489283197531449e+02
-5.946353938779122927e+02
-6.651846898824300069e+02
-5.897818605164284236e+02
-5.847231693727558195e+02
-6.214020553331414476e+02
-6.365317534249554683e+02
-5.823115311667687592e+02
-6.663322377659516178e+02
-6.792743103249836167e+02
-5.274121142455562676e+02
-7.079977635325420806e+02
-5.785726870267180857e+02
-6.955647433459287186e+02
-6.536840074672351193e+02
-6.508952572755556503e+02
-6.826798198388864876e+02
-7.160351451314240876e+02
-5.192725679590164418e+02
-5.647755932764968065e+02
-6.685353387010595725e+02
-6.638172217786759575e+02
-6.402652180951192804e+02
-6.379057635076718498e+02
-6.383753633200053628e+02
-5.711803084651246536e+02
-7.397939087883707998e+02
-6.371942135399509652e+02
-6.099635903559404824e+02
-7.069209416478377079e+02
-6.960353647979145535e+02
-5.842838300758600099e+02
-6.776182425836324228e+02
-5.927744526497206152e+02
-6.590003507265594180e+02
-6.517143885370018097e+02
-6.227207481461532552e+02
-5.850898860931069976e+02
-6.818586702152144881e+02
-6.349981764143678902e+02
-5.633165431671543502e+02
-5.712278977407776210e+02
-5.851672116764323164e+02
-7.481196430031767477e+02
-5.819911198927856049e+02
-5.812686334297163739e+02
-5.731138163072163252e+02
-5.965418568689216272e+02
-5.746394760181750598e+02
-5.385138299491591169e+02
-6.381530587244131993e+02
-6.774868457373053161e+02
-6.739650948601434948e+02
-7.203576346213031911e+02
-7.185246514123418820e+02
-5.452575514578127240e+02
-6.582024413440885837e+02
-5.601363763497920445e+02
-5.351290240671847869e+02
-6.811033121676775863e+02
-6.447993493397337943e+02
-6.199648420465421168e+02
-6.556446469941885198e+02
-6.905008994819294230e+02
-6.460389178108582655e+02
-5.910845171160459586e+02
-5.580834080281850902e+02
-5.960523970235883553e+02
-6.007955593429564942e+02
-6.408251808280278965e+02
-6.847623288393855319e+02
-6.616244050346072072e+02
-6.316699787976459675e+02
-6.949307729300440997e+02
-6.690675194297434700e+02
-6.453332661759802704e+02
-6.670873201332286726e+02
-6.810634034830266046e+02
-7.091971156145488067e+02
-7.397318578071656248e+02
-6.120301365327962912e+02
-7.645387743248053312e+02
-6.135214966798354226e+02
-7.096294114535610333e+02
-5.864717415225975401e+02
-6.536260803749479464e+02
-6.802580016541051009e+02
-6.640019923026314927e+02
-6.015144511626095891e+02
-6.884657689161666667e+02
-5.409396086584295062e+02
-6.553009946774129730e+02
-5.472140060906556300e+02
-6.060044764129246460e+02
-6.375934353156487759e+02
-6.807422647314831465e+02
-6.792478632946986181e+02
-7.054114557370338616e+02
-5.986349497907655177e+02
-5.540546550654031535e+02
-6.186877786436054976e+02
-6.945620383669016746e+02
-5.536211337874560741e+02
-6.367519538680190863e+02
-6.224072705050501781e+02
-6.813319181264912459e+02
-6.344016481083028793e+02
-5.938484137602514465e+02
-6.089396875639141626e+02
-6.351128974876240818e+02
-6.139909577113417072e+02
-4.701284404356385949e+02
-7.375073957238042794e+02
-5.216769710260518877e+02
-6.491246578064111645e+02
-5.928770982577971154e+02
-5.901515182367779744e+02
-7.554217246214125225e+02
-6.997324742098633124e+02
-6.320473766524213488e+02
-6.435693354421065351e+02
-6.238968215254515144e+02
-5.646378032470332755e+02
-6.121505906600874596e+02
-6.300858912596605705e+02
-6.021429279064260527e+02
-6.485257221241968182e+02
-5.914757115379900370e+02
-7.304247437700091723e+02
-6.454346679533846327e+02
-7.179685420024349014e+02
-7.218254959833363955e+02
-5.731390405199250608e+02
-6.145126328354431280e+02
-6.338378557894106962e+02
-7.329552502140325032e+02
-6.325461698554913710e+02
-6.529290470036770557e+02
-6.575563942541816687e+02
-6.661822510581683900e+02
-7.275857420377201379e+02
-5.530570616191346289e+02
-6.896308901883212457e+02
-5.996964503470784393e+02
-5.314972724343272148e+02
-7.016087432391490211e+02
-5.492310264523354135e+02
-6.831245955679222561e+02
-7.295944850474552368e+02
-7.380962998090043357e+02
-6.234604796725423057e+02
-7.037967546425170440e+02
-6.463848683576086387e+02
-7.752097603814490867e+02
-6.070811756577447795e+02
-5.517912975697063303e+02
-6.111612555305363230e+02
-7.165666789919469011e+02
-6.671046671976605467e+02
-5.881861938610365996e+02
-6.502948178886692858e+02
-5.681728869255509835e+02
-5.193872370923684230e+02
-6.104459621246081724e+02
-7.509605768452883012e+02
-5.836356378411082915e+02
-7.319212354868213879e+02
-6.522399184372444552e+02
-6.544012789736019613e+02
-5.170464378479077823e+02
-6.026031287910140009e+02
-7.101010440230018048e+02
-6.832566162407943011e+02
-7.431703493168843124e+02
-5.070521391308426473e+02
-5.539031396630429072e+02
-7.103901025536050611e+02
-5.407479597311893258e+02
-7.044027138758420961e+02
-7.649561917347630242e+02
-7.336241196130922617e+02
-6.713601659341870800e+02
-6.358338271654660048e+02
-7.654529200641912894e+02
-5.999574552702933943e+02
-7.016923912659532334e+02
-6.278840964388651855e+02
-6.995285295157885912e+02
-5.973509059029632908e+02
-6.674617802803871882e+02
-7.012716736296227964e+02
-7.269732635458115055e+02
-6.060834375450476728e+02
-7.116272177319144703e+02
-6.255771711728900755e+02
-6.928855911104135430e+02
-7.520687962277122551e+02
-6.585111858038092123e+02
-6.356758995527799243e+02
-5.647204668504342635e+02
-5.616276611818135507e+02
-5.448588150582668277e+02
-6.874608727421335743e+02
-7.336592727003394430e+02
-6.800019046694520739e+02
-6.882664767742727463e+02
-5.847399982826481164e+02
-6.710527912988490016e+02
-7.496068177879003542e+02
-6.274351252755755013e+02
-5.382396656864352735e+02
-7.394727961541769901e+02
-5.758838404070449997e+02
-5.967733415942918782e+02
-6.455805764673723388e+02
-6.123898168093317054e+02
-6.992184337370393905e+02
-7.292676384471978963e+02
-7.141160255363913620e+02
-6.035212905548034996e+02
-6.355458897423434337e+02
-6.553216818674019351e+02
-5.598493672132146912e+02
-6.016683018721996632e+02
-6.935375229418708614e+02
-6.960047066564577563e+02
-6.861110072942562965e+02
-6.073596164057656779e+02
-6.523505565991298454e+02
-6.166263262482074197e+02
-5.731605179503447971e+02
-6.505221533880271636e+02
-5.328626992265533318e+02
-7.367669781855038309e+02
-6.536706264431129512e+02
-7.447256455353315232e+02
-6.797262587597462016e+02
-7.597808787072858649e+02
-6.300794642158480201e+02
-7.034967747398910660e+02
-6.059970536039769513e+02
-5.929778337982432959e+02
-7.106815790372108950e+02
-6.990476470076406486e+02
-6.235973050209496478e+02
-6.548118274309974822e+02
-7.720420893265388713e+02
-7.509842336761557817e+02
-5.966665874568137724e+02
-6.265776734487907333e+02
-6.550041441362169508e+02
-7.350957612762348390e+02
-5.509357590914441971e+02
-6.703365404029698311e+02
-7.409126604644449117e+02
-6.781444811837233146e+02
-6.043755707921877729e+02
-7.383420055044485935e+02
-5.698701173716831363e+02
-7.538248405737494977e+02
-6.879260745832795010e+02
-6.624623343841503811e+02
-5.698123313092846729e+02
-6.720909473145928814e+02
-6.181577390407870780e+02
-5.792423783394771135e+02
-6.543186759024667936e+02
-5.968409223647256567e+02
-6.325812278601124490e+02
-6.288160148406467442e+02
-6.422180455096054175e+02
-5.971943207889440828e+02
-6.933798658231964964e+02
-6.675825361523959600e+02
-6.738770838414119453e+02
-5.855918275768058265e+02
-6.896300524557491372e+02
-5.941752242071418095e+02
-6.083238900591991296e+02
-6.739304439894087864e+02
-6.387815088740460396e+02
-4.956947787816371829e+02
-5.998016072772342113e+02
-7.081324769115228719e+02
-6.645158429027760576e+02
-6.461876042799251536e+02
-5.755599015643269922e+02
-5.968222886355091532e+02
-6.178560758300752696e+02
-6.936159915364110020e+02
-5.852440725859073609e+02
-6.362616763729743070e+02
-6.893098360569042597e+02
-7.113734979338735229e+02
-6.573775638190246582e+02
-6.521053242730918100e+02
-6.479166652850090031e+02
-5.890113462872451464e+02
-6.372892283421886077e+02
-6.035286841162010205e+02
-5.759491808693451276e+02
-7.103762409623080885e+02
-6.493217606897169389e+02
-6.807717749458558956e+02
-6.398586955619630317e+02
-6.422675314193913891e+02
-6.843221273794157469e+02
-6.433623128833174860e+02
-6.361233966783873939e+02
-7.091679098833403714e+02
-6.027000832383001807e+02
-6.073210092341188329e+02
-6.688028101521165354e+02
-6.526733243039300305e+02
-7.660117255164799417e+02
-6.652031352393213410e+02
-7.183975887766384858e+02
-6.021617786182748659e+02
-6.724484724158518247e+02
-5.970494029423661004e+02
-7.073109379159380978e+02
-6.090275303275315082e+02
-6.915017804672838793e+02
-6.754788024393076284e+02
-7.367792776317360222e+02
-5.840681485101405315e+02
-6.650427211275092532e+02
-5.829202677951959686e+02
-5.023205982534570921e+02
-7.101093768215019963e+02
-7.177012002532201222e+02
-7.065984811590573145e+02
-7.811341682741484647e+02
-6.064287140607017363e+02
-6.222332221690135157e+02
-5.866886738014392222e+02
-6.055557852647259551e+02
-5.659780191115420394e+02
-7.002629143720885168e+02
-7.681120635586675007e+02
-6.114781398701694570e+02
-6.315103783580859726e+02
-7.143811548091363193e+02
-7.179243465564902635e+02
-7.338531795675180547e+02
-7.131664881370652438e+02
-6.915066463731541262e+02
-6.145388399102754420e+02
-6.573932898855297253e+02
-6.149799781531945655e+02
-6.446222365552872589e+02
-6.683132832531377971e+02
-7.148099396636381471e+02
-5.860687741333149461e+02
-6.435260411359532782e+02
-6.250754415656610945e+02
-7.655497483053436554e+02
-7.595981565768009887e+02
-6.710124333036227426e+02
-6.486845488507563005e+02
-6.600924388481167853e+02
-6.152751831735856740e+02
-6.058811005009625887e+02
-5.916166482513862093e+02
-5.986398700110128175e+02
-6.755828484862136065e+02
-5.366218596119010726e+02
-6.803859809523847844e+02
-6.311426484833586983e+02
-6.360282874076987127e+02
-7.044443127530944366e+02
-6.723349147110723152e+02
-6.036612132514396762e+02
-5.649190415130736937e+02
-6.358747086100227079e+02
-7.546178369186878854e+02
-7.124537959110487009e+02
-6.906165230948158751e+02
-6.632434705865224487e+02
-7.437659877439776892e+02
-6.559642981343047268e+02
-6.326786798176765387e+02
-6.969330749814017736e+02
-5.898163776921055614e+02
-6.246313136995402147e+02
-5.838984343543847899e+02
-6.482302726133809756e+02
-5.097843017245526767e+02
-7.134384267000007185e+02
-6.228493930436713981e+02
-6.615537806110628480e+02
-6.369549497663887223e+02
-6.573905060772336810e+02
-7.291406440652267520e+02
-6.566100959468360543e+02
-6.005612670913690181e+02
-6.244355288072416670e+02
-6.341992030458795853e+02
-7.541861338100649164e+02
-6.034591724874768488e+02
-5.261523366024017605e+02
-6.447244488796847008e+02
-6.112930554521465183e+02
-6.318628460782125558e+02
-6.330096947695886911e+02
-7.021264809378958489e+02
-7.063252542312181959e+02
-6.203560215738506258e+02
-6.558935096778365050e+02
-6.937186178370195648e+02
-5.943675719850618862e+02
-6.032464952867167085e+02
-6.923286446306018433e+02
-7.015580613676328312e+02
-6.253903114352051489e+02
-7.127051956147176952e+02
-5.416543393085855769e+02
-6.456708951581379097e+02
-7.613802329822440242e+02
-7.473990271493153159e+02
-7.426163988774324025e+02
-7.325182889377366564e+02
-6.480459498779613341e+02
-6.507148177395151833e+02
-6.842803798355736262e+02
-6.818863167012683562e+02
-6.886860081031896925e+02
-6.196030738542258405e+02
-6.182029758494143152e+02
-6.549531574377599554e+02
-7.561448556947879069e+02
-6.427247708962846673e+02
-7.367331198909897694e+02
-6.956874847895287530e+02
-5.500402616449920288e+02
-6.945493461348191886e+02
-6.179405310605396835e+02
-5.807075276302874727e+02
-5.725124762477860259e+02
-5.793214138902583272e+02
-7.646521031498552929e+02
-5.832890112449321123e+02
-6.641881529078300446e+02
-7.336297588151061291e+02
-6.735353743963978559e+02
-5.493244002130954868e+02
-6.576245007966105049e+02
-6.522519416953344944e+02
-6.908059350206332283e+02
-6.143731443401402430e+02
-6.865884276102081003e+02
-5.996281504931248492e+02
-6.820462309865940824e+02
-6.508362212808006007e+02
-6.328256075377209982e+02
-6.292205531125003972e+02
-6.372905431451658842e+02
-6.330973002903929228e+02
-6.420562332183714034e+02
-6.980205078737920985e+02
-4.928986329438632765e+02
-7.174134424716697822e+02
-6.429944351036385797e+02
-6.655118123399920478e+02
-6.376330817902902481e+02
-6.272814788913258326e+02
-5.938397946957609292e+02
-6.944954349133195137e+02
-6.784134938795282324e+02
-6.343817989659909244e+02
-6.906869648412272227e+02
-5.896668374998967010e+02
-7.744497508338895386e+02
-6.540647257537864334e+02
-6.687683717314316709e+02
-5.378922711693527390e+02
-5.826979461266556655e+02
-7.529296243927367414e+02
-6.828611294975362398e+02
-6.089079697562719957e+02
-6.260159693386542585e+02
-5.149041482469218636e+02
-6.467107656636543425e+02
-6.508086428272747526e+02
-6.506922948534147508e+02
-5.132095592657618681e+02
-5.881096562189898123e+02
-5.472732881858803466e+02
-6.006777785890886889e+02
-5.916954310479078458e+02
-6.132695266813420858e+02
-6.624917709100581078e+02
-5.704756324457159735e+02
-5.394543153720672990e+02
-5.542400380951339685e+02
-6.851304952300349669e+02
-7.428168122042383175e+02
-6.852774182951608282e+02
-7.579578025824063161e+02
-7.254653339995347778e+02
-5.597154747609903325e+02
-6.623052671766025696e+02
-6.786270420362841378e+02
-6.291808116484809261e+02
-6.497815950126199596e+02
-7.071939653884892323e+02
-6.845652198584124335e+02
-5.514308204018819879e+02
-6.428661560195862421e+02
-6.094765128265470366e+02
-6.132792876935037611e+02
-6.021678241392598920e+02
-6.412923104152700944e+02
-6.525683865370111789e+02
-6.511711657232609696e+02
-7.106021516168066228e+02
-7.076939678710025419e+02
-6.924907106461416788e+02
-6.382953429234181613e+02
-6.267439665559361401e+02
-6.314791431427228190e+02
-6.896899326591221779e+02
-6.202617450718691998e+02
-6.109722871623632727e+02
-5.798206823816996121e+02
-6.680263797687705392e+02
-7.683260507173140468e+02
-6.065516072636518174e+02
-6.512949845663752058e+02
-6.150865138987360297e+02
-6.510230891839357810e+02
-6.624649238193741212e+02
-7.010005303092132181e+02
-6.101684393958892088e+02
-5.549961930191052488e+02
-6.026336879330647207e+02
-6.720426335544126459e+02
-6.806958028437626353e+02
-5.115244256951702937e+02
-5.990783253405658115e+02
-6.615628595895374247e+02
-6.419328933412084552e+02
-6.691524338789673720e+02
-7.218354323554169696e+02
-6.926126009085033957e+02
-5.219501562280424878e+02
-7.314176796580444488e+02
-7.257766139721272793e+02
-6.026101539010369379e+02
-5.794261523124339419e+02
-7.299421833425670911e+02
-6.702398141961371039e+02
-6.958127488593540875e+02
-7.519503460080122750e+02
-6.000808958476219459e+02
-6.782992686911412648e+02
-6.279434765617234007e+02
-5.809736802359769854e+02
-5.865879929685630714e+02
-6.690117101855377086e+02
-7.205616272275740357e+02
-4.622568289957690695e+02
-6.677857710681851131e+02
-6.407046437571420938e+02
-6.587075509446538035e+02
-7.174254549768432980e+02
-5.615236849541208812e+02
-6.315007987505263145e+02
-6.005393298915192872e+02
-5.315830541324688738e+02
-7.389515060883153410e+02
-6.438586902265759591e+02
-5.984655794945751950e+02
-6.287486655138742435e+02
-5.620387743327879662e+02
-6.488228613177427633e+02
-7.580183368131091584e+02
-5.920057780033539530e+02
-6.322938723347104997e+02
-6.379060664032397199e+02
-6.593981453923736353e+02
-7.275117515153589238e+02
-5.812199595635253218e+02
-6.951323214826732055e+02
-7.394001846358364674e+02
-6.428083306325805779e+02
-5.727631892040560615e+02
-7.037861947666904143e+02
-5.721781514230672201e+02
-5.419155872772355451e+02
-6.138644549165379658e+02
-7.327020373856232709e+02
-6.485790920560717723e+02
-7.691243897955115472e+02
-7.399784474034394179e+02
-7.193718876879204345e+02
-7.373591808106001508e+02
-6.695644018125642560e+02
-6.307981170943565985e+02
-6.360753383964113254e+02
-6.442436335112756751e+02
-6.490375292798099736e+02
-7.158422124779943942e+02
-6.295500101474034409e+02
-6.982418616459541454e+02
-7.397235760567081115e+02
-5.906156385621958407e+02
-6.503799572800706983e+02
-6.441151401521685784e+02
-5.984137455492913205e+02
-6.474090099814110317e+02
-6.770908799289486524e+02
-7.306261691091596049e+02
-6.845223313802091525e+02
-7.010154102457504450e+02
-6.819787176104520086e+02
-6.347015146997166539e+02
-7.005740200917275615e+02
-6.437762457965832255e+02
-7.227192218013487945e+02
-7.640487022595098097e+02
-6.736993063832745747e+02
-6.966619542794694553e+02
-6.179325535081013641e+02
-6.581086393811553990e+02
-6.724991892500147515e+02
-5.498089757971206382e+02
-5.768349091989364297e+02
-6.104018437952905742e+02
-6.594774467593697409e+02
-6.449444934837615619e+02
-7.502178300336273651e+02
-6.463742470419067558e+02
-6.549637939545167455e+02
-5.860969077629205231e+02
-6.808679083682889086e+02
-6.199247122072786169e+02
-7.435493070506241793e+02
-6.201027331377728160e+02
-6.785842053678964021e+02
-5.637111154291595767e+02
-6.536662542716591133e+02
-6.132171696928093070e+02
-6.721556346885045059e+02
-6.067999700505632745e+02
-5.517828941208973674e+02
-6.589369485886430766e+02
-6.396768143879709214e+02
-6.938142277703171885e+02
-7.460243533842043462e+02
-5.581975944426059186e+02
-6.673018303116446077e+02
-6.719492578708235442e+02
-6.986810713415795817e+02
-6.953229029806857397e+02
-6.342558231501178625e+02
-6.110702339258867823e+02
-6.420736329277410732e+02
-5.805463014993513298e+02
-6.539300570704724578e+02
-7.030552773818021706e+02
-5.968583899963522299e+02
-7.122670280676619541e+02
-5.733477286851305053e+02
-6.813709757458364038e+02
-7.176106933517626203e+02
-6.825860063432801326e+02
-6.436699313234039437e+02
-7.213533868935728606e+02
-6.401254561828327496e+02
-6.604339175935033381e+02
-6.732762921952511306e+02
-6.603751525245528455e+02
-6.214348442987320595e+02
-7.650583594663302165e+02
-6.055480650882719829e+02
-6.760812746318580366e+02
-7.607168768031851869e+02
-6.281372710184577954e+02
-6.704702321255380184e+02
-6.335581755110904396e+02
-6.426758654217185267e+02
-5.952776296012164039e+02
-6.972288170262302174e+02
-5.330819636967792121e+02
-6.989132764830894757e+02
-6.172328707997847914e+02
-6.408362568911051085e+02
-5.758978123321105613e+02
-6.642004411888543700e+02
-6.433048681701822034e+02
-5.532591815041434984e+02
-6.073742962420840286e+02
-6.128941600384462163e+02
-6.733540434517461790e+02
-6.388076616002638275e+02
-5.479979153941860659e+02
-5.664871914452792225e+02
-6.238687852974771886e+02
-5.992464490664004870e+02
-6.274448079589903955e+02
-5.532358511050155130e+02
-7.113948693438284181e+02
-7.043235541207480992e+02
-6.509549438592682691e+02
-6.208829566156869078e+02
-7.319434857774745069e+02
-7.005106156358245926e+02
-6.568092076565823163e+02
-6.504603493135391545e+02
-6.436050939098925028e+02
-7.051223950967809060e+02
-6.711571792092930764e+02
-6.134081806256091340e+02
-6.633334349444243117e+02
-6.406879220212967994e+02
-4.966187605451343074e+02
-5.841703624717982848e+02
-6.130958371383708254e+02
-6.006732261689528514e+02
-7.623656260079523008e+02
-6.657250487482625658e+02
-6.473175039968083411e+02
-6.335082428446633003e+02
-5.887297752133381437e+02
-5.330446204265203960e+02
-6.054834050555475642e+02
-7.303590248238633649e+02
-7.017656504328416531e+02
-7.201761485573939581e+02
-7.357621290096578832e+02
-5.357249802100785701e+02
-6.437482039456632492e+02
-7.383990798565480418e+02
-6.408378526487307454e+02
-6.685283396036343220e+02
-6.924047715240135403e+02
-5.406901621785028738e+02
-6.708936835400927521e+02
-7.156610117499479884e+02
-5.870841085047167098e+02
-6.318028338647727651e+02
-6.925398852604590729e+02
-5.681812544302562173e+02
-6.757039465387317705e+02
-6.065472512757276036e+02
-6.058013154237291928e+02
-6.073191389702467404e+02
-5.712358508726553055e+02
-5.491901498084754394e+02
-7.090027754453006992e+02
-5.738005281334933443e+02
-5.165809098253788534e+02
-7.179127588853580164e+02
-7.518047537890588501e+02
-6.532756189492496333e+02
-6.590266717394025591e+02
-6.355177322048537008e+02
-6.541770732427770554e+02
-6.904523737025576793e+02
-5.750691422015430589e+02
-5.757878777203129630e+02
-7.396434370803287948e+02
-7.108729898869339650e+02
-7.562203872723965787e+02
-6.355977854890123808e+02
-6.565239259985014542e+02
-6.117418673047906168e+02
-5.194533755293232389e+02
-6.951809106899959261e+02
-5.843719373871664402e+02
-6.829130851572842857e+02
-6.413910869827225270e+02
-6.598041928500146014e+02
-7.745138227035080263e+02
-6.429282157615479036e+02
-5.992626074210207889e+02
-6.955833001118292032e+02
-7.023071627978046081e+02
-6.695081002845427065e+02
-7.024152279914801511e+02
-6.917890717816853794e+02
-6.736980575840320853e+02
-4.680667762242046024e+02
-5.680658420711700956e+02
-6.955347430197803078e+02
-6.037655622641530044e+02
-6.341110582821524986e+02
-5.008115959134918285e+02
-6.604663118507545505e+02
-5.855323356245885407e+02
-5.537522886555902915e+02
-6.224355263307261339e+02
-6.471640986900713415e+02
-6.364881847561596260e+02
-7.179245210029855571e+02
-5.765705128163435802e+02
-7.029814258788592269e+02
-6.363339908405913548e+02
-6.137100251066447072e+02
-7.345523417186707320e+02
-7.124498900546469713e+02
-6.109415571311435542e+02
-7.751945629270398967e+02
-5.402514979028351263e+02
-6.646668119187658021e+02
-6.905117227675352751e+02
-4.845448786993862313e+02
-6.648424309463658801e+02
-5.892712613112289546e+02
-6.941702974963849329e+02
-7.197462733200875391e+02
-6.378415390671164005e+02
-6.562245848732316063e+02
-6.487107931235439082e+02
-6.823296430307739229e+02
-5.928538947527032406e+02
-5.745615762307191972e+02
-7.027099539587545678e+02
-6.703907706275762166e+02
-6.131815784629675363e+02
-7.294333730775709910e+02
-4.958561521083082653e+02
-7.048822681798942540e+02
-6.993272143609995055e+02
-7.535177736515382776e+02
-6.909125136246984766e+02
-7.301379000857500614e+02
-6.123995365901580499e+02
-5.232948081659565105e+02
-6.745861645518327805e+02
-6.893190209552010401e+02
-5.486448316639423410e+02
-5.846202987096811512e+02
-7.412413516300731544e+02
-7.726255209256073613e+02
-6.764583868614450921e+02
-6.731811189472566639e+02
-5.490534646968754942e+02
-6.957828421267184922e+02
-6.580731539582296818e+02
-6.928044452759645537e+02
-5.347858668313115231e+02
-5.810172164805495640e+02
-6.570507236643214810e+02
-5.147440478090936722e+02
-5.988360573144552745e+02
-7.526681537387919434e+02
-6.624369833508794727e+02
-5.826964109897338631e+02
-6.076634224995964360e+02
-7.269629195131032020e+02
-7.625105935390015475e+02
-6.919135174921059388e+02
-7.537136608028226874e+02
-6.989108672111163969e+02
-6.254352362273583594e+02
-5.901397003197132562e+02
-6.993673845034575152e+02
-6.990340118493489854e+02
-6.090956380278441884e+02
-5.921037614672032987e+02
-6.237614005751923969e+02
-6.015528442433973169e+02
-6.034818170276147384e+02
-5.722483168324226881e+02
-6.865460317688916803e+02
-6.448525753872664836e+02
-6.861874489232193355e+02
-5.333028840270791306e+02
-6.215187055518795205e+02
-7.509573910958514489e+02
-5.939409488598693088e+02
-6.013322840351711420e+02
-6.083029110439557599e+02
-7.026023498323784224e+02
-6.084649420614537121e+02
-5.926930435400460055e+02
-5.996244144760561312e+02
-7.005757988482743031e+02
-6.395654639152554637e+02
-5.963055067037382742e+02
-6.784997601553623099e+02
-5.382122536019442123e+02
-5.433969143434004536e+02
-5.474692266235286979e+02
-4.651371961080076858e+02
-6.081697064186664647e+02
-4.759082310937280909e+02
-7.351046093180129901e+02
-7.169546301306393161e+02
-5.880596809907976876e+02
-5.322165029362363384e+02
-7.072081869631894051e+02
-5.524427992725402419e+02
-6.040215574019515543e+02
-6.940229578336923169e+02
-6.053502388188659324e+02
-7.461877177350553438e+02
-5.615006156172197507e+02
-6.735047181268471377e+02
-6.362697326292320668e+02
-7.207386318717822178e+02
-6.217575363040851926e+02
-7.294400151194128057e+02
-6.335364215577303639e+02
-7.022632123258226784e+02
-6.894219639208492936e+02
-6.361082837223184470e+02
-6.691220053356764765e+02
-6.458705301042882638e+02
-6.007378786201447838e+02
-7.148748006835854767e+02
-5.894260102990772339e+02
-7.087848245906099010e+02
-5.851972446273539390e+02
-6.360259256191737904e+02
-5.677914607236409665e+02
-4.984474724382271233e+02
-6.604985908607565079e+02
-7.003865395562490903e+02
-6.854637911647110968e+02
