-2.491111843790608418e+03
-8.096058051381124869e+02
-8.300321528618676439e+02
-8.574061824264447296e+02
-8.138237873596640384e+02
-8.181376495520876233e+02
-8.376957130461845509e+02
-8.414935253214177919e+02
-8.591940875163872988e+02
-8.251567778159882209e+02
-8.016566249268066713e+02
-7.596461778589307414e+02
-8.261606917594062907e+02
-8.332027788885301334e+02
-6.595730855299682389e+02
-8.335804620856719112e+02
-7.825491093206571804e+02
-8.673386997395161870e+02
-7.988368266429423556e+02
-8.810212241104997020e+02
-7.630039606844039781e+02
-7.210135703775345064e+02
-7.950851905779214803e+02
-8.266722311803953289e+02
-7.071120543419702926e+02
-8.091190028576819486e+02
-8.733226332924521103e+02
-7.231247518017254379e+02
-7.424667139202947510e+02
-8.982782851327957587e+02
-8.522227317632239192e+02
-8.146436686476412206e+02
-7.503282061820556237e+02
-8.297601237591569543e+02
-8.794113300939634428e+02
-9.269988362741835317e+02
-8.599071401383387183e+02
-7.490036428359854881e+02
-7.372793307023121088e+02
-7.881934460738855250e+02
-7.328945187060764965e+02
-7.188473849198438757e+02
-8.068994047180017333e+02
-7.948141478948797385e+02
-8.150235427234424606e+02
-8.069513996400753513e+02
-7.803237488241368283e+02
-8.468243634978928185e+02
-7.784869512133814169e+02
-7.769043308154444958e+02
-9.278976429203353291e+02
-8.671825704569513391e+02
-8.770687966443197183e+02
-7.492893143657128121e+02
-7.838169949207110676e+02
-7.367849489049286831e+02
-7.686147869318280073e+02
-8.044603711661541183e+02
-8.477717725419340695e+02
-8.331848850176371570e+02
-8.307101646757678282e+02
-7.545465506137513785e+02
-7.368230963457591542e+02
-7.738904971023184771e+02
-8.846735199417086051e+02
-7.981270734134504892e+02
-8.985747145929112776e+02
-8.721341948066524310e+02
-8.772566070662313678e+02
-8.776567089782040512e+02
-8.064938723838646411e+02
-7.021560620746356562e+02
-8.438654635622986007e+02
-7.819425530655536249e+02
-6.790370372777678085e+02
-8.583773049227887668e+02
-7.862920666503052871e+02
-7.493121159599719476e+02
-7.218250240213870939e+02
-7.844543018555690423e+02
-8.696350484522574789e+02
-9.068198942993642504e+02
-8.943808691422483435e+02
-9.130111060992165903e+02
-8.219631206965516412e+02
-8.159351671173017166e+02
-9.315772967463668692e+02
-6.638058192564319597e+02
-8.279891121213623819e+02
-8.008797522003101221e+02
-8.065825473175436855e+02
-9.115014400711122562e+02
-8.321615081760210160e+02
-8.044983386560040799e+02
-7.737052005150324021e+02
-8.336076119902747905e+02
-7.792521439931224450e+02
-9.282646326957499241e+02
-8.269258383401216861e+02
-7.654233400532111773e+02
-7.125512212565246273e+02
-7.973561287118462815e+02
-8.963748955385757426e+02
-6.842057397805207302e+02
-7.582811597183090271e+02
-6.876114642700994182e+02
-7.560064206070408090e+02
-7.593949925511958554e+02
-8.382915043826333203e+02
-8.376338267703416705e+02
-7.769550288102418563e+02
-6.957663075796195926e+02
-7.088125019658198198e+02
-7.656470955353147474e+02
-7.766313659358339692e+02
-7.469683818598427933e+02
-8.258842672470321986e+02
-7.532635654528406803e+02
-6.699334837710899819e+02
-8.977523991155778731e+02
-8.913548700478163482e+02
-8.462896996407725965e+02
-8.620087346640046917e+02
-7.572966541797576383e+02
-6.703436188732189294e+02
-8.504456051129520802e+02
-8.608447824368649890e+02
-6.895250650063699140e+02
-8.401043795546650017e+02
-7.600161224770956778e+02
-8.468460802872683644e+02
-7.470462316390414799e+02
-7.289402487518143516e+02
-7.457525154883689993e+02
-7.155058437932653987e+02
-6.686810015734889703e+02
-7.753594346587834707e+02
-8.245910544138386058e+02
-7.059072284400447188e+02
-6.131892326809999076e+02
-8.186933273914527263e+02
-7.340778391153637585e+02
-8.042935890347728218e+02
-8.634687545451470214e+02
-7.659668770771349955e+02
-7.752430806194806792e+02
-7.646460491170452087e+02
-8.759374561758259006e+02
-7.087545447853789256e+02
-7.648751590315196154e+02
-8.211114142961891957e+02
-7.876160964092417771e+02
-6.584975059577135426e+02
-6.948993344144549837e+02
-8.411603043993566189e+02
-8.486253012241887745e+02
-9.215749157244727030e+02
-8.902162115599594472e+02
-6.890847049869225884e+02
-7.712636847305154788e+02
-8.958733244747689923e+02
-7.530759980841862671e+02
-6.875842402749457278e+02
-8.630429093782729524e+02
-6.304868973466458328e+02
-8.653863792749706363e+02
-6.507901692168398995e+02
-7.369727610015088430e+02
-7.754595755770569667e+02
-9.483065632426748834e+02
-7.259216239454763127e+02
-8.590633724793988222e+02
-7.851924432971171655e+02
-8.069967883873025585e+02
-7.335725402728627387e+02
-8.145688354935235793e+02
-7.670698563610570773e+02
-8.864496648924564397e+02
-7.939796703456446494e+02
-6.880995624802071688e+02
-7.204647072358000059e+02
-8.085791390475444587e+02
-8.562675682079699300e+02
-6.465453328097539725e+02
-9.481133416651414336e+02
-9.515048963911096962e+02
-8.209480433060526821e+02
-6.775046911939000438e+02
-6.999820701377672094e+02
-6.869510999096141859e+02
-7.702747553816291202e+02
-7.795149441241344448e+02
-7.796618049910051695e+02
-7.757726364108315238e+02
-7.741529470017644599e+02
-7.445300111093166606e+02
-8.424700109905475074e+02
-6.593873163825085157e+02
-6.778946255573378039e+02
-6.936635260211867262e+02
-7.184548538658395955e+02
-8.054090085275904585e+02
-6.987459174301130815e+02
-8.755002761129778719e+02
-7.389182530849614068e+02
-8.307260274633144945e+02
-6.629826404965583606e+02
-7.247681910121154942e+02
-8.907413067567247253e+02
-8.583471355654666013e+02
-8.268951421809367730e+02
-7.528307625212822813e+02
-6.092535115145884674e+02
-7.824292457099815010e+02
-7.214238133106766782e+02
-8.405076265174247965e+02
-8.352855188091864420e+02
-7.591646705675345856e+02
-6.946467041474611506e+02
-7.780572047802438647e+02
-7.746662953881256044e+02
-8.172162159169832876e+02
-7.256945617936522694e+02
-8.171879425417672564e+02
-7.603621610318288049e+02
-8.395307932136156523e+02
-7.619964835949704138e+02
-8.783803101184389561e+02
-7.665702736000260984e+02
-7.526948496356907299e+02
-6.893140886400211684e+02
-8.102661974426756615e+02
-7.949406953502343640e+02
-7.395802682032951907e+02
-9.273528638253305871e+02
-6.745067543213582439e+02
-9.218960433631185651e+02
-7.598699422317454264e+02
-8.744049345793680459e+02
-8.672303314685940450e+02
-8.543967880034011841e+02
-8.232944299656828662e+02
-8.690387248810355914e+02
-6.344611953199563459e+02
-7.947876730104700300e+02
-7.302505068526397736e+02
-8.985216554200337669e+02
-8.203655331307948018e+02
-8.881934460770221449e+02
-8.477812310190963672e+02
-8.008409988608934782e+02
-7.183240562528444570e+02
-9.009688395936545930e+02
-8.895438729611159943e+02
-6.400048987177153776e+02
-7.443620432474820063e+02
-6.869499164900059895e+02
-8.138389985026158229e+02
-7.787537894582599165e+02
-7.597775642081752494e+02
-7.877684097999061805e+02
-8.895207354109749076e+02
-7.685808410303974370e+02
-8.994028135739237086e+02
-9.546969982642514196e+02
-7.943259739462976086e+02
-8.605554269645903105e+02
-7.779573430353792673e+02
-8.702120182053056396e+02
-9.102957568145047844e+02
-7.501212553158424043e+02
-9.095452863898625537e+02
-7.984015556584117803e+02
-7.982157826409132895e+02
-7.822918866946026810e+02
-8.673745749255760984e+02
-9.079241640320033184e+02
-6.701293390381661084e+02
-7.842991230495265427e+02
-8.398579321968340992e+02
-6.904218681588449726e+02
-7.527541608618088276e+02
-6.150019424617755703e+02
-8.578067741653351277e+02
-7.482956484539995472e+02
-9.091386047255672338e+02
-8.643671564007279358e+02
-8.375186380696889046e+02
-7.549959132428623434e+02
-6.702737249032836644e+02
-7.710826442391361297e+02
-6.634491675374300712e+02
-7.398042052170272882e+02
-8.393803418393082438e+02
-8.164002717650475915e+02
-8.815939521469099418e+02
-8.095915168224719309e+02
-8.074455046049407656e+02
-7.830604299510420105e+02
-8.309276821965975159e+02
-9.040998982276188372e+02
-8.151301351471440739e+02
-8.651488563706034256e+02
-7.569787171101165768e+02
-9.176726785085464826e+02
-7.586917743402362930e+02
-8.421301972150777146e+02
-7.720933432157889911e+02
-7.781046878304791790e+02
-8.465288129264422423e+02
-7.545598095152693077e+02
-8.873567223937775452e+02
-8.721218425667797192e+02
-8.187744578743502188e+02
-9.306386910553715097e+02
-7.929999383830943316e+02
-9.015434428157736875e+02
-8.531695225006353667e+02
-7.965466758373657967e+02
-6.576577043966763085e+02
-2.724834773596397781e+02
-1.448226822715904291e+03
-9.098805134673949624e+02
-8.107711342267017471e+02
-7.505569878009791864e+02
-1.201138571545327522e+03
-8.669104476879108461e+02
-7.858533343642272939e+02
-1.124132310319294447e+03
-7.099479031901374810e+02
-8.252223048089089161e+02
-9.091740092024509750e+02
-8.184857786532629689e+02
-7.526390192599264992e+02
-8.191357469924588486e+02
-9.068371879450864981e+02
-1.211061083453943183e+03
-1.312629073581294506e+03
-9.069507089838568845e+02
-8.614717565633155800e+02
-7.646783056305245054e+02
-8.451294590781852776e+02
-7.108594749411050771e+02
-8.179213797288001615e+02
-7.476524727076423460e+02
-8.437522767956447751e+02
-7.647987941170796375e+02
-8.081103044332908212e+02
-9.230317158644656956e+02
-7.946067958076378090e+02
-8.424214320915142480e+02
-7.571609217864674974e+02
-7.471558800263962894e+02
-7.916606831454005260e+02
-9.296509201180301716e+02
-8.363741722902278752e+02
-9.077370973702261381e+02
-7.787238678467948603e+02
-8.108251328507353719e+02
-8.921255225868867456e+02
-9.053529427884484448e+02
-8.266569349916403553e+02
-7.897364524826493835e+02
-8.835530327180903214e+02
-8.196481878534539192e+02
-7.411272031726854266e+02
-7.811897984783943230e+02
-8.953438463053337273e+02
-8.197457138042379938e+02
-8.115806568154615661e+02
-7.091025437612477162e+02
-8.429197909885383524e+02
-8.207986232942675997e+02
-9.177996812499447969e+02
-7.198618884376217011e+02
-9.545499261961876982e+02
-7.678147396236074655e+02
-7.425447171407485030e+02
-7.925280855342027735e+02
-8.633298305613222965e+02
-7.522650403389458234e+02
-7.245255688305517197e+02
-6.895535863073275777e+02
-8.706331731810072370e+02
-7.878466990086244550e+02
-8.463820005757195304e+02
-7.909951798754573247e+02
-6.329889155742505409e+02
-8.744993769315309464e+02
-8.239816103326879784e+02
-8.143021901625610326e+02
-7.572015209362124324e+02
-9.497388818007896134e+02
-9.199906311751668682e+02
-8.804782195135172742e+02
-8.322921942403925186e+02
-8.720953779391936678e+02
-8.239701828038953408e+02
-7.565130110164230928e+02
-8.007957416264964650e+02
-9.034598461968336096e+02
-7.868102640115545228e+02
-8.147158924489687024e+02
-8.300973263167969662e+02
-7.940297762088704303e+02
-7.735292896353373635e+02
-7.954324442467091103e+02
-9.128648972251737632e+02
-7.849192082601452967e+02
-7.901803816421794409e+02
-7.574497206912203637e+02
-7.488794818547628438e+02
-7.867873722658209772e+02
-9.100142252528330573e+02
-6.390612932317145578e+02
-7.526840052690141647e+02
-7.596551655288382108e+02
-9.097889071360164053e+02
-7.234605400684827146e+02
-8.608369336542834844e+02
-6.827949692835055657e+02
-7.891873602443529307e+02
-7.928970749978223012e+02
-8.829661641670278414e+02
-6.821933454656712001e+02
-7.856504015608098825e+02
-7.789501846479756750e+02
-6.879814314231040271e+02
-8.851626846797427106e+02
-8.104276485360749120e+02
-7.678316337342259885e+02
-8.777875034313444758e+02
-9.112485640270226668e+02
-8.833959821558422618e+02
-9.018290116147164781e+02
-6.574021552640001573e+02
-6.954445844195222435e+02
-5.796133623424773305e+02
-6.964328987775797941e+02
-8.564031644849970917e+02
-9.138644226534512427e+02
-8.723949426290023439e+02
-7.399278712166552623e+02
-8.518346825258313402e+02
-6.083013519637996751e+02
-7.873273409875328070e+02
-6.928097624945999087e+02
-7.681833812740497933e+02
-7.746111815931300271e+02
-7.005969333132204611e+02
-7.986376837363768573e+02
-6.986862432203078015e+02
-7.385301951731818235e+02
-9.162705161034417642e+02
-9.122101476201939931e+02
-8.435198832614702269e+02
-7.783590217411908725e+02
-7.318128966136229110e+02
-9.070949826360408679e+02
-8.047190593672407886e+02
-9.240795871263647996e+02
-7.812086570788692370e+02
-6.592693367212259545e+02
-9.023111498100779500e+02
-7.088925047595515707e+02
-7.602783092462802870e+02
-8.846677310853532390e+02
-8.317027815140456823e+02
-7.883434088925965852e+02
-7.167522594664669668e+02
-9.141527803019060912e+02
-7.179472700523895128e+02
-8.619730713388423737e+02
-6.783691725901793461e+02
-5.501509256018562155e+02
-7.134177521835975995e+02
-6.545536479358695487e+02
-6.564802595842670598e+02
-9.126242962271559236e+02
-7.438927850783344411e+02
-7.249796539348432134e+02
-9.056607329064460146e+02
-8.239229265121209664e+02
-7.735096243653561032e+02
-7.940252821481949468e+02
-6.431516973341027779e+02
-6.267348241499450978e+02
-7.285985994016183440e+02
-9.230542186817230004e+02
-7.993359740311908581e+02
-6.629335852323373501e+02
-7.573324835730217046e+02
-9.165277086244328757e+02
-7.867582722616882620e+02
-7.639523899845546566e+02
-8.518179740837388181e+02
-5.932718387582049218e+02
-8.190125484984681634e+02
-8.543417390324228791e+02
-8.243877368619862409e+02
-8.976169592998463713e+02
-6.833767172078728436e+02
-7.063190549394745403e+02
-8.331344882080768457e+02
-7.496589926738165559e+02
-8.360224254814577307e+02
-8.138075267993652915e+02
-7.365297754717365706e+02
-7.874569664837908931e+02
-8.183044813824214998e+02
-8.985818360334702675e+02
-8.903026307036288927e+02
-6.209652815438762445e+02
-7.298860537676878266e+02
-7.703985035913359525e+02
-8.442414791694482119e+02
-7.643130271880434066e+02
-8.772873743931513673e+02
-8.398317746882847814e+02
-8.122945007658997838e+02
-8.595913395640471890e+02
-7.040729068430551933e+02
-6.708058216511981300e+02
-8.419255419867865839e+02
-8.844577341517972400e+02
-9.127337141973324606e+02
-6.390460617684260569e+02
-7.696218946401066887e+02
-7.990560549337694738e+02
-6.464603065637053305e+02
-6.833234840387784743e+02
-8.005863258783499532e+02
-7.224726405327870680e+02
-6.837324461929642894e+02
-6.488685767932761337e+02
-7.159786327586616608e+02
-7.484697126659343667e+02
-8.255141316159281359e+02
-6.131638653079263577e+02
-7.600323326222435298e+02
-8.417958622590917912e+02
-6.827809501507193772e+02
-7.246822464819754259e+02
-7.649211816921888385e+02
-8.265305708156579385e+02
-7.615580343907934093e+02
-7.883023327558311166e+02
-7.355553457410120473e+02
-7.532502134978785762e+02
-7.221654513107596358e+02
-8.481211237628057233e+02
-7.221605641550138444e+02
-7.274993122730099913e+02
-9.085318840284687667e+02
-7.651270046958300100e+02
-6.849728579621880726e+02
-8.169540362040312402e+02
-8.359012400219885421e+02
-7.100761476766301712e+02
-7.300254420533514121e+02
-7.093347202921831922e+02
-6.493944683661499084e+02
-7.476775013745711931e+02
-7.394889877576866866e+02
-8.428821116117213705e+02
-7.054503472308733762e+02
-7.527224834447234798e+02
-7.020031680088366102e+02
-8.856607903209883261e+02
-6.874287209637184333e+02
-9.305820459058928691e+02
-7.728654452041650984e+02
-5.868381110056625403e+02
-7.081686742661332801e+02
-9.184092714823912047e+02
-7.141973391847960784e+02
-6.283627582878386875e+02
-5.736567391918829344e+02
-8.437013339655106847e+02
-6.658601793718928548e+02
-8.234705623146201106e+02
-7.229764787786407396e+02
-9.221263015833701502e+02
-7.341004825196217780e+02
-9.119424673610083119e+02
-7.295740764323994654e+02
-6.402935135753710938e+02
-5.857158984776789339e+02
-7.397910250253742106e+02
-8.357066071314931150e+02
-7.753780812741802038e+02
-7.248649671017979017e+02
-7.340876891595295319e+02
-6.582817180908081127e+02
-6.465716406558951803e+02
-8.004764304345103483e+02
-7.609354526460082297e+02
-5.984795323772738129e+02
-6.848946233065695424e+02
-7.675571259143407588e+02
-7.986611789485265263e+02
-6.484798359635741463e+02
-6.029660710119418354e+02
-6.251935591504958438e+02
-6.828709575361758652e+02
-6.473861730649592801e+02
-7.163172567912960176e+02
-6.882043253587712570e+02
-7.793154177164540215e+02
-5.121797118679535288e+02
-6.202848603579552673e+02
-7.198041192325487145e+02
-6.834501389242044525e+02
-7.204497937198169666e+02
-7.953505748731583935e+02
-6.578302997865685029e+02
-7.027201242281262239e+02
-6.737560683631273832e+02
-6.762725836433575068e+02
-6.473302625881567565e+02
-8.165184391264157284e+02
-7.955111060795337607e+02
-7.846982644159721758e+02
-7.562247705264134083e+02
-7.695963496341151995e+02
-8.459794224779034266e+02
-6.801340475931104947e+02
-5.847469783319281760e+02
-6.443321006939812605e+02
-8.951518134318514512e+02
-7.751150683892303732e+02
-8.686899035314067987e+02
-5.324656291349972435e+02
-5.334824342755150610e+02
-6.538066518674224881e+02
-6.104262992853434753e+02
-6.514209419056282968e+02
-6.977191577807271869e+02
-7.948635222034262142e+02
-6.530713590933421528e+02
-4.875852632560250299e+02
-7.061660176337137500e+02
-6.817823959462367611e+02
-6.677078083003049187e+02
-7.762039878794388414e+02
-6.215557655193240407e+02
-7.076042491250630064e+02
-7.207107718781529684e+02
-7.720391235615871892e+02
-8.193551044520543201e+02
-5.516337729562104641e+02
-6.109302093179281883e+02
-6.142177742160845355e+02
-6.135815778028070326e+02
-5.526909436943030869e+02
-7.063606847939231557e+02
-7.644328270946008388e+02
-7.282023821752530921e+02
-7.835008830339437509e+02
-6.589598461899341828e+02
-7.897310461283615268e+02
-8.017285472782476745e+02
-6.897453738058807176e+02
-5.981991479419559710e+02
-6.141452811468005848e+02
-5.182374533702879944e+02
-6.237536611137480804e+02
-8.179551846214917532e+02
-7.042100980100967718e+02
-5.845650001773484519e+02
-7.753732523149678855e+02
-8.206867654857462639e+02
-6.403630186247811480e+02
-8.786669142857733732e+02
-7.558618201055462578e+02
-6.537086041633915556e+02
-7.209486410705960679e+02
-6.524692776910186467e+02
-8.108031042128397985e+02
-5.697967061674406750e+02
-8.326531431041257747e+02
-5.552597617048752454e+02
-6.623974694426528913e+02
-7.780217697697379435e+02
-6.252655734647424879e+02
-6.158586157655558964e+02
-6.283779112886037410e+02
-6.486119608511228307e+02
-6.271261920742633720e+02
-5.772011105838118965e+02
-6.988006318503372540e+02
-6.879356264813002326e+02
-6.492929014590225734e+02
-6.297333604523677195e+02
-5.954456154853022554e+02
-7.135365411660765176e+02
-6.888736598064327836e+02
-6.858173636984372479e+02
-5.877740597327563137e+02
-7.665902298234304908e+02
-6.345629418269513735e+02
-5.279508945472359756e+02
-7.956916379308302112e+02
-7.076383447537012898e+02
-7.018009982383566694e+02
-7.086382164216148567e+02
-5.510543600490948393e+02
-6.292691864547887235e+02
-7.378427943710041745e+02
-6.173375995303944137e+02
-6.947250820326073608e+02
-5.914599981209170210e+02
-6.618549086069965597e+02
-5.672377266269377287e+02
-5.239268436961785937e+02
-5.822286346686455545e+02
-7.928985560675779425e+02
-6.707590672003606187e+02
-6.673768016102189904e+02
-8.569962814865713199e+02
-5.588787069570220183e+02
-6.531665912444077549e+02
-7.442893243811472530e+02
-6.821104778421728270e+02
-7.405491836521139248e+02
-6.684381911352711541e+02
-6.424139587274887617e+02
-7.965387028532773002e+02
-6.502158233756773598e+02
-6.143797997081295534e+02
-6.829715880318157133e+02
-6.924323229860511901e+02
-7.499414567420160438e+02
-7.477900069962477119e+02
-6.936142161240577479e+02
-5.520553968211577285e+02
-6.354066220831387000e+02
-6.541895418357051994e+02
-6.790586227165056243e+02
-6.853388594330808701e+02
-7.002083466517809711e+02
-6.938493817448583059e+02
-5.257327072538168977e+02
-6.260266983677593089e+02
-7.702986945967365955e+02
-6.438394754151030384e+02
-5.481070828283650371e+02
-6.870013834437027072e+02
-6.455073211174142216e+02
-5.289589956720827786e+02
-7.526033010924027167e+02
-5.931255772153175485e+02
-6.562510070733142129e+02
-5.466377841011279770e+02
-6.228577770242891347e+02
-6.611010386752811883e+02
-7.033398733965221936e+02
-5.606780024170501520e+02
-6.855215637888744595e+02
-5.945493822548646676e+02
-5.900546430879558102e+02
-5.409891906251997398e+02
-5.960019240763155040e+02
-5.937713374428913085e+02
-6.254164829152458651e+02
-6.451012287466270436e+02
-6.606688279392678851e+02
-6.364797213222849450e+02
-6.465261044374743733e+02
-7.384502283087942942e+02
-5.902285441868463067e+02
-5.808701994202637025e+02
-5.501664799246366329e+02
-5.562513970710983813e+02
-6.829166680091564103e+02
-5.779306650308038797e+02
-6.391093246259630405e+02
-6.690109445242178481e+02
-6.754761011431197630e+02
-5.493817638050693404e+02
-6.253884216162560961e+02
-6.554386317381129174e+02
-6.670963436034518281e+02
-5.729455314149239484e+02
-6.483035490149483167e+02
-7.190096473243702349e+02
-5.793369304980210472e+02
-6.896382647009875200e+02
-6.714308565060330238e+02
-5.543995983485837087e+02
-6.808421057221171395e+02
-6.244582763859309580e+02
-6.815038656092096971e+02
-7.019278244265706235e+02
-5.905101613725196330e+02
-6.953011977700078887e+02
-6.604189212715791655e+02
-6.642361963758482943e+02
-7.339279742088884859e+02
-6.024594192235390437e+02
-6.076902213996943374e+02
-7.647812298695416757e+02
-6.413364121966030780e+02
-7.189090953853074097e+02
-5.807125976854048304e+02
-5.916269340191461197e+02
-6.746410277607035368e+02
-6.198655579610136783e+02
-6.276577925109556872e+02
-7.060347893589369050e+02
-5.935500788835652202e+02
-5.195246402160721573e+02
-5.908586968486831665e+02
-6.146993409779298645e+02
-6.074182187626328187e+02
-6.840608067555839398e+02
-6.416009804587577037e+02
-6.685931304694989876e+02
-6.954259420888986369e+02
-7.042277675280768108e+02
-6.603713760571120019e+02
-7.260245654100763204e+02
-5.888071058404938185e+02
-6.617286652578877693e+02
-6.548188791357356422e+02
-6.064243452854265115e+02
-5.621724815832428703e+02
-6.834834173126870382e+02
-6.238124377504161657e+02
-6.202685424160954426e+02
-7.102976131135235391e+02
-6.036122203332662366e+02
-6.121415728954481210e+02
-6.744296675513676291e+02
-6.478683326862777676e+02
-6.232318980556632368e+02
-7.178521865804291338e+02
-5.557093405573965583e+02
-6.524696806885120850e+02
-6.113498949892268683e+02
-6.185110372370961613e+02
-6.250157395327347558e+02
-6.361677883067078483e+02
-6.453037866270847189e+02
-4.899710028156243879e+02
-6.130066409601656687e+02
-8.093570983791283879e+02
-6.694978618873178675e+02
-6.493599824496623114e+02
-6.506183523847334982e+02
-5.584528710886926319e+02
-6.287908132962356831e+02
-6.626894208691818449e+02
-6.198735680991886738e+02
-6.649851834307460194e+02
-7.040253403623908071e+02
-5.325150924764859610e+02
-5.959863844403189432e+02
-6.068110222665138735e+02
-4.577780202076111209e+02
-5.593997894316565862e+02
-5.997698222116911211e+02
-5.698479622156187361e+02
-6.929874639699306726e+02
-5.427163988447689462e+02
-6.206277098640240411e+02
-5.669040352016837687e+02
-6.176088596306597083e+02
-6.729260482825941381e+02
-5.556306390411181155e+02
-6.439624958339771865e+02
-5.895125963006416896e+02
-5.271624838020161405e+02
-5.824900556341480069e+02
-6.427836775385976580e+02
-5.746335402317380385e+02
-6.440021769930972368e+02
-5.917127645240677793e+02
-5.835992806248070792e+02
-5.524747300025669574e+02
-5.104461729488098740e+02
-4.695419677354441319e+02
-4.399244943822875484e+02
-6.166930130281830316e+02
-6.557399805311989667e+02
-5.218905731908387224e+02
-6.783262036703804370e+02
-5.719262259085840014e+02
-6.247156675395366392e+02
-6.594386522589434207e+02
-6.202211200434192051e+02
-4.368258571868573199e+02
-5.351132541049296378e+02
-5.928204764916447402e+02
-5.829970181336823316e+02
-4.810450771085442057e+02
-5.477911050856616839e+02
-5.529652583664542362e+02
-5.923653268232633309e+02
-4.928801497290521638e+02
-5.028138220356980241e+02
-5.920843782781538494e+02
-4.438589629902416505e+02
-5.608237991027094722e+02
-5.526234313764903163e+02
-5.879062629229456434e+02
-5.299604402597112767e+02
-5.152059438093497192e+02
-5.287405318155226723e+02
-5.136219110142446880e+02
-5.773144848111850251e+02
-5.520195522166696946e+02
-5.236096098417403937e+02
-4.989693620946066517e+02
-5.691586081150351220e+02
-5.873026573440492939e+02
-6.138058958235305909e+02
-6.713418584808130163e+02
-5.269505027551177818e+02
-6.032357482027572360e+02
-6.056073437049408312e+02
-6.556250174214592334e+02
-4.779288555522334718e+02
-4.791115132837349506e+02
-6.109606982660890253e+02
-4.711953064830377116e+02
-4.891598036102844844e+02
-4.675325358530268431e+02
-4.907868954620504383e+02
-4.363188080184482942e+02
-5.382607247337207355e+02
-2.351398385143691883e+02
-4.591711763188678219e+02
-8.248017696611717611e+02
-1.076387546679218985e+03
-5.372115290813019328e+02
-1.520243777908140146e+03
-4.759395749018618744e+02
-7.743548076077687483e+02
-8.159023446339821248e+02
-4.468162077721883634e+02
-3.680579615561028959e+02
-3.331008359856357401e+02
-1.021842295851403037e+03
-3.907124193181490455e+02
-8.172034515470866154e+02
-6.132185195830857083e+02
-9.600622789680485312e+02
-1.125231456372773209e+03
-1.739468843867449323e+03
-5.351808312075346521e+02
-5.895801584658479442e+02
-4.490671403746152919e+02
-7.201415283707517574e+02
-6.033709048963651185e+02
-6.465228714466028350e+02
-5.871234481533196004e+02
-1.145406985916601343e+03
-1.546044479150289817e+03
-7.132012689718636693e+02
-5.025543237305527100e+02
-1.284700329479415814e+03
-6.163071307437952555e+02
-7.362007713894234939e+02
-7.418325212287185195e+02
-5.644570881523131902e+02
-6.723155250950185291e+02
-5.581016364476977287e+02
-2.540476274754858423e+03
-2.712812776666110608e+02
-6.715558790148616026e+02
-6.965222010555023644e+02
-6.308583866299113652e+02
-6.506026005793141849e+02
-5.306908969282322914e+02
-5.608531134400395786e+02
-5.420005512894882713e+02
-6.185421763651843321e+02
-4.393860097175574424e+02
-7.231573295708701608e+02
-4.672843979527732472e+02
1.731056972400227494e+02
-2.387707068078116208e+02
-9.353464239994700620e+02
-1.618638782826787974e+03
-2.142219992757532907e+02
-2.676622088711558263e+02
-2.685398148558896310e+02
-1.868512055104916499e+03
-6.339171166776498012e+02
-1.510432496838796851e+03
-7.690249359794152042e+02
-1.100641639104864907e+03
-1.361105959912411890e+03
-1.254002730428313043e+03
-1.325777505887320103e+03
-2.108914501201817529e+03
-5.989153203964527847e+02
-4.261142726199502135e+02
-1.712991125350206175e+03
-8.824174494913122544e+02
-1.017791856887226118e+03
-1.581272011798517269e+03
-1.489893378237876277e+03
-1.534676125055165357e+03
-1.253008509386337664e+03
-2.327803668262125939e+03
-1.791796596957107568e+03
-2.106070806267955504e+03
-1.485573975511935259e+03
-2.124136817315086319e+03
-1.484130178578614732e+03
-2.689961689248467337e+03
-2.147661492293134415e+03
-1.397585019710783172e+03
-1.097564344488743245e+03
-8.290776395596866450e+02
-2.001164524153169168e+03
-1.908795741033133936e+03
-3.144294369212073889e+03
-1.721004589177430034e+03
-1.899631143050044329e+03
-1.235036015254144104e+03
-2.119744843150343513e+03
-1.434676232542971547e+03
-1.660508676278118855e+03
-1.733894302310815874e+03
-1.634042945322549940e+03
-2.032675785568492984e+03
-1.824729847842050958e+03
-1.583185372519125167e+03
-1.740201615823185875e+03
-1.037789799215282983e+03
-1.414537087019505634e+03
-2.157718389392132849e+03
-1.390160258786838085e+03
-1.678959054631659683e+03
-9.635201847880900914e+02
-1.644452423196545169e+03
-2.062539483361067596e+03
-8.663567251705050012e+02
-9.576292685210227091e+02
-5.600731028839689998e+02
5.886085891107044432e+01
-3.756225710165809915e+02
-6.191519988300233308e+02
-9.550596089500498920e+01
-8.277778842680615412e+01
-2.998395266914995432e+02
-1.223712863103852300e+02
8.333895070253775827e+01
1.368587386314405130e+01
-3.092045029197346594e+03
3.913220960058685804e+00
-2.083750504037063365e+03
-7.199917660723991730e+02
3.215362681578953357e+02
2.710597675914485194e+02
-1.575508182150272205e+02
-2.393472729785023390e+01
2.613071764468358538e+02
1.143482427207637642e+02
9.440440410460828957e+01
-6.040197279869521481e+02
2.793990947512688194e+02
1.603373786766235298e+02
-6.950118858922334084e+02
8.724282809981562536e+01
4.191707174122789752e+02
2.672392507867572249e+02
5.512375896440919405e+02
-3.442069938997238410e+02
3.264655793855171737e+02
5.871449519190903175e+02
1.897369225674966344e+02
-7.918438680594768186e+01
5.848714688427276087e+02
5.360853002794226541e+02
5.382649996720890613e+02
2.867047124186576639e+02
8.228530737901810426e+02
-2.849320293148002747e+02
1.010632223930366536e+03
6.137395161748713690e+02
9.311754385616931131e+02
2.276848656539981448e+02
8.418736841863566269e+02
-1.729721092611761151e+02
5.261381659590190907e+01
1.027973466036023410e+03
-6.544178402956035825e+02
-2.509573384944037855e+02
1.108262223515007236e+03
-8.439081749466951123e+02
-2.611477595221372212e+02
-6.212942896709288334e+02
-8.161724895961201582e+02
-3.484251953323486646e+02
-1.637314002906193195e+02
-1.682800848782271942e+03
-9.260351797175941329e+02
-2.254643592984795646e+02
-2.375924369022459928e+02
-3.169731574275847947e+02
-1.174277139615729084e+03
-1.166842996695066006e+02
-7.132727126466054415e+02
-8.017012564722123216e+02
-1.183347244490630175e+02
-3.872925395006409417e+02
-1.980852362000379401e+02
-1.047246234533096640e+03
-8.562817459060934198e+02
-9.404957787046284921e+02
-6.495780361894971975e+02
-3.009286541231622323e+02
-3.362021575914451432e+02
-3.387731753847113509e+02
-2.533857433311467844e+02
-2.625671322320806667e+02
-2.650246234306945894e+02
4.619976969019959370e+02
-1.719300403512432240e+03
-3.843384970223407322e+02
-1.089755475663627294e+03
-5.316094051900579416e+02
-6.535093175632500788e+02
-9.535749490865998723e+01
-8.374933208176946664e+02
-1.493389809955011742e+03
3.908651606638160558e+01
-9.707467855951573483e+02
-1.037560891062493738e+03
-6.412314756164010987e+02
-1.219646664987270242e+03
-1.042554929797924842e+03
-1.045983307466202859e+03
-8.577494609678690267e+02
-7.771916249005923873e+02
1.393996631179287249e+02
-1.542345988114762577e+03
-2.030901333878767048e+02
-1.254237126748520723e+03
-9.723915224929564829e+02
1.247180755167215466e+03
-7.994690569842886134e+02
1.013835234515624052e+03
2.379728599089162913e+02
-4.214558441821943688e+02
-6.232642552828215798e+01
-2.351804544916263922e+02
-8.663285902596197730e+01
-2.289358737781223567e+02
3.660642355780478852e+02
3.588780745426269618e+02
2.852691888014687720e+02
-1.226701165744999145e+02
-2.918729047638694283e+02
-1.454900142149814997e+02
7.744251373202055788e+01
-4.111531406061545226e+02
-1.399346191838894811e+02
3.415382269980063370e+02
3.130274049920246853e+02
5.702862925167306685e+02
1.994128215314225372e+02
-1.491291068719308214e+03
2.434809664041463861e+02
-1.412651713452137756e+03
-5.002365773641885198e+02
-3.872417995072444796e+01
-2.409584068433880930e+03
-1.618007822456166309e+02
6.305624013784304225e+02
-1.688712774354387875e+03
-1.803885361362527192e+03
-2.646871305437307001e+03
-2.569028677860033895e+03
-2.285951515561260294e+03
-1.239747491883180146e+03
-2.328873267140716052e+03
-1.354476750159985841e+03
-1.210680670685122095e+03
-1.862641323410906125e+03
-8.927947830621792491e+02
-1.450129882395203367e+03
-9.682710061696717503e+02
-1.057724125483607850e+03
-9.191840954704002797e+02
-1.803699314363039150e+02
-9.129125124382621834e+02
-7.606144326723899667e+02
-8.854171164358481292e+02
-1.740043786711843040e+03
-2.200389912065549538e+02
-1.206381554035588806e+03
-4.293468946389848497e+02
-9.361072347223182533e+02
-1.100114904527297540e+03
-1.561506594579497289e+02
-1.233998101559691349e+02
-2.403715799280089414e+02
1.962799632252517767e+02
-3.439028359178748246e+02
-1.835541172998912600e+02
-4.981570960818257277e+02
-6.822216636182110960e+02
1.032494810056052899e+02
6.365831588371553380e+02
-3.569568054394461569e+02
-3.136436235676205797e+01
-4.387522179345216955e+02
2.564400453151735064e+02
-4.964761142957991069e+02
-3.574444844688483727e+02
-6.759456948761674084e+02
-1.915344582653145267e+02
8.997434865143057436e+01
-1.628259270994547023e+02
1.543393309772883697e+02
1.963953391146457079e+02
1.633533379185223851e+02
-1.640812107014527896e+02
3.575164144649390323e+02
3.700031031787555094e+02
-3.658569017472009932e+01
-3.759292623504027233e+02
-8.904871473420415668e+02
7.530197836124283128e+01
1.741338359128358491e+02
3.708879528012225251e+02
1.955181562032571492e+02
1.022064118080104009e+02
3.870412493538446483e+02
-7.495035765948400694e+02
3.188425265302618072e+02
4.807562241889222605e+02
3.746351620459267906e+02
-1.098239330266423394e+03
3.908249849176073099e+02
6.185119290284109184e+02
2.056185140965405651e+02
-8.635264478980022886e+02
2.683169927029300084e+02
1.902500980367602210e+02
1.295996339042560237e+02
3.426772872826411458e+02
2.480851547008402918e+02
2.034413535228682690e+02
4.504445438461356161e+02
1.344978985133194840e+02
-8.286900741129475989e+01
-2.965527867970991593e+01
2.513957035717781423e+02
-1.761203703652854529e+02
2.835307205518947171e+02
2.256042630305845194e+02
-1.417358621366697946e+02
-3.951116665402931005e+01
3.450425484015286202e+02
-2.519201392771247185e+02
1.313390596977064320e+02
2.821545242675904319e+02
6.046867830783528461e+02
-9.020412703913640371e+02
-7.473046129610415846e+02
-8.883233604230863421e+02
-7.644562336823387341e+02
-6.848062996088641512e+02
-3.220077707455811833e+02
-1.031053406606653652e+03
-5.379892463196081280e+02
-5.869027831134656026e+01
-1.139902669156887669e+03
-1.168690677553618798e+03
-1.177849092869427295e+03
-6.478508203298155195e+02
-8.600070128659097008e+02
-5.672014598721291350e+02
-5.072864208801446466e+02
-1.192111210129283108e+03
-6.294229955716634777e+02
-5.669233662336082489e+02
-5.192536668702051657e+02
1.006704145226762535e+02
6.301242817391710105e-01
-2.838186499876217113e+02
-7.184206146012966201e+02
-3.771837271509168659e+02
-9.057051872177622727e+02
-4.684115431684982127e+02
-1.146170872604963336e+02
-5.997141128882362864e+02
2.346034401447664663e+02
-2.101836715443509718e+02
4.235355163161306677e+02
-8.917365021266231224e+02
-2.016752414487611418e+02
-2.936543588435339416e+02
-2.435619232965638616e+02
-1.825324333817811464e+02
-7.640238892924371612e+02
-2.984575823771372711e+02
-2.912460826148089836e+02
-2.919535605473282658e+02
-2.796185848431244949e+02
-1.229577432912687073e+03
-5.563536543552316971e+02
-4.425606589026542679e+02
3.748314773883095654e+02
-3.549444866661294213e+02
-4.011989970117202802e+02
-4.675244311791527707e+02
-4.086403008299270141e+02
-5.465101534515831361e+01
-3.507921996529729540e+02
-3.491888922108632869e+02
-2.006755617976913015e+02
-2.749875830624483797e+02
2.370858504903798121e+02
-2.354547795347301644e+02
-3.869967174104804144e+02
2.369597265737074281e+02
1.042578194646949896e+01
-1.018775661287626690e+03
2.235518693830019288e+02
3.589011354682752426e+02
-5.421313764818621905e+01
5.188968172764652991e+02
8.015826660533556947e+01
-1.479163513548946639e+03
4.354001561756972478e+02
-1.616097141752400148e+02
1.046558679700581251e+02
2.011836141345150963e+02
7.739359999767326599e+02
-4.947688040380523233e+01
7.107731670783988420e+02
-2.972349755285816855e+02
-1.802898920978396973e+02
-8.984455962478872380e+02
2.806845652272909319e+02
-4.444489286960427989e+02
3.273813663833068404e+02
-6.546448931890807899e+00
-1.138816312463074382e+03
1.994429136164935699e+02
9.867662494246831173e+00
3.585747217360591321e+02
5.391620125603815268e+02
7.953905098761599675e+02
5.019047568147486800e+02
3.651790517290986031e+02
8.864053671668830248e+02
9.111972995705061749e+02
1.595134676775041385e+02
4.629343973185515324e+02
5.941030370822222721e+02
7.044513238261977222e+02
6.762414371584339960e+02
1.203313120448954123e+03
1.020875516570398304e+03
1.065359610487926375e+03
7.358311780033321838e+02
8.919593460889764174e+02
8.240000827642295462e+02
8.868815408734601533e+02
5.669873291000744757e+02
8.704033015836844811e+01
-7.697272282552003730e+01
9.386764717774609608e+02
6.095726659798979199e+02
9.422136497480173603e+02
3.957937136767300217e+02
6.125305489745592240e+02
7.292625523911370919e+02
-2.484720442555136799e+02
5.202462339739322488e+02
4.425872004047996029e+02
8.694655029555733563e+02
1.158684234242232833e+03
8.123069051689512889e+02
8.156842150746867901e+02
8.424057742310824324e+02
7.668792988210732346e+02
8.517361949748554935e+02
8.319689381361406504e+02
6.211237608473643377e+02
8.229761743878207199e+02
6.838165962057797742e+02
8.681607339108641099e+02
7.107372220711366708e+02
7.391469390789347926e+02
5.645912423745744491e+02
4.027164784737935861e+02
6.677198907421045533e+02
4.903024659469604103e+02
5.491189784296057042e+02
6.424424091263313130e+02
7.105913029120075635e+02
2.717069938123246970e+02
4.534120553908262536e+02
5.040205379004050883e+02
5.662262012572666663e+02
4.210675027743658347e+02
5.217332013407893783e+02
4.007230644431039650e+02
1.736349962865836005e+02
5.345930857243174614e+02
6.471847459711289048e+02
3.879288807832779753e+02
5.979338528553982997e+02
4.163157276961518392e+02
3.110607133649055527e+02
4.760045779335179077e+02
4.025509159554992493e+02
6.520996453545525355e+02
4.672136673783561491e+02
2.698252132497402727e+02
6.662062063819967079e+02
4.708245708358621187e+02
5.764573640310730980e+02
6.375512538439518266e+02
3.729569349428430769e+02
9.213170884716541877e+02
5.658055098115470400e+02
6.534478697538066854e+02
3.367863316925364643e+02
6.421855123948492974e+02
1.089644976354080086e+00
1.805667394547473918e+02
5.160713896932771831e+02
5.610209657915078196e+02
3.607393437864227508e+02
-2.647437053395656221e+02
2.622702499407236019e+02
-1.327505448998379620e+02
-2.826224607442685510e+02
-2.634508456884511247e+02
-3.252393330487853405e+02
-3.414221714831443251e+02
-5.379352550842561413e+02
-7.036855960629844731e+02
4.257775901697258405e+02
-9.239236992302958242e+02
-4.451471090030846653e+02
-1.105744342390885777e+03
-1.379388403993382326e+03
-1.388380638396729864e+03
-2.218742392749675219e+01
-8.908659828012773119e+01
-1.312831343276369807e+03
-1.261390168889081224e+03
-1.532983096079076176e+03
-3.391206585474041901e+01
-9.939344905789823770e+02
-2.433712854650148074e+02
-9.191643944317431760e+02
-6.819968789994231884e+02
-6.897035564241585917e+02
-3.418712836338778516e+02
1.992145748762145274e+01
-7.754610839214723228e+02
-8.476327707661970408e+02
-5.824835896822053201e+02
-1.803793193774810675e+02
-1.280450669441123068e+01
-6.541130165821637092e+02
2.011951020840597835e+02
-1.398595990554428909e+03
-3.608863421052606668e+02
-6.648856062372146880e+02
1.546243015021902352e+02
5.835930246152548762e+02
7.249463192225363173e+01
2.943255464761587064e+02
8.740534027228243303e+02
6.533065577999764173e+02
8.267631220103858141e+02
4.445913092036863645e+02
4.934189652502702188e+02
5.406409629915224286e+02
7.794149058775502681e+02
7.983090210080752058e+02
5.860860120608136867e+02
4.914768617955354557e+02
8.657526637347684755e+02
8.061089107998126337e+02
7.029456460072246955e+02
8.411723435272496090e+02
8.753453850277948050e+02
7.591328201975037473e+02
1.005890792226781286e+03
6.817465820854877165e+02
8.851768179715297720e+02
8.708002784888594761e+02
9.344540789701370613e+02
8.503450217049810362e+02
4.564796859616496363e+02
9.336390012546781918e+02
9.227502442494896968e+02
1.127105704910917439e+03
7.631231297143655183e+02
6.127693490024507810e+02
1.225755557624122503e+03
3.576511022193545841e+02
6.434077954799819281e+02
7.577424636596787195e+02
6.957738852927334392e+02
9.253611323106551936e+02
6.125265693553969868e+02
3.283300364482337841e+02
2.560852495380802338e+02
3.029803960576021495e+02
6.367173471119862143e+02
4.968832203773669676e+02
6.826601853964280053e+02
3.984896553192746183e+02
3.722948188100974676e+02
5.904475238450979759e+02
6.879968455946464019e+02
9.259667799851775953e+02
9.568994071857564450e+02
7.073917106557271381e+02
6.716435637259860414e+02
6.376171947036054917e+02
5.275207741201679710e+02
6.830250198343811689e+02
6.069611709440364393e+02
5.949720148414796768e+02
6.575950141626757386e+02
8.418056893839024042e+02
4.101005422958927511e+02
8.830273680661125582e+02
8.823800967372080777e+02
5.114656874078002033e+02
9.497950360399097463e+02
7.571369812454164503e+02
6.597451191109032607e+02
6.088399528570945449e+02
6.174967411832122934e+02
8.301740964690899318e+02
8.684083269710380364e+02
6.146337195574594716e+02
5.153125602600538286e+02
7.234962096332772035e+02
7.287220285836231142e+02
4.390945897940362102e+02
4.664250535896608199e+02
6.474403261902850772e+02
6.104607252793274483e+02
5.125564927018067465e+02
6.374982581274846325e+02
5.275106503941799474e+02
9.682974726318184366e+02
8.667187812738488901e+02
4.637510073300952058e+02
7.244759168928634381e+02
4.965752641210434035e+02
4.024404693916205815e+02
7.363424987489274827e+02
7.039691658283368270e+02
2.265746035069657864e+02
6.443230918891428018e+02
8.599442758584524427e+02
7.303289619003134021e+02
7.834351255909284646e+02
4.923377545807488787e+02
8.538858845617025963e+02
6.460330150108486578e+02
1.047281819176803992e+03
8.623003844492101280e+02
6.109597921477593445e+02
9.363545036804295023e+02
1.073501722306311194e+03
7.358608947465704659e+02
1.022846231637352275e+03
1.024551839746204223e+03
7.679700790569739866e+02
8.385911338500536658e+02
9.988884618844159604e+02
2.084052146052097783e+02
1.201390201820660195e+03
8.601933017378112254e+02
7.176264888661625037e+02
7.225171480967600246e+02
7.356766891637514618e+02
1.251403047351347595e+03
9.485456279882965873e+02
9.684400057839729925e+02
7.759792556407917345e+02
9.566436814000560389e+02
7.716129873608094840e+02
9.809699148561675202e+02
1.094283838270009483e+03
9.956409763785458154e+02
9.679551708891842736e+02
1.167007826115903754e+03
1.102665894670856460e+03
1.242213659877933878e+03
1.232945752247934706e+03
1.288974556026140590e+03
1.164711849920540089e+03
1.281554452593158430e+03
1.224414935465235658e+03
1.174466180289457725e+03
9.675234501042876900e+02
1.075769551538383666e+03
1.362367717577698386e+03
9.989440618237981653e+02
1.076665278281235715e+03
1.230731719685610187e+03
8.742248125223711668e+02
1.223410549144111428e+03
1.178942355122384697e+03
1.363270349808112996e+03
1.419510951629790043e+03
1.351146074395899859e+03
1.290909094931661002e+03
1.415769359918030887e+03
1.196482635952948840e+03
1.139981132351977749e+03
1.119633805915129415e+03
1.203496535566617922e+03
1.309317786951040944e+03
1.072098283279441375e+03
1.300925989206627946e+03
1.387772152276220140e+03
1.306736198316768196e+03
8.589732075780274272e+02
1.199306882311442678e+03
1.337904585571412099e+03
1.067444524858141676e+03
1.224512745028500831e+03
1.046571790705944295e+03
1.112499927904785864e+03
1.425646636634993001e+03
1.109469721649582652e+03
9.001746874573987043e+02
1.080289402900414416e+03
1.231237627505662886e+03
1.202378458122993379e+03
1.270866701684516784e+03
1.173373057714845345e+03
1.194450980112254001e+03
1.048815869686730593e+03
1.279574839952908860e+03
1.392160116264847375e+03
1.083941980844266482e+03
1.106657137657337444e+03
1.143563286322759041e+03
1.048362454634484720e+03
1.147154810518936983e+03
1.176097744826623966e+03
1.106060109292291145e+03
1.250802261489081957e+03
1.160545794007348604e+03
1.269632871598786096e+03
1.226225928746571299e+03
1.225279157393460537e+03
1.301017953592130652e+03
1.365107999978690259e+03
1.346889202021078290e+03
1.130741708521546570e+03
1.380486004596896464e+03
1.561967113780697673e+03
9.396346861685909744e+02
1.442815325297052368e+03
1.281432857495804910e+03
1.126125223987692834e+03
1.192605034939269217e+03
1.184743023159556515e+03
1.201727780135905050e+03
1.368028707688377835e+03
1.177767631072814538e+03
1.120583906988362742e+03
1.087559886171630524e+03
1.012893334192395741e+03
1.401474629581835416e+03
1.304268881116924831e+03
1.251992015828712283e+03
1.413847420034411243e+03
1.351255217372530751e+03
1.337268922137993968e+03
1.282933934518235674e+03
1.213730614994804682e+03
1.336000433827527786e+03
1.268104705641412920e+03
1.218287548890649987e+03
1.491265602876294224e+03
1.249634021489096085e+03
1.334479328249411083e+03
1.394935638119783562e+03
1.151629160943352645e+03
1.247256367674496460e+03
1.283534328482116962e+03
1.172200613441762698e+03
1.312755755499611951e+03
1.225240036038648896e+03
1.171220636876138997e+03
1.123268498647020124e+03
1.157772899974996562e+03
1.224896943282415350e+03
1.093925348767783589e+03
1.142662079135067415e+03
9.786559404626036667e+02
1.168957030201188672e+03
1.259132300736978777e+03
1.359672422717401332e+03
1.326597291126764503e+03
1.306064033904651524e+03
1.458768243740353455e+03
1.195507657345677444e+03
1.147666080967554990e+03
1.387807480100705334e+03
1.312208599272982383e+03
1.288512966755923117e+03
1.375157745623558412e+03
1.124079052730345438e+03
1.472108439846942247e+03
1.223542469445740608e+03
1.371227933532780753e+03
1.253165995493359787e+03
1.217932342363049656e+03
1.467970473792241137e+03
1.485880357928906506e+03
1.096076675344503201e+03
1.178248080475505503e+03
1.278179123755739965e+03
1.047668015395483508e+03
8.568061393659966143e+02
1.336000755897039880e+03
1.207241388609726982e+03
1.127920788925188617e+03
1.370289732147698487e+03
1.185634212021563371e+03
1.317271289399087664e+03
1.154805063561632551e+03
1.208914649598541928e+03
1.337859067227012019e+03
1.175575952083860102e+03
1.471338864238693532e+03
1.455221706165704973e+03
1.173688938155984260e+03
1.279545928351069961e+03
1.242055822767690415e+03
1.135801610792996598e+03
1.257451348373506789e+03
1.347384162231543769e+03
1.381677846524824190e+03
1.462551128780265572e+03
1.226629909372738439e+03
1.207942201080209998e+03
1.365335759196828803e+03
1.315023253284707152e+03
1.288973251698276499e+03
1.448728160086609932e+03
1.305043869216071698e+03
1.225210517627828267e+03
1.215113094774382262e+03
1.334879433548220049e+03
1.417709297133473228e+03
1.303442483712692592e+03
1.287188895451518874e+03
1.234311578238874290e+03
1.458946824839339797e+03
1.288879926440354211e+03
1.378690903989269827e+03
1.171711247465977976e+03
1.357100144757058843e+03
1.286953733351074789e+03
1.458203757403903865e+03
1.397574914912991744e+03
1.450570007857296105e+03
1.494877225472274176e+03
1.258571316792336802e+03
1.526726049050513211e+03
1.341092894849158256e+03
1.319920048756295500e+03
1.396418990073978648e+03
1.246777285650792237e+03
1.297108042795885922e+03
1.296240582002283418e+03
1.299556012950476088e+03
1.198238136341272821e+03
1.362201807191951730e+03
1.332875218668551497e+03
1.348541420612776392e+03
1.067237182514195410e+03
1.489227930366218970e+03
1.490681693978364819e+03
1.414423340416893552e+03
1.279418045316480402e+03
9.400415362270130117e+02
1.344802465678034878e+03
1.386644491999798447e+03
1.406214177493832949e+03
1.305055350874732085e+03
1.303914320625542132e+03
1.151105277896983353e+03
1.416704042300551009e+03
1.153014344832768302e+03
1.124966451983867501e+03
1.262615691935177438e+03
1.352545972194810474e+03
1.315497315564331075e+03
1.262990058946962790e+03
1.322160425321240382e+03
1.075946168045017885e+03
1.030198481082495618e+03
1.188990162825752805e+03
1.345505042008232294e+03
1.159483093731933195e+03
1.343172228960177563e+03
1.463872564430185776e+03
1.316602714114821538e+03
1.478774149194117399e+03
1.275283703210254771e+03
1.229172199014259149e+03
1.582533092815507416e+03
1.326903692730987132e+03
1.314353137334959683e+03
1.287168721724822944e+03
1.233405107329938573e+03
1.341181068522608257e+03
1.243486641490751936e+03
1.123859217565595372e+03
1.094644382702705570e+03
1.129721724345199164e+03
1.276865467986528529e+03
1.297025345921497546e+03
1.191196730821179244e+03
1.422025316631631767e+03
1.441897403207549360e+03
1.284364197776945048e+03
1.330532321469402177e+03
1.239277900396132281e+03
1.264160890895042030e+03
1.478357945228020526e+03
1.326269488165390158e+03
1.270932646694773894e+03
1.409864596285898870e+03
1.231637546590389093e+03
1.260730461599706359e+03
1.269786587575331623e+03
1.214095711637738304e+03
1.440733547159843283e+03
1.414178917344055208e+03
1.217774314934237736e+03
1.372353878206056606e+03
1.367449988321411183e+03
1.213718130051649041e+03
1.250069437192015812e+03
1.114978562485222710e+03
1.410150713360561440e+03
1.320577707084200256e+03
1.411132053585309677e+03
1.351783816981091150e+03
1.568130311517854580e+03
1.371458644003197605e+03
1.464404155340150965e+03
1.303520832593229670e+03
1.082869102806971114e+03
1.480903454286803935e+03
1.401207832489697466e+03
1.285239515081549143e+03
1.343177299398023251e+03
1.428403131779936984e+03
1.315629417968114240e+03
1.336073052964070939e+03
1.198272980354321817e+03
1.361043785085750869e+03
1.173806821154909585e+03
1.212891518138345191e+03
1.232546011107456934e+03
1.216013972057386809e+03
1.250244103670294862e+03
1.345957333670379512e+03
1.544028341103811954e+03
1.395071644049892257e+03
1.368473773088177268e+03
1.210500101029532516e+03
1.439636152489917549e+03
1.186560714764127169e+03
1.283269222507540462e+03
1.382553011190396774e+03
1.226418296640885046e+03
1.320014507071774688e+03
1.341707455981337716e+03
1.288966361198511095e+03
1.200449876260991914e+03
-7.190688353060720601e+02
1.309357006477985578e+03
1.436094994533043746e+03
1.262515376334310304e+03
1.191562106872378081e+03
1.227140103034129424e+03
1.318775786245295421e+03
1.235190917364501047e+03
1.375254394296568762e+03
1.264065854689165008e+03
1.434154135671342829e+03
1.263189271224700178e+03
1.305716830074315340e+03
1.372088772903558265e+03
1.308706896681572061e+03
1.359562867619293911e+03
1.317935850215469600e+03
1.306832294106725840e+03
1.550946771113547129e+03
1.371265107494144559e+03
1.559297638033370276e+03
1.480493200054751014e+03
1.383109769671038066e+03
1.528527947128443657e+03
1.373470718659907334e+03
1.256803753959789447e+03
1.156308560105521792e+03
1.425561331884833635e+03
1.225184840990170187e+03
1.419245840691044805e+03
1.220680021044317982e+03
1.641523547201627707e+03
1.161726573659186897e+03
1.429121326602328736e+03
1.346873373190907841e+03
1.326891272621340704e+03
1.484341990093483446e+03
1.268119245101273464e+03
1.328714671996458037e+03
1.414000233541569742e+03
1.401379583183575050e+03
1.477636434230585792e+03
1.380669063689971608e+03
1.365950903171862137e+03
1.452598789847209673e+03
1.416704270353093762e+03
1.243527330002257486e+03
1.378803342941174151e+03
1.493461087990247734e+03
1.480603534016558569e+03
1.232959185720139430e+03
1.364897911380317510e+03
1.319202967845008516e+03
1.436554274938865774e+03
1.403641412910790677e+03
1.475141597757180762e+03
1.576207338139096919e+03
1.359081599440134141e+03
1.389693509219675207e+03
1.553976051681343051e+03
1.518787695487755855e+03
1.309370258925247981e+03
1.536948968058169385e+03
1.349866147839961968e+03
1.479736603030153447e+03
1.258452766133057139e+03
1.386722979111747009e+03
1.604233696627057725e+03
1.508453997184573836e+03
1.546192182685523903e+03
1.435729227827624982e+03
1.528016732925224915e+03
1.290358736441789461e+03
1.373509757528253431e+03
1.492423305770654224e+03
1.533015145728087873e+03
1.568699028113497889e+03
1.581615690629739902e+03
1.522277498004849804e+03
1.440788412757932292e+03
1.207590420409116177e+03
1.287770003583375001e+03
1.304108252040589832e+03
1.466146384210388533e+03
1.368346246922377759e+03
1.552132838239214834e+03
1.606387447924895696e+03
1.317456327437755590e+03
1.502152184979640424e+03
1.445147079947693101e+03
1.339911355218385097e+03
1.505539747799665747e+03
1.248946913477084763e+03
1.436337410968850008e+03
1.289933584768567243e+03
1.270231723751308891e+03
1.328790725955974040e+03
1.469059379729820193e+03
1.402332545355548973e+03
1.470523159766634080e+03
1.451415941512836525e+03
1.495309329424690304e+03
1.429517012748225397e+03
1.558887897949892704e+03
1.477955577209101193e+03
1.581086845718005861e+03
1.435475576251016037e+03
1.447196403138154892e+03
1.247929569995199472e+03
1.379837412907043927e+03
1.302363073872464156e+03
1.378364143542068177e+03
1.445216419537983938e+03
1.500604985225197424e+03
1.210098549569249144e+03
1.397809177149646530e+03
1.311484869735973689e+03
1.234610940881116903e+03
1.143492904209075505e+03
1.591367772662351854e+03
1.196569503560326211e+03
1.230396976960610345e+03
1.380634897051016878e+03
1.164286155937628791e+03
1.180432054253953993e+03
1.453847610441274583e+03
1.433036529156086090e+03
1.303580231762027779e+03
1.359217344114949583e+03
1.285082978187137542e+03
1.348069967534734133e+03
1.415766359540724352e+03
1.245957999146409747e+03
1.203852901737619050e+03
1.455365096664393150e+03
1.396990982394692310e+03
1.299352012854541499e+03
1.288547432935802135e+03
1.356957925368129281e+03
1.327930883078447778e+03
1.436342895422573747e+03
1.436745458907526199e+03
1.392683947766382744e+03
1.253173952017934880e+03
1.339316752264959177e+03
1.357676050081358653e+03
1.284530766785533160e+03
1.555016619751733515e+03
1.315802359889092259e+03
1.415720968513834123e+03
1.456256757766558167e+03
1.457556209176228322e+03
1.336478593485247757e+03
1.476564739759201984e+03
1.426740017476475032e+03
1.311129530642905138e+03
1.248829715928309497e+03
1.436989156012000649e+03
1.301978715883381255e+03
1.215666131557844892e+03
1.489266376691659389e+03
1.136106040388246129e+03
1.533328296692154254e+03
1.268030718486375235e+03
1.466720170592529939e+03
1.308724353989593283e+03
1.466772009582728515e+03
1.209497793366205769e+03
1.454781845836873117e+03
1.355712648063859888e+03
1.137529827804113665e+03
1.537919237382490110e+03
1.442040351513925998e+03
1.298725525177031841e+03
1.197015574877078052e+03
1.337311807912992435e+03
1.399953354820295317e+03
1.361020864020277941e+03
1.360499351135840243e+03
1.420241721171270683e+03
1.365199946522035134e+03
1.566567238589705312e+03
1.392420115002360717e+03
1.452253898460512119e+03
1.407767535716849352e+03
1.398223388532599301e+03
1.383161706868674401e+03
1.341054348156169226e+03
1.409930623034127393e+03
1.406986049208259828e+03
1.516374017635715973e+03
1.485491237941243980e+03
1.358725227651616706e+03
1.579136032241964131e+03
1.463953290932226992e+03
1.339531398297738178e+03
1.275912328486164824e+03
1.466223283606929272e+03
1.488113841461258062e+03
1.354537070996067769e+03
1.302357503996234982e+03
1.288531177669495492e+03
1.444944614278024346e+03
1.631098010584487383e+03
1.575596032963615016e+03
1.581839073261470730e+03
1.351143808056549233e+03
1.511504433252028548e+03
1.361325438337102014e+03
1.528411684619847165e+03
1.274613141549416014e+03
1.447292149539618549e+03
1.347277717174452164e+03
1.521363118089771206e+03
1.443042836933634135e+03
1.443029813597556767e+03
1.222994109318758092e+03
1.355815253458330062e+03
1.257945683616875385e+03
1.267970826154689576e+03
1.438006647359981798e+03
1.145539542136768659e+03
1.233493126087714927e+03
1.428550767801031270e+03
1.204773411402888541e+03
1.291238642242467222e+03
1.516649685266478173e+03
1.479145495145221048e+03
1.370711492403635475e+03
1.280404171302119266e+03
1.464221545808051360e+03
1.480354652477636819e+03
1.407417415715024390e+03
1.391104037039666082e+03
1.357773961995309492e+03
1.539026533960174220e+03
1.394582120408113724e+03
1.380295281289356353e+03
1.476421827804342001e+03
1.486432447521541917e+03
1.492321015982794279e+03
1.436400675538043060e+03
1.415644310779542593e+03
1.684967062886248186e+03
1.676734164064278048e+03
1.710348470605852754e+03
1.439472871031787690e+03
1.464553030012548561e+03
1.518160820782782594e+03
1.437315921593629355e+03
1.613496500473958349e+03
1.423276768917978643e+03
1.400668754567392398e+03
1.263302000890248792e+03
1.453501008102022524e+03
1.562890835263703138e+03
1.375364186156730284e+03
1.438822567279907389e+03
1.585402601472466358e+03
1.474048243849908431e+03
1.276844682125666168e+03
1.652502961007292242e+03
1.540552654268096830e+03
1.739125132838435093e+03
1.402971876905103045e+03
1.787734024200826298e+03
1.649963114235426019e+03
1.764906957000978764e+03
1.883347143810360194e+03
1.721705312182126363e+03
1.829190384592430746e+03
1.653988498936431142e+03
1.792522737825252307e+03
1.693189850067618863e+03
1.637169582841876945e+03
1.719433863801026291e+03
1.838800915225944891e+03
1.647469333439667253e+03
1.647696541006727102e+03
1.760950676474547208e+03
1.776515618182978869e+03
1.636015541066308288e+03
1.769834610389483032e+03
1.804630615890702302e+03
1.881161820593600169e+03
1.749958184594144768e+03
1.857107627285840408e+03
1.574248618555788426e+03
1.623945006050890470e+03
1.557801076550573271e+03
1.723292092859550621e+03
1.551294674736326442e+03
1.826297699479064931e+03
1.761790629313598401e+03
1.800166255661221840e+03
1.923568134544104851e+03
1.769260619052667153e+03
1.745364903419473876e+03
1.658568701004867989e+03
1.781069437595850104e+03
1.380484168065094082e+03
1.636009937415212562e+03
1.593044724276898478e+03
1.520196994856776655e+03
1.667565198683548488e+03
1.450816847832508074e+03
1.622472859447780138e+03
1.743034976939068429e+03
1.851262582782961545e+03
1.635734954171007757e+03
1.617273644802700801e+03
1.413157152547606756e+03
1.560336786198858135e+03
1.665157251368137850e+03
1.571126116259427818e+03
1.698217852513755361e+03
1.675657363593773198e+03
1.606443546981633062e+03
1.680885330413439306e+03
1.723396612145801555e+03
1.586158589486802839e+03
1.767107179720536124e+03
1.334165589065911036e+03
1.704832837909085356e+03
1.581101370140063182e+03
1.472654553274814589e+03
1.564079177063927318e+03
1.702476899869188856e+03
1.513536277911606248e+03
1.706009361844146497e+03
1.379821524363184608e+03
1.306000895075268545e+03
1.430121140478600864e+03
1.428953631437269905e+03
1.545247160885547146e+03
1.503559254744282725e+03
1.320998773334880752e+03
1.370456868220427850e+03
1.398399565493573618e+03
1.543124840714132006e+03
1.564494087217836068e+03
1.414809291329569987e+03
1.382780017613094742e+03
1.418446120385474842e+03
1.462932388766817212e+03
1.544164751432052071e+03
1.492830333964264128e+03
1.296335290194482695e+03
1.480753924926964146e+03
1.473230850869360665e+03
1.526468616923578793e+03
1.561403727268028206e+03
1.487803227583669923e+03
1.341495728450011029e+03
1.559101877009811915e+03
1.212253399144548439e+03
1.401751831734128245e+03
1.453931261696603542e+03
1.428538720148141010e+03
1.442788218847697863e+03
1.434204247066541257e+03
1.391970262749021231e+03
1.495344777783716381e+03
1.322651492536013166e+03
1.432817150975449067e+03
1.539294587789481966e+03
1.484146272584613143e+03
1.386107413632719727e+03
1.604818876632686624e+03
1.330760848977818341e+03
1.263003977016332101e+03
1.360493957636163941e+03
1.461120390865870604e+03
1.574027226611852484e+03
1.489359092279390325e+03
1.366382483723124324e+03
1.376565341572093757e+03
1.562756941279962575e+03
1.381239820228284543e+03
1.351257356172055552e+03
1.466543077555611944e+03
1.472769575770726988e+03
1.399597248194272879e+03
1.281820427553396257e+03
1.416105813974555304e+03
1.472895041754440172e+03
1.610721921072162331e+03
1.514420211690245196e+03
1.526560256962203084e+03
1.412906157491054728e+03
1.520952152510524456e+03
1.456775757484389715e+03
1.546499976210747263e+03
1.465020018595429065e+03
1.517528350761072943e+03
1.574265337171220381e+03
1.433786982810662039e+03
1.639759555593948789e+03
1.484321063363996927e+03
1.500044912291957189e+03
1.572292700708447910e+03
1.619485515488617011e+03
1.611541029411811223e+03
1.500564237559453204e+03
1.527685934876854162e+03
1.548386484723299191e+03
1.537758384842446276e+03
1.575328001249999033e+03
1.432567335448403810e+03
1.502598499717484401e+03
1.612049353985164771e+03
1.466154349617811249e+03
1.748365798597217690e+03
1.568248176228559259e+03
1.480663822860563869e+03
1.522620808956437486e+03
1.560404576476581951e+03
1.474524277928212996e+03
1.670256171699277502e+03
1.503114900204553351e+03
1.332605345294525705e+03
1.490691188870300493e+03
1.532879045147835768e+03
1.501194868258418637e+03
1.385981646002628167e+03
1.707290434114042228e+03
1.654611875970414985e+03
1.599458877536641467e+03
1.537504804589637160e+03
1.570282690379924134e+03
1.614629810442888356e+03
1.670324187889074437e+03
1.451367467117676370e+03
1.653311444858662298e+03
1.449204570640232305e+03
1.668365416061676569e+03
1.608507452745518322e+03
1.616124790961815961e+03
1.677407741099988925e+03
1.638194652464513183e+03
1.501478849898507633e+03
1.512274603562370885e+03
1.717536329363606001e+03
1.657058213784581312e+03
1.466449901130503349e+03
1.642591599638533353e+03
1.474414887952997560e+03
1.648041856723061301e+03
1.424980191341010368e+03
1.670495632367935741e+03
1.673692704901595334e+03
1.491587189475819741e+03
1.689163574904469669e+03
1.638237919697521875e+03
1.600622780104384901e+03
1.535833903296995231e+03
1.583675647891927838e+03
1.601739344251046987e+03
1.713339965082829394e+03
1.655101018717176203e+03
1.638877554022223194e+03
1.686981520183106568e+03
1.758837866758889277e+03
1.609612516503015968e+03
1.670333424422624148e+03
1.556142120865052902e+03
1.621249383543484100e+03
1.517565083999004855e+03
1.581424241529409073e+03
1.654650464490114700e+03
1.653047617967771885e+03
1.797268921201323337e+03
1.650305536922769306e+03
1.706427481536817140e+03
1.608336719695935699e+03
1.673796088262314470e+03
1.704288014523215452e+03
1.696092072423596164e+03
1.700525303779142860e+03
1.533246866382569124e+03
1.740878393409828050e+03
1.585125114361000215e+03
1.781893185804381801e+03
1.566221133531813848e+03
1.703102337727823397e+03
1.590768536376618158e+03
1.705529780864743316e+03
1.751447345975310782e+03
1.651807937828147260e+03
1.582648439556109452e+03
1.763142686135276563e+03
1.603353087787689446e+03
1.697401081197755502e+03
1.689463018344942157e+03
1.576322474060324566e+03
1.658694810912953017e+03
1.724728760777723892e+03
1.748621278855333458e+03
1.684820056765361869e+03
1.859089123398725860e+03
1.646576718020010730e+03
1.781523690347195270e+03
1.617677143575746868e+03
1.698084939636035415e+03
1.648094924614023512e+03
1.638117459272420774e+03
1.604561004462690562e+03
1.595298179385973981e+03
1.727640743111173606e+03
1.576046808377613615e+03
1.661409925991009004e+03
1.591914807070529832e+03
1.544766960009147397e+03
1.693968032822889654e+03
1.799005394587285082e+03
1.782087981622318011e+03
1.655262328572917568e+03
1.624796269693993963e+03
1.660549076263208008e+03
1.786987629362170537e+03
1.782361065043012786e+03
1.634319998938317894e+03
1.727422237330419648e+03
1.671749468155864406e+03
1.801609297432468338e+03
1.670688745977424787e+03
1.645221031244833512e+03
1.430706903733216677e+03
1.584110069403872785e+03
1.788791748392432282e+03
1.720213234327137570e+03
1.738408034938041510e+03
1.671068724206633078e+03
1.606791927363314926e+03
1.759427911370028596e+03
1.579035890682059517e+03
1.629451205692180110e+03
1.616572740560889542e+03
1.586312959625573512e+03
1.593636567469133752e+03
1.617215422000971103e+03
1.520494524423221037e+03
1.597942607116806812e+03
1.625349382484527268e+03
1.581540591590587837e+03
1.525626375452293360e+03
1.713463134292781888e+03
1.639513366870792652e+03
1.620188089447352695e+03
1.642589807339198614e+03
1.577381137762256458e+03
1.734113722003323801e+03
1.679515519788197253e+03
1.552253338800941265e+03
1.717074871480627507e+03
1.658818179284262897e+03
1.482070042243759190e+03
1.749259719372084419e+03
1.786749977426661872e+03
1.669766008748159720e+03
1.547663653024459336e+03
1.656702938682508375e+03
1.638410923037578641e+03
1.590659535462407121e+03
1.712019000949537940e+03
1.646331305984709388e+03
1.741852352658125255e+03
1.581513769406939900e+03
1.728985883606610741e+03
1.681304875982339581e+03
1.528371694488503408e+03
1.662469015418186927e+03
1.581802726654569142e+03
1.659440760276737365e+03
1.741538447352412049e+03
1.561476885888805555e+03
1.658080113052331399e+03
1.570159131120252823e+03
1.569942025994386768e+03
1.770710281655921108e+03
1.651657382655307174e+03
1.751150670040568684e+03
1.763115645277270914e+03
1.799722527613909051e+03
1.658173302031699905e+03
1.544618112386771145e+03
1.735181299032228708e+03
1.562400499586415208e+03
1.756781624129528382e+03
1.630432463733592158e+03
1.599883631594795361e+03
1.716331864915016467e+03
1.631665245823477335e+03
1.533039220312491125e+03
1.703580092354361113e+03
1.637729069475424694e+03
1.592743219396300447e+03
1.476597455036321435e+03
1.673987480503924417e+03
1.780619590492095767e+03
1.602020812370754356e+03
1.657649062276497489e+03
1.537895018633040991e+03
1.535216917848825460e+03
1.559300479059431382e+03
1.633808037990291723e+03
1.535618534458229760e+03
1.662621672533226956e+03
1.674100698985637791e+03
