-2.317926996074724684e+03
-6.691514809150526162e+02
-6.462473931690930158e+02
-5.987909744994577750e+02
-6.447264825770004109e+02
-7.655880225852521335e+02
-5.211951593747379547e+02
-7.909260083011882898e+02
-6.744800086220730009e+02
-4.641741837236999686e+02
-6.940519312598547685e+02
-5.585295587532169748e+02
-5.521778652544976467e+02
-6.762494307490026131e+02
-6.198753929138356398e+02
-5.855435768410209221e+02
-5.617735460501528451e+02
-7.136142228944117960e+02
-5.922848529734060321e+02
-5.398809718450349919e+02
-6.318116094583078848e+02
-7.524438068140918858e+02
-4.298730906389625943e+02
-5.851486669547361998e+02
-8.540454631924485511e+02
-6.293523571493476538e+02
-5.706807351299273705e+02
-6.416633730026845797e+02
-4.663199508492803034e+02
-6.286254352577947202e+02
-1.045757415785506055e+03
-7.436858663633898914e+02
-5.139243248897355443e+02
-5.881536445881484951e+02
-5.234709807990722084e+02
-5.353229867402034188e+02
-5.003540870005089118e+02
-7.617294736275888454e+02
-6.218621385870224003e+02
-5.862437775671612599e+02
-6.231834852569951408e+02
-4.803803034069094338e+02
-6.147111932156242347e+02
-5.277204350669260293e+02
-5.483404828774371254e+02
-6.421828940324014638e+02
-5.080294554711012438e+02
-7.353658807342608270e+02
-1.155331338457758193e+03
-1.052866166866366484e+03
-8.716401997366106116e+02
-9.738897549313752506e+02
-1.195509560568306142e+03
-1.417639133533325321e+03
-1.112707702702721463e+03
-9.747267077184163782e+02
-9.962932475180612073e+02
-7.689873764846017821e+02
-9.822569995024290392e+02
-1.138909797136500401e+03
-8.728976883343378859e+02
-1.042996141860981879e+03
-8.966810712131474475e+02
-9.381080781591138020e+02
-8.376632743186351036e+02
-1.148703893555347122e+03
-1.044459617754637748e+03
-1.120006987596763338e+03
-1.206269159136752705e+03
-1.251514137197436412e+03
-8.897969848519973084e+02
-6.785093229953583887e+02
-8.370343154803932748e+02
-1.223431413902323584e+03
-6.678926427306295182e+02
-5.878566022629715917e+02
-1.033643917596048141e+03
-1.149835392452584983e+03
-1.284229994259485920e+03
-1.229037932973219085e+03
-5.626240751556515534e+02
-7.455462642924512693e+02
-5.448372110434382876e+02
-4.819105718953643418e+02
-1.239397804710102037e+03
-5.879929335691651886e+02
-1.872874732186911615e+03
-4.701026895652898929e+02
-6.056820645944405896e+02
-1.224253143845541672e+03
-6.555152143562411311e+02
-5.168688070358847426e+02
-1.239199045718130265e+03
-6.501118399162152173e+02
-5.287883321017354774e+02
-8.267767057245744127e+02
-1.600585837665891631e+03
-1.579223896467285044e+02
-4.151612216564666369e+02
-3.454113735151769333e+02
-1.558335337845462846e+03
-5.113625138936322401e+02
-6.577707099907763677e+02
-3.724402087870487321e+02
-3.591155269893578748e+02
-6.585051548388282754e+02
-5.914428992249684143e+02
-5.108266692080295570e+02
-8.440622109197788632e+02
-1.044119527371122331e+03
-7.178372132035174218e+02
-6.143338438685727851e+02
-3.641517595932166387e+02
-7.998417180497517620e+02
-1.477189211010612780e+03
-1.088923879280445590e+03
-7.942705764973334226e+02
-6.174791565347261439e+02
-5.600181496247288351e+02
-4.704578160589503568e+02
-7.307354660100417050e+02
-4.406868486869860249e+02
-3.191421390860583074e+02
-6.846163590898835309e+02
-4.707463284617506361e+02
-4.889753249441325806e+02
-5.716192683642375414e+02
-9.455812549182310249e+02
-5.949143015552891711e+02
-4.701330322901800400e+02
-5.636342026652594086e+02
-4.736652776687708410e+02
-6.927447946277943629e+02
-9.399422378459638594e+02
-5.660167378094596415e+02
-1.265318106761742456e+03
-5.472041688541670510e+02
-2.816811545436507913e+02
-5.603359033662621869e+02
-5.239160290772658755e+02
-1.864942185542384550e+03
-5.430337791235959912e+02
-3.155902973646524288e+02
-7.901863069605507235e+02
-8.660153745535889129e+02
-6.855690092290767552e+02
-2.010829574807589552e+03
-6.118889753398709672e+02
-5.344843506514722549e+02
-9.068127083268822162e+02
-1.139211958766230055e+03
-5.960629019133846214e+02
-7.201257725155660410e+02
-6.361984063128918478e+02
-1.188165782732097796e+03
-4.831001260195311033e+02
-5.390940964634369266e+02
-7.822031863485567555e+02
-4.068728657560002944e+02
2.687877585111671124e+02
-4.409028295525877752e+02
-6.486119773183127108e+02
-3.814676139321964001e+02
-1.947563486829495218e+02
-9.351702984742919398e+02
-1.476942189617381700e+03
-4.063653433552603360e+02
-2.797745611937048693e+02
-6.030705958570767962e+02
-7.634445400169986442e+02
-6.033555411753459339e+02
-4.513535095371983061e+02
-6.572459958558092694e+02
-6.225710608783257385e+02
-1.032067036150850072e+03
-7.142472390235619741e+02
-2.631391485587961370e+02
-4.729346437707927180e+02
1.048299159421991646e+02
-9.834466404489103297e+02
-4.701426003458127525e+02
-2.291423899247864711e+02
-4.560875475884726029e+02
-2.374148917943571178e+02
-3.008685155422347748e+02
-3.639741996659706729e+02
-6.365877033549575117e+02
-5.942431629684714380e+02
-6.133873432420709833e+02
-5.899336766386977615e+02
-1.192665214246152061e+02
-4.652014268227414107e+01
-1.953381652871000540e+02
-1.053281789919936102e+02
-1.564721896269425997e+03
-4.876992386978573677e+02
-4.981779926703268302e+02
-2.417509287378952365e+02
-4.895784058708682096e+02
-1.285082503089336683e+02
-2.923248618391072000e+02
-8.343271010447469962e+02
-5.273177499146352147e+02
-3.538569605140088470e+02
-1.699921776913366784e+02
-6.430842193590202669e+02
-7.705879225632151019e+02
-2.479526314507110385e+02
-1.391397014413812485e+02
-2.503317479486108823e+02
-2.487825145935982505e+02
-2.200646440787950837e+02
-6.973459304110918993e+02
-1.535977237509219435e+02
-1.348840047154357649e+02
-2.526534943468353731e+02
-2.702718840636904361e+02
-8.312673857175699368e+02
-6.166740416858378921e+02
-3.270544535102781651e+02
-4.286743826769927637e+02
-1.715703336049548113e+02
-7.587236273274612586e+02
-2.464390431965567245e+02
-1.834255446107719649e+02
-3.075817738132462296e+02
-3.793514323267755799e+02
-3.975569761911890510e+02
-3.564809068673288266e+02
-2.105565900136374751e+02
-3.499685627171670603e+02
-3.943342572168645006e+02
-2.960778350639163818e+02
-1.985759618771889734e+02
-3.461125638231646349e+02
-2.732267730665677732e+02
-3.035123972114005824e+02
-1.539441300522663880e+02
-1.541420776833350601e+02
-3.229064720720431296e+02
-2.565521580521399301e+02
-3.082760230032210984e+02
-1.011669428155782725e+03
-1.398496567438026830e+02
-2.259926176240338975e+02
-8.809187171004757602e+02
-1.303575913607265193e+03
-4.501049943882357525e+02
-2.262263171000683144e+02
-3.533803374345803832e+02
-2.108561659299128337e+02
-4.300435349271065775e+02
-3.147812833343846251e+02
-1.317515190337281183e+03
-3.027441353341475860e+02
-3.850726411155821438e+02
-1.566417601288009337e+03
-2.512552002795983128e+02
-2.224279566139630333e+02
-2.170035389147814385e+03
-3.793269587024707334e+02
4.897102203220557044e+02
-3.134674334474423745e+02
-2.282914846026294242e+02
8.404437875219119860e+02
6.627668470239923408e+02
-6.943218305904700856e+02
-6.656294729773344443e+02
-1.869316196645347077e+02
2.136264474072839334e+02
-7.385817555595615431e+02
4.871535787006396845e+01
-2.848976343375433657e+02
-8.965470361628801754e+01
-3.598552065211787863e+02
-5.111301624220488975e+02
-2.787343094119549392e+02
-7.062621381122544335e+02
-8.374453637205837140e+02
-1.298715131722594549e+02
-1.536419781886685882e+02
-9.814966676872870721e+02
-3.503988591793769274e+02
-6.882258399299903431e+02
-1.273490224590380649e+03
-2.981424981477300662e+02
-1.149771306126368131e+01
-1.192109091319090339e+03
-9.904604799770670525e+02
-1.423015492629326673e+02
-6.178600301670898176e+01
-1.783714411571892242e+02
-2.871199034266240915e+02
-1.070347993295875767e+03
2.126260278115276492e+01
-3.653799515740481496e+01
-2.754136832166285558e+02
-1.130262804634977329e+03
-1.961099485831337574e+02
-1.277973826900954464e+02
-1.047069675374778370e+02
-1.243667719636864604e+02
-1.187628585228164724e+02
-3.408235495701118793e+02
-2.968888114414152710e+02
-9.484197448837205684e+02
-1.197538658320991232e+02
-1.137657557032699060e+03
-2.313060637318725128e+02
-1.593411117716517538e+02
-3.036985629059482790e+02
-1.010110596910550385e+03
-1.495192654162596853e+02
-5.381445779817894390e+02
-8.805799415635095784e+02
-7.357307953928446409e+01
-4.701720734862050222e+02
-9.594172178689720454e+01
-2.338375838006833476e+02
-8.256029177811740283e+02
-1.168421739097166665e+03
-7.357843601868839301e+01
-2.173712109561222974e+02
-9.108614065343458321e+01
1.307810785900080646e+02
-2.944438525171550509e+02
-1.078455947126268256e+03
-2.039089464467191988e+02
4.336903828161692900e+02
1.048650424282992162e+03
-8.190106767388017488e+02
-8.665829728942879910e+02
-6.816902777932764366e+02
-4.963806577523802162e+02
-1.264598339889951717e+02
1.014779720702046802e+03
4.667759682781795050e+01
5.366562226866941501e+02
4.642491415505977557e+02
5.019581325845791753e+02
-1.142131303550439497e+03
3.025480579646660431e+02
1.080011983931983195e+03
4.372208981955600393e+02
1.567158950828572870e+02
-1.078168609493133658e+02
3.525634038195286166e+02
1.109289667902081192e+03
1.653259592116639567e+02
3.562885130278880865e+02
1.907803384127479376e+02
5.270492989262081664e+02
1.383147422247726581e+02
2.786496534836905994e+02
2.752562266577326113e+02
1.354886445377521511e+02
5.236879395357270823e+02
-2.886728598399594148e+02
2.571457248538318936e+02
4.652217515629735658e+02
-1.527642697841658219e+03
2.155616444984876239e+02
-1.600148538355900882e+03
-4.689246050578141194e+02
-4.481986851078930840e+02
-2.701407286384286635e+03
1.189790274142668295e+03
1.675753981779782862e+03
4.873298815122312817e+02
7.597981660621954347e+01
5.822217046433316057e+00
3.293903495362044396e+02
9.682785267403485818e+01
7.717922799684253050e+02
-2.740615035585085479e+01
-2.078558704898321594e+03
-3.032609187636146089e+03
-1.960329951755837783e+03
-2.750765192141305420e+02
-2.366106352252362512e+02
-7.768866979820303413e+02
6.898054478466913224e+02
1.848984231956433177e+02
5.815169030057970758e+02
8.872851495961972432e+02
1.679755792295757999e+01
9.221847969707384891e+02
-4.003113575087512999e+01
-2.118727565842532385e+02
-1.980073794215130079e+01
-2.192492999443514918e+02
-4.198535056001865939e+01
-1.801062603002361016e+02
-2.059368508097690551e+02
-2.047642537361521136e+02
-2.009837060313899997e+02
-1.169194831642543022e+02
-2.931288209117093402e+02
-1.516869673882664529e+03
8.447799522951342510e+00
-3.668023125882323257e+02
-2.914446559675884600e+02
-4.054375268171120297e+02
-2.416361482598528596e+02
-6.145592645806041219e+02
-3.499497160850664841e+02
-7.122983861452351562e+01
-1.065388131298202552e+02
2.063358874627368550e+03
5.506875430051695730e+02
-3.590276387635034325e+02
3.565889415597964671e+02
5.210829727846437436e+02
-3.265190338568885409e+02
-1.218943429807811526e+03
-6.083127671558019074e+02
-2.020202945130832859e+02
-7.837482692502135251e+00
-1.747687318316941401e+02
-4.089988890228809169e+02
-2.006914941494765685e+02
-4.662720341438415517e+02
-6.255138226518024567e+02
-8.355708373423923376e+02
-2.876601543772654850e+02
-3.241197108467397925e+02
-9.515752013480115465e+02
-8.443562865651997527e+02
-3.440686770975230502e+02
-6.256262140216774696e+02
-2.813276555980190210e+02
-5.727285213494116078e+02
-4.495181237707603827e+02
2.341728119205526184e+02
-9.318225135082590214e+02
-7.458164004491541164e+02
-8.259156912815863052e+02
-3.898342755733655451e+01
-1.559924556503176518e+02
3.335564019963371720e+02
-1.578699980756477999e+02
4.994161603756730869e+02
1.616615180840352934e+02
-6.723539432281842210e+02
-8.975281419283408013e+01
-3.751260012503594226e+02
-2.275446995168021544e+02
4.311704781028767286e+01
2.978107033256360410e+02
3.418555242942394443e+02
1.332348213135352580e+03
1.269832609925239922e+03
1.782597366453386257e+03
1.514316107298325505e+03
1.628301520805638120e+03
1.398361249597616506e+03
9.293387448412316871e+02
1.034235747904000164e+03
1.188385765982296562e+03
1.293108457999131360e+03
1.026480306173129520e+03
1.285406482739637795e+03
1.350214896489641887e+03
1.391719728151908612e+03
1.289869368352473202e+03
1.165940060074439771e+03
1.076431238387087205e+03
1.227709281751939898e+03
1.183463575459311869e+03
9.262902442659877806e+02
1.211472750497518064e+03
1.238446920425209100e+03
1.196613776137250625e+03
1.113574173440922550e+03
1.357702787826596477e+03
1.324245926885012295e+03
9.889762082196378969e+02
1.256415406400807115e+03
9.812233699786675061e+02
9.087106756103129328e+02
1.063169182319699757e+03
1.360918757753737282e+03
7.161050139272227852e+02
-2.655487031743274997e+02
1.138969808024809026e+03
1.363752337598171835e+03
7.802273905909366931e+02
1.308548669631563371e+03
9.438752153859878717e+02
1.299975674722027179e+03
1.363679248199867743e+03
1.387365062425016504e+03
9.133585265696856368e+02
1.283550006670625407e+02
-5.122539680853600430e+02
-4.129777254632846279e+02
-2.117692764390897366e+02
-2.616114744233551903e+01
7.301074247760045921e+01
-4.111400557659188166e+02
-3.797365319954327560e+02
-7.255961487187138914e+01
1.655329846296680500e+02
-5.986034146523138588e+02
5.540696290910071298e+01
1.439264514196135224e+03
8.546849083089566648e+02
5.714877870206566968e+01
7.446769839777514335e+02
1.171941490745183955e+03
1.471061074820523572e+03
1.295930073548385508e+03
1.415823166755953480e+03
3.521165405864855984e+02
8.886207271796711211e+02
1.226479903433051049e+03
1.193203770828453344e+03
1.355011048148435975e+03
1.181434329106956739e+03
1.203014818165079532e+03
1.256798015036259812e+03
9.340263103796858104e+02
1.261064030748147388e+03
1.131178824632560918e+03
9.452996428834663902e+02
1.056678748455952473e+03
9.962736236552475475e+02
1.136526327408835414e+03
9.532752715130844763e+02
1.195733568149682924e+03
8.258909583533500154e+02
8.354316784455492098e+02
1.021702297681721120e+03
1.134470903175395506e+03
8.043304258897247792e+02
1.240809151053040068e+03
6.955448597393630052e+02
9.289914050098008147e+02
7.371286489590178235e+02
8.759847044876719337e+02
1.021263951026837276e+03
8.872551811986305665e+02
1.226669764826459414e+03
8.586343382387435668e+02
9.987778849682596274e+02
1.097073702026272485e+03
7.446828573392399448e+02
7.336497868984262141e+02
8.141551624703892003e+02
1.035462948256882100e+03
1.387877729433772402e+03
3.817192144010336960e+02
7.811766854721013260e+02
7.722056794811604732e+02
9.771597253341595888e+02
1.136077396295597509e+03
1.372931045284673473e+03
1.510008844876819239e+03
1.585958389480784717e+03
1.695204937959984818e+03
6.984763423502018895e+02
1.588542222137956742e+03
1.400847482110199508e+03
1.420672587457176633e+03
1.498388139813341468e+03
1.471569098997492347e+03
1.194518091441267643e+03
1.748646514921771313e+03
5.041244433201771926e+02
1.399366491070935353e+03
1.543600694464108528e+03
1.412401392113617021e+03
1.544187619855976891e+03
7.864207331232005345e+02
1.235825687305779638e+03
1.749421339362862000e+03
1.371960542812173344e+03
1.440046551294444043e+03
1.482904210588862497e+03
-7.466293482147109728e+01
1.863377919832152543e+02
-1.304483969305323114e+02
1.254863909509209179e+03
8.114000162045568914e+02
4.081508314690026964e+02
-9.170273200912678249e+02
1.636025595893934451e+03
1.262455209128124352e+03
1.474634585364856548e+03
1.381446496068336273e+03
1.382728667410554408e+03
-2.072340595475981502e+02
1.314856790848372157e+03
1.475177687663832785e+03
1.553210904489852737e+03
1.717616701727755981e+03
1.407072224223158628e+03
1.242183801505932252e+03
1.139701207817268823e+03
1.045744002521211087e+03
1.129655305846294823e+03
1.095627601675359529e+03
9.530887409289157404e+02
1.086272963530225070e+03
1.190073287398130333e+03
1.280131020465295251e+03
9.577536811999109432e+02
9.927991069050460737e+02
1.204453240811016713e+03
1.216480945562992019e+03
1.000832457508640346e+03
9.496892009590136468e+02
9.923272039494266892e+02
9.511346804520205751e+02
1.009995754434306150e+03
7.991018684670660832e+02
1.085636271931970214e+03
9.403456680413471531e+02
8.310853270402657245e+02
1.007521193095564058e+03
6.697181994133777607e+02
7.786170287323567436e+02
1.202761832976173309e+03
9.236519243484390245e+02
-1.123145333034699888e+03
9.500426575864059942e+02
1.045174619586018707e+03
1.103525211451547193e+03
1.121784731952092216e+03
1.002242263821745382e+03
1.033204893152796785e+03
9.416572869892008839e+02
1.128457699720711389e+03
1.071282933620248059e+03
1.306123214365515878e+03
9.858610567736818666e+02
9.378823419251493760e+02
9.238049618587348277e+02
1.082320552805665557e+03
1.011093422267561209e+03
8.956346094805447819e+02
1.023327551684281843e+03
7.481710753104784999e+02
9.770724203817526359e+02
1.052426849139261094e+03
1.093183283069771278e+03
1.089479901624510376e+03
1.171308932125623414e+03
1.178993893223110263e+03
9.625969009192864405e+02
1.167604626712437948e+03
1.124163330137192588e+03
6.736987285035683044e+02
1.137601212468068752e+03
8.265809160733233512e+02
9.527234139868567127e+02
7.591468503435104367e+02
1.031092173852555106e+03
-8.747705341255252733e+02
8.296852503532390983e+02
8.901547620346084386e+02
8.547321437509929183e+02
8.374560033832871113e+02
1.031794616275935596e+03
7.513911340306351576e+02
9.512710477211257967e+02
7.191395509494816451e+02
8.384720736341233760e+02
7.212330358094216081e+02
8.557659564401164971e+02
6.659735989951363990e+02
9.402960506915364931e+02
8.361986821450768730e+02
6.185958513383767468e+02
8.432638162119867502e+02
9.969419348213315288e+02
1.127881958268151720e+03
5.763323432614350850e+02
7.393737002117176189e+02
8.565493076410377853e+02
9.734463577544902364e+02
1.261931104581498403e+03
2.226023914221648283e+02
3.683756771810550958e+02
4.797848201966991155e+02
7.603044719549386627e+02
6.527278077410023798e+02
8.612530667560238271e+02
6.664944823471629434e+02
8.707619259143132240e+02
7.456206142308142262e+02
8.975019274329512200e+02
9.300986517754242868e+02
1.881940015609260399e+03
1.062771027614063769e+03
8.806039724643162572e+02
1.136822718234302783e+03
1.177788868502813102e+03
1.098983174627539256e+03
1.177128512208707434e+03
1.266048271798555788e+03
1.107160763523346077e+03
1.418329796278018193e+03
1.057537186109583899e+03
1.083866049963430896e+03
1.161982398348440483e+03
1.005481044401037366e+03
1.237279082486677680e+03
9.514066465185802599e+02
1.102349619748931445e+03
1.353390153151508230e+03
9.400234238467442083e+02
1.280097935458461507e+03
1.381367273926024154e+03
1.152368464943549952e+03
1.313060214593015417e+03
1.341067470516162075e+03
1.195056069452145493e+03
1.431567676142085929e+03
1.385804494876608715e+03
1.285969703965605959e+03
1.204500672617273267e+03
1.338128856433480678e+03
1.123300089047643269e+03
1.035519385924123753e+03
1.113238830833777911e+03
1.174765034648091387e+03
1.176563557795130237e+03
1.114256962710759581e+03
1.141165046309407671e+03
1.351998174827364892e+03
1.298535603161445806e+03
1.353461263548532770e+03
1.194050075703667517e+03
9.387450028916366591e+02
1.190833467463898160e+03
8.384208924863072525e+02
1.106734023074301604e+03
1.143697141397462701e+03
1.427781001455570731e+03
9.931803611103673575e+02
1.156905384069130378e+03
1.316433784553159057e+03
1.222115978109434991e+03
1.064895632384863347e+03
1.241465398975839889e+03
1.271804029571510455e+03
1.145829044755977520e+03
1.193195869418723078e+03
1.470610764595904584e+03
1.235519451316414461e+03
1.219530669115667024e+03
9.460336807239638119e+02
1.175304003163650577e+03
1.111412597976844609e+03
1.337512655105229442e+03
1.245692130526233996e+03
1.266729513979875037e+03
7.364391281409707517e+02
9.416307785520737070e+02
1.180322515222666198e+03
1.112587696926828357e+03
1.111058476575340819e+03
1.289398330619277885e+03
1.401547066137119373e+03
3.354799548693033557e+02
1.142749462811991862e+03
1.294962338292938966e+03
1.235830301642014547e+03
1.284023195668127755e+03
1.105214781742740797e+03
1.224816082285989069e+03
1.217823787066504110e+03
1.114037743717394960e+03
1.470165306042345492e+03
1.449499699560272575e+03
-6.522782627001994342e+02
1.431524206840080979e+03
1.275664418607619382e+03
1.232640687214589661e+03
-8.189518597202387582e+02
1.302096737551922843e+03
1.371802750013753212e+03
-6.818229808641648333e+02
1.453585641230660940e+03
1.570873491119397613e+03
-7.972162482334738343e+02
-7.297555739842026696e+02
1.410197907861039539e+03
1.257976363640784712e+03
1.280219157516173254e+03
1.209711401347746005e+03
1.311778313991855384e+03
1.399063707918878436e+03
-6.562101778242749788e+02
1.294288292030716775e+03
1.295233697324531022e+03
1.250079240880446605e+03
1.586886555423915752e+03
1.343663636166774268e+03
1.415317800387623265e+03
1.156005378879681302e+03
1.593602941570047278e+03
1.251051556774785013e+03
1.433901006556373204e+03
1.463835788163644565e+03
1.248641469111082415e+03
1.177729409896523521e+03
1.341903710186547869e+03
1.387557402582298437e+03
1.262471119965765411e+03
1.366775789207989192e+03
1.336151273269615558e+03
1.163469043249524475e+03
1.234677520475251413e+03
1.507103497271144533e+03
1.350649582440575159e+03
1.466251544183733358e+03
1.070549563765362336e+03
1.119017805187803333e+03
1.433067900902580050e+03
1.052550479297584161e+03
1.332434822818401926e+03
1.142932470799218891e+03
1.402955722091744065e+03
1.122946482170372519e+03
1.187710833432084428e+03
1.214531860524426520e+03
1.145528523543167012e+03
1.363864711273747389e+03
1.256196257972116200e+03
1.120434872166321384e+03
1.140794558593012880e+03
1.190769782960034263e+03
1.271177847477714067e+03
1.260638190669256574e+03
1.229846569102255671e+03
1.212327845608076586e+03
1.189983752046707423e+03
1.254607476663201396e+03
1.320454763125562295e+03
1.443944080665090496e+03
1.266285196655016534e+03
1.328419044431932662e+03
1.315843645766400414e+03
1.228377895602605349e+03
1.393665867672347758e+03
1.568779653628968617e+03
1.494570528349539472e+03
1.192521344610594042e+03
1.519006292626572076e+03
1.537297042381396750e+03
1.463749607377222446e+03
1.483619984875462706e+03
1.373585725406424444e+03
1.420791683079125505e+03
1.338941683445286344e+03
1.400516561180319968e+03
1.417735903245113150e+03
1.115618225655018932e+03
1.269069206387316626e+03
1.166176093714201215e+03
1.025416206314216424e+03
1.347493298700405603e+03
1.399107036294233467e+03
1.196409708077008645e+03
1.139726398273781797e+03
1.325596217369299893e+03
1.363797808424927098e+03
1.283546774975952076e+03
1.033864084678160907e+03
1.327500818821447410e+03
1.408520605007577160e+03
1.355456760738997900e+03
1.135611173956702714e+03
1.347760011301813847e+03
1.213025567739347935e+03
1.097475539805586322e+03
1.067696063555317778e+03
1.241278122108296429e+03
1.108252500349394950e+03
1.408666866128773790e+03
1.372966172446866040e+03
1.454272981934710970e+03
1.522586471021463240e+03
1.149641633259984019e+03
1.281636986523208179e+03
1.247287076053553392e+03
1.369825649517381635e+03
1.150350904868964790e+03
1.168279366875585765e+03
9.400906072885185267e+02
1.203150633756694333e+03
1.285695986080935654e+03
1.229251165262427548e+03
1.170906837100832490e+03
1.234834183094915943e+03
1.343128944691807192e+03
1.204398377556124842e+03
1.042152011234148858e+03
1.218144081702450194e+03
1.277790270242500355e+03
1.280944519272417438e+03
1.231497652158828942e+03
1.364770476571409517e+03
1.248116172900904076e+03
1.260155207665139415e+03
1.315442607480533752e+03
1.409010927987998002e+03
1.072733962810860930e+03
1.256781654958299896e+03
1.205230612084764971e+03
1.238853025934465904e+03
1.359430668906465826e+03
1.229840338085889471e+03
1.137481947396120631e+03
1.205503402283686455e+03
1.377763955871930648e+03
1.297505038615948024e+03
1.256994400066827438e+03
1.188084602623030150e+03
1.269091914925944820e+03
1.263961888958766849e+03
1.437756653517692939e+03
1.489499732935989414e+03
1.405447180530796686e+03
1.351926064190306533e+03
1.135109672904755826e+03
1.319868844473624677e+03
1.366115256555214728e+03
1.223273028270474242e+03
1.321354284404965256e+03
1.216157339693387485e+03
1.265622856907311416e+03
1.378786553946797540e+03
1.311059736417636032e+03
1.155291290354138710e+03
1.306397167966640154e+03
1.163299378496499457e+03
1.254993729458413782e+03
1.326069035101630107e+03
1.198893544865831473e+03
1.321850493439219690e+03
1.473154285717964740e+03
1.262737204371118196e+03
1.305313500336245397e+03
1.436506876280181814e+03
1.260284453851892522e+03
1.133697143297024923e+03
1.220713525861696326e+03
1.215111586361541413e+03
1.254069713335939696e+03
1.321587360142091029e+03
1.274599870277213995e+03
1.379361369994820507e+03
1.369103162466313279e+03
1.172803248091028081e+03
1.427653028177196120e+03
1.334894080854913682e+03
1.265547622635860080e+03
1.345637609131046474e+03
1.344724538040946754e+03
1.314936273436713691e+03
1.487564551407060208e+03
1.386822068968622261e+03
1.198489824571374584e+03
1.211854903692597873e+03
1.237823463715065373e+03
1.323109936075533824e+03
1.249151236047491466e+03
1.294221116722921124e+03
1.401126678703500374e+03
1.292110427906385667e+03
1.408703209832758603e+03
1.340914531475234980e+03
1.138227456329511824e+03
1.229288514366069876e+03
1.356995087857011868e+03
1.287606328784230300e+03
1.261539914799589269e+03
1.176485345059677229e+03
1.215012988057811981e+03
1.212503938458067296e+03
1.234786954952980295e+03
1.364080932532709085e+03
1.261974591687051770e+03
1.248449403521979775e+03
1.116977767930566642e+03
1.139903770185620488e+03
1.346265647186097340e+03
1.279742999973021142e+03
1.398510680580391863e+03
9.724957435403690624e+02
1.372639113011448444e+03
1.126910566760311440e+03
1.091039025217510471e+03
1.415791322775781737e+03
1.258869995513897948e+03
1.297530104303423741e+03
1.233551355205785740e+03
1.215181145242448565e+03
1.241829630606567434e+03
1.038121610624915547e+03
1.234653337851162405e+03
1.188067944908247455e+03
1.348892599888410132e+03
1.224365099949990508e+03
1.094737305036798261e+03
1.286922686685128156e+03
1.211975160109499257e+03
1.198899360367307509e+03
1.292885600706280684e+03
1.283755920312556555e+03
1.316514174807979771e+03
1.402959373593871533e+03
1.388152275183640313e+03
1.285699165200434663e+03
1.282428920984821843e+03
1.391401239752227411e+03
1.283682599248912538e+03
1.399669449540917412e+03
1.212017696636185747e+03
1.324832470518789250e+03
1.415155199833191546e+03
1.414094772212353291e+03
1.265664000533615308e+03
1.303102627946715984e+03
1.353933851682886825e+03
1.302828620067833072e+03
1.302475651509656018e+03
1.400074539972352341e+03
1.248306053621284718e+03
1.325459410166198950e+03
1.299246634305969565e+03
1.243183617511212333e+03
1.309448229799227420e+03
1.310682930935923196e+03
1.160218602580143624e+03
1.279764010086974622e+03
1.370176350206071220e+03
1.127351407772201583e+03
1.335041476017137938e+03
1.217724113570714508e+03
1.395485803913557675e+03
1.446330839020333769e+03
1.308631235250627014e+03
1.275311414468138537e+03
1.299133253120903646e+03
1.366833388951475854e+03
1.380770176398426884e+03
1.390275587270598407e+03
1.359479053046264653e+03
1.461430132032181064e+03
1.499627008616889725e+03
1.279654841313170664e+03
1.440911183403277619e+03
1.344283514680912958e+03
1.341849682850011732e+03
1.204740787823013534e+03
1.019430977917946393e+03
1.071049160616053996e+03
1.301374974474303826e+03
1.164149246357779475e+03
1.234903677307154794e+03
1.244024873114326056e+03
1.280622377717733343e+03
1.260237246902157949e+03
1.200754819974715474e+03
1.451938052842175239e+03
1.159130974245895914e+03
1.277905613797366414e+03
1.109221819103234793e+03
1.260169073900474132e+03
1.365808704559641228e+03
1.408401399791708855e+03
1.228641725055416373e+03
1.143939645662476551e+03
1.147649593852115686e+03
1.364464766893012893e+03
1.184253371832940729e+03
1.221615155543836181e+03
1.271118809756258997e+03
1.294826762637786487e+03
1.153235747252797182e+03
1.299962736855203730e+03
1.375418212426452101e+03
1.070197490385432502e+03
1.289842141503277162e+03
1.395314962197527620e+03
1.231455075849616151e+03
1.253770051936500977e+03
1.343874767995427419e+03
1.199833566338141509e+03
1.224294620059236649e+03
1.289930291314031365e+03
1.235009374272442528e+03
1.339635175404064285e+03
1.192551102783002307e+03
1.266630378611351944e+03
1.432064861417009070e+03
1.310848041074155162e+03
1.239096537933045965e+03
1.301991444989464753e+03
1.265770139626222544e+03
1.358574189302672721e+03
1.404973142217879968e+03
1.170751008989073398e+03
1.290971392821490099e+03
1.291049339354085760e+03
1.308094953993097079e+03
1.482436176182074860e+03
1.489642324400529105e+03
1.358748282171343590e+03
1.107340130647030946e+03
1.429017391418110947e+03
1.251153659566680517e+03
1.591934202769445164e+03
1.235994361549124051e+03
1.454923636818347632e+03
1.182093721823267060e+03
1.407140732312815089e+03
1.397029111890556123e+03
1.254795890011871506e+03
1.472493872556266297e+03
1.419453856391274940e+03
1.225348991824201676e+03
1.309112154522816581e+03
1.355908058825990565e+03
1.387048489959129029e+03
1.372900500674739760e+03
1.510851351052514019e+03
1.374216423443788699e+03
1.271013288196450958e+03
1.155706849388391902e+03
1.276410572894096276e+03
1.371673923304024811e+03
1.424040842405302783e+03
1.336768426998778295e+03
1.439075093284179502e+03
1.349737635336731273e+03
1.387035776024019924e+03
1.287853370473165796e+03
1.479813595021953688e+03
1.406826161531672142e+03
1.201727228452780764e+03
1.475168387238886453e+03
1.493034228603893098e+03
1.402997247471962964e+03
1.331889788475753448e+03
1.442518957594625363e+03
1.513144191045787920e+03
1.397176042672735093e+03
1.266708395341356209e+03
1.338613305466326892e+03
1.224392344477955021e+03
1.353859412556609414e+03
1.330205059921495831e+03
1.310916463098389158e+03
1.408507980071357679e+03
1.017122649749686843e+03
1.179675875206105275e+03
1.102843169714952865e+03
9.724462606070430866e+02
1.322904607569282007e+03
1.401486587510013578e+03
1.379204203796168258e+03
1.291475036368289466e+03
1.365890000137084826e+03
1.374357157926930313e+03
1.120099670042445041e+03
1.130862161592797747e+03
1.210307263580563358e+03
1.028168743897919967e+03
1.062894385050251458e+03
1.098966370555918274e+03
1.138814137598078105e+03
9.116962516425322747e+02
1.183813494220519942e+03
1.093216647332343655e+03
1.216668381934936633e+03
1.184051904547273352e+03
1.153609370925621079e+03
1.288663556505338420e+03
1.344561346405405175e+03
-8.873417775595560215e+02
1.128900276107036461e+03
1.216328023545030192e+03
1.129929886059231194e+03
1.108457353190739468e+03
1.022271255564835656e+03
1.220946877189534916e+03
1.131192275106326179e+03
-8.381412093046581049e+02
1.043501924377202613e+03
1.052720760556757568e+03
8.509343332941326707e+02
8.029715966681100099e+02
1.000190281989383493e+03
7.835046480030053999e+02
1.134849078231540034e+03
1.207649516371456002e+03
9.222110482368176463e+02
1.004589906430071551e+03
1.209980670932063276e+03
1.018906920537436349e+03
9.550167407471832348e+02
1.239749421084841060e+03
1.393158044172275368e+03
1.218605946350581689e+03
1.318482037115829826e+03
1.281290418359160640e+03
1.309466654415307175e+03
1.288956786974572424e+03
1.370476813488789503e+03
1.294192329276924738e+03
1.307681604653482736e+03
1.341507893097155829e+03
1.288307578963790320e+03
1.345246117899705041e+03
1.442949733975512345e+03
1.227797600997943846e+03
1.467761258904788519e+03
1.434059435585821348e+03
1.352211503325220292e+03
1.251314190313745030e+03
1.346376871661351743e+03
1.310690142402068204e+03
1.322057768592520688e+03
1.134443350320205809e+03
1.069150558620880929e+03
1.288651831398746936e+03
1.201879822676274671e+03
1.310556112328110885e+03
1.221744754931991338e+03
1.021185244529502029e+03
1.329618065206629126e+03
1.073829440789565069e+03
1.275633309940744994e+03
1.094396477824100657e+03
1.089027484826275213e+03
1.162852678360315622e+03
1.391490145827191554e+03
1.375317198900620269e+03
1.427851385873781282e+03
1.235625953352210900e+03
1.277888096517762961e+03
1.482014670693864446e+03
1.273799931207305690e+03
1.306091687456422278e+03
1.277997012059298640e+03
1.297147384256932355e+03
1.101988785418665429e+03
1.174756914895038335e+03
1.232634696292707986e+03
1.276766538970982765e+03
1.288716807936430087e+03
1.403751948915206412e+03
1.500389476210649491e+03
1.420104160888284923e+03
-1.051821020973513669e+03
1.319214070149340387e+03
1.428459058451726605e+03
1.347818618727691501e+03
1.386497996165623817e+03
1.371135430969852223e+03
1.359011400919981725e+03
1.439790647711319025e+03
1.310378222104721317e+03
1.152323644670846761e+03
1.499505947147768666e+03
1.413212286180066258e+03
1.307734479128868315e+03
1.261960639795033558e+03
1.282578578834322570e+03
1.529922212856633678e+03
1.373221526424690865e+03
1.296922316711091298e+03
1.138284897837674635e+03
1.227931612676126861e+03
1.165296818380860714e+03
1.212899442414257919e+03
1.186055836835256287e+03
1.193038546021523871e+03
1.291784585679263500e+03
1.125158661290025293e+03
1.167421546129083708e+03
1.188406883214482377e+03
1.112875579742078344e+03
1.092373409796626220e+03
1.285936809200339894e+03
1.148147700166753111e+03
1.123306198281513616e+03
1.049602946443351584e+03
1.005002971168243448e+03
-9.876494180349254748e+02
9.680382440395233061e+02
1.038468721110529259e+03
1.074548464009357076e+03
1.208557136547578011e+03
1.225738821350615581e+03
1.036252008755735005e+03
1.016630978186916423e+03
1.055702396943661370e+03
1.189267116010684049e+03
1.096127838106142690e+03
1.121078892894216551e+03
1.181790921288701611e+03
1.132244778019452042e+03
1.191369359285541123e+03
1.024748884576394858e+03
1.248859228361593523e+03
9.051779658663361943e+02
9.863704274732726844e+02
1.082008991653767680e+03
1.125993122258503945e+03
8.149096839508464427e+02
1.268427460198847484e+03
1.013762433672752536e+03
1.264181698098092284e+03
1.152617126497750633e+03
1.047922097047543502e+03
1.041144530138444907e+03
1.130204343448000827e+03
1.207968287559249347e+03
1.091548356783625422e+03
9.508746789836520747e+02
1.217331239880780231e+03
1.182349282135001886e+03
1.174820742149196349e+03
1.091886472303725441e+03
1.061131866754667499e+03
1.198346959541160913e+03
1.317288647089677170e+03
-1.106536384651315075e+03
1.082587454841352383e+03
1.263541267823837643e+03
1.156973710287312315e+03
1.212878129018576828e+03
1.254590510503965561e+03
1.307642032513060258e+03
1.318064762999140157e+03
1.044466660730138983e+03
1.317485030751096474e+03
1.244777499454295594e+03
1.070479678096887255e+03
1.066468358592630466e+03
1.307383747499488436e+03
1.245790677905085886e+03
1.045741071325612211e+03
1.342753816890697863e+03
1.224667632912754243e+03
1.083636910189050695e+03
1.207162928171758040e+03
1.172449572331788659e+03
1.152482586945308867e+03
1.103482818376343630e+03
1.035010037582282621e+03
1.178554048838659128e+03
9.680839050718617500e+02
1.040775713174850807e+03
9.673902277002362098e+02
1.049756530775458259e+03
1.035490230234673618e+03
1.146143022695209311e+03
1.033157903719755268e+03
1.147040384763762177e+03
9.488894234418695532e+02
1.195607708766893893e+03
1.051234982361137327e+03
1.045892486169293761e+03
1.196579043662869935e+03
1.216767406152197736e+03
1.104787596718693067e+03
1.172389140731901080e+03
1.239046559980068878e+03
1.110968113410714750e+03
1.378977065825913542e+03
1.274795527924027283e+03
1.467408827493141644e+03
1.148753139633329056e+03
1.342445455106383179e+03
1.085373713490709633e+03
1.301416896416990767e+03
1.357867651711133249e+03
1.253326717683083871e+03
1.398255429318031702e+03
1.309982015336665881e+03
1.253766489043423235e+03
1.160342123138658508e+03
1.200451310738325674e+03
7.082381237590984711e+02
1.217249059125905660e+03
1.333062576026542047e+03
1.321680421717524041e+03
1.069479130451010406e+03
1.271980064583689682e+03
1.281783161456856305e+03
1.116249695555338803e+03
1.249538035489577396e+03
1.238115520736288317e+03
9.643755248137292710e+02
1.190131458473127850e+03
1.444451642148153951e+03
1.234740560361500911e+03
1.280304421718403319e+03
1.234424278476975815e+03
1.407426687456227683e+03
1.322640929728882838e+03
1.193309803752491007e+03
1.212695182731421937e+03
1.282781109917902086e+03
1.311811704812057087e+03
1.321687017610405519e+03
1.294404492021062879e+03
1.326591751968019253e+03
1.386137527902740203e+03
1.301483050209964858e+03
1.352662542821967008e+03
1.332356835845391743e+03
1.251634811414139904e+03
1.301758779932990592e+03
1.357630930275845913e+03
1.327655560556502678e+03
1.314681785207810208e+03
1.301186185138114752e+03
1.279382923878164775e+03
1.255822128266602931e+03
1.295960980069120069e+03
1.395164628569231581e+03
1.339838432744069905e+03
1.336938735758782286e+03
1.229065219575402125e+03
1.331456794629555134e+03
1.263093433590877339e+03
1.201818655775205571e+03
1.388846084388929057e+03
1.240243710908446246e+03
1.358878731550878456e+03
1.214110818120858767e+03
1.269019889816186605e+03
1.231533152292336126e+03
1.284440882117459978e+03
1.293278844405206200e+03
1.269383260770975312e+03
1.302416658876204110e+03
1.239872975200352812e+03
1.254996088797069433e+03
1.109894793148463350e+03
1.460419120314486918e+03
1.287210399826516095e+03
1.153060380033856745e+03
1.247725787435643724e+03
1.319797047482345306e+03
1.236012558517873913e+03
1.381395340148815194e+03
1.332241578901306184e+03
1.417195759170301244e+03
1.260959535118203121e+03
1.319408513264554585e+03
1.244047548814670336e+03
1.320098572386940305e+03
1.317381733345511748e+03
1.323975695849908334e+03
1.229154273920604510e+03
1.381843803685067769e+03
1.426331580545323504e+03
1.381167044428490499e+03
1.329318382971316169e+03
1.234808559536652638e+03
1.395473616732243272e+03
1.337488723985943579e+03
1.399178940433769185e+03
1.327836756145376739e+03
1.491385448699101062e+03
1.277496593652746697e+03
1.397140736658497190e+03
1.380334296319337000e+03
1.352265107267842723e+03
1.405580696393361222e+03
1.310767227072994046e+03
1.354733024794538778e+03
1.348664296357462490e+03
1.482500747898217242e+03
1.308316995463818785e+03
1.401139007684405442e+03
1.456498500897383337e+03
1.421924328059109484e+03
1.576181375488687991e+03
1.495539749313121547e+03
1.308440694154342054e+03
1.292071774335725422e+03
1.221757012621355898e+03
1.434605685290423935e+03
1.274214526455559280e+03
1.400379468911298090e+03
1.409779167323338015e+03
1.297898599631105981e+03
1.396893609087372170e+03
1.354615617702596410e+03
1.423571342958356354e+03
1.544079661525237952e+03
1.368195345456044151e+03
1.262697821211898827e+03
1.571088318575991252e+03
1.387871619410676431e+03
1.440902120761543301e+03
1.613406956035523308e+03
1.452810952666924095e+03
1.397258782896203684e+03
1.358279178361147615e+03
1.332520581697384387e+03
1.454056251360567785e+03
1.398232749870509451e+03
1.276836985769838066e+03
1.553522705903437327e+03
1.390148940867981537e+03
1.343532905693745306e+03
1.239347531646010566e+03
1.498208700533006777e+03
1.423190163135527655e+03
1.310660949947813606e+03
1.438781029494535687e+03
1.469226997556898823e+03
1.240141408776863955e+03
1.303676242550840470e+03
1.462625084163263409e+03
1.269230447664933308e+03
1.422454973427124969e+03
1.538497010891694117e+03
1.289406965335469522e+03
1.359367180722243347e+03
1.401707549186299957e+03
1.508775677395523644e+03
1.291295693482621800e+03
1.545473355330703725e+03
1.375100457899294724e+03
1.398942635214631082e+03
1.185694455998149579e+03
1.505414578700308994e+03
1.446314877343720354e+03
1.471373306861045421e+03
1.352671593912120443e+03
1.317053642695683493e+03
1.445991122002946895e+03
1.296220920047066329e+03
1.590779608539395895e+03
1.710920512447667306e+03
1.433360596084866756e+03
1.577313463067390330e+03
1.574901478996231390e+03
1.496499025031601832e+03
1.581280785608368660e+03
1.462735541099952343e+03
1.458133385231929196e+03
1.351071742925318631e+03
1.477729162673833798e+03
1.505587044385311856e+03
1.591317631533095209e+03
1.478739941010994698e+03
1.393838678853931924e+03
1.354005952771352895e+03
1.430514444361788492e+03
1.607727141282690354e+03
1.532178018137146637e+03
1.344179651560701359e+03
1.563951861005921046e+03
1.341874650416196346e+03
1.520138040147460288e+03
1.635235867313876042e+03
1.620172247809746295e+03
1.389602532052061179e+03
1.327112722054638652e+03
1.265460546570701354e+03
1.385323255986324284e+03
1.333847893550180515e+03
1.249324735689375984e+03
1.333099494550510599e+03
1.410471001360327818e+03
1.495076903651277462e+03
1.360988736959309108e+03
1.240625838617464296e+03
1.679513433287453381e+03
1.431681238595224841e+03
1.568550587189015459e+03
1.393010606868529521e+03
1.651520301490629208e+03
1.526182511023263260e+03
1.610343568043493178e+03
1.443307727205070705e+03
1.673482139739339345e+03
1.666170765284747404e+03
1.481852433243297128e+03
1.397260406962600428e+03
1.519637510868247773e+03
1.569880321059751850e+03
1.580759504287470691e+03
1.510728343992534292e+03
1.463929699834747908e+03
1.416711340879914587e+03
1.488112252298996509e+03
1.506464101353547221e+03
1.471273636661346700e+03
1.404605198908758894e+03
1.325769664251574795e+03
1.651843468469375921e+03
1.240953395057686748e+03
1.369613705626194815e+03
1.297289411802405539e+03
1.400433246596468280e+03
1.539511598280812905e+03
1.409847954760720995e+03
1.375805258701185949e+03
2.782604282000017974e+02
2.930848106234175248e+02
1.156128752125838673e+03
1.353083271236343990e+03
1.343087468155021725e+03
5.586526870440716266e+02
1.283202610477035250e+03
1.206238875032796386e+03
1.264758770706720270e+03
1.244593774703754434e+03
1.344474381660621020e+03
1.373578044393454093e+03
1.286183303611561769e+03
1.322710787872580568e+03
1.214390973644080987e+03
1.245255211550980903e+03
1.162807091058464266e+03
1.218883895011976620e+03
1.493752810739519191e+03
1.284648940683487353e+03
1.459845015718507511e+03
1.373971685281578402e+03
1.191014161904318598e+03
1.352952880269691150e+03
1.384541614189957272e+03
1.147576454395474912e+03
1.344590208343044878e+03
1.364134788720725510e+03
1.213883064242877026e+03
1.377075064856689096e+03
1.573959517434524059e+03
1.213539891222205142e+03
1.370156186384287366e+03
1.386388083694887200e+03
1.525378357760139806e+03
1.339739521315670572e+03
1.414933912334510978e+03
1.455678464294941023e+03
1.502692423980312924e+03
1.391725236427313575e+03
1.512851288176083017e+03
1.352648544406841893e+03
1.306848530070996731e+03
1.365713259478283362e+03
1.290211570988688663e+03
1.474029947087819664e+03
1.389750658798175209e+03
1.570727266491137925e+03
1.569173478540157930e+03
1.514884658288319315e+03
1.609087586882837286e+03
1.478345921554543565e+03
1.504900427828799366e+03
1.367238743018588139e+03
1.463109275874539435e+03
1.446611976791882171e+03
1.540846860372857464e+03
1.493948121554159115e+03
1.325394337812996355e+03
1.159387259887050504e+03
1.406406260492754654e+03
1.406129235657773279e+03
1.270956193124804031e+03
1.539090174825060330e+03
1.385959688269634171e+03
1.421453132047242434e+03
1.427699091092130175e+03
1.464037654675469184e+03
1.435607854040292295e+03
1.494347574991989632e+03
1.476259554609282304e+03
1.262859565411693211e+03
1.613415486556647011e+03
1.607682796834018063e+03
1.325658196484573182e+03
1.291237268550351018e+03
1.320413834942514995e+03
1.291073020355064045e+03
1.297713425518519443e+03
1.433102185037874733e+03
1.280890496434995612e+03
1.164110636679662321e+03
1.330693457775110119e+03
1.449252736721889505e+03
1.388931513338660352e+03
1.394881328354422294e+03
1.267542478360820951e+03
1.427974152638827491e+03
1.450438419984320717e+03
1.388681512079909908e+03
1.242349798237472442e+03
1.461992713368872273e+03
9.857347288520164739e+02
1.378262053575404479e+03
1.303054989640003669e+03
1.356105690410792249e+03
1.307603678607592201e+03
1.494071738289684845e+03
1.091369213450583402e+03
1.415614317702056724e+03
1.188886223567799334e+03
1.266462953549766780e+03
1.074841080905583340e+03
1.552967876932968011e+03
1.401575253778007891e+03
1.400339200936393809e+03
1.327898183762069493e+03
1.508655934433758375e+03
1.389093146155956219e+03
1.435022126277071948e+03
1.532865790387848165e+03
1.537407317238129053e+03
1.356418880951374831e+03
1.425886977128910758e+03
1.466198017284519665e+03
1.454906181905485937e+03
1.358190474966867896e+03
1.429246484946052078e+03
1.455479909516764565e+03
1.386261507833526366e+03
1.459121319575700909e+03
1.255549695919817395e+03
1.461228655576602705e+03
1.477140952334592384e+03
1.298447081192165570e+03
1.513672603376667666e+03
1.382594954398566870e+03
1.458634977927513319e+03
1.459666213262055408e+03
1.422207139989369352e+03
1.373325982339784787e+03
1.370283446695297471e+03
1.221389112078123617e+03
1.462391499092553659e+03
1.456406992445127344e+03
1.651062260989755032e+03
1.521070800876736939e+03
1.341398463562034749e+03
1.478565704998866977e+03
1.528611718695136460e+03
1.335145763578346077e+03
1.384597607372678794e+03
1.465172842290894778e+03
1.503222571390953590e+03
1.327284877284631875e+03
1.527205620686661632e+03
1.624484334780965128e+03
1.605037069757660902e+03
1.627569248091559530e+03
1.502515416556077753e+03
1.461260324185066111e+03
1.510185161947603092e+03
1.387402009080178459e+03
1.515656699691785661e+03
1.552935311776075196e+03
1.591573784734238416e+03
1.575814692746348783e+03
1.436148506936345257e+03
1.479606803951696747e+03
1.529075682955198772e+03
1.510476876210670525e+03
1.329164672732284544e+03
1.599636394928083064e+03
1.501720006478826463e+03
1.529313987466979597e+03
1.646168143419573425e+03
1.443299372024975355e+03
1.489047674121184855e+03
1.543035139472790434e+03
1.616763369893303661e+03
1.360199759038793673e+03
1.418041516172934280e+03
1.485862531198548595e+03
1.633477826790918243e+03
1.604054037847474319e+03
1.456511947759990107e+03
1.462475086874609815e+03
1.371809854325508468e+03
1.507721709195759104e+03
1.385393351090566739e+03
1.312597148140601576e+03
1.389962710294185626e+03
1.317423014531362696e+03
1.316573163742950783e+03
1.454558037004992912e+03
1.406546192503806651e+03
1.462809066597049423e+03
1.484329260684794008e+03
1.401743556477739503e+03
1.523646823408127375e+03
1.502172894079498974e+03
1.464089463299544150e+03
1.473363971984900900e+03
1.372267128524863438e+03
1.246735989055958044e+03
1.465899128637062859e+03
1.497827773243935098e+03
1.322829904705899253e+03
1.522159979359337967e+03
1.449754979095231192e+03
1.403841445059043963e+03
1.288315192103201980e+03
1.408014102980756434e+03
1.273858197000846530e+03
1.388370392583039120e+03
1.429811921272867039e+03
1.467124415408997947e+03
1.401797358637312072e+03
1.450235714964839872e+03
1.210024979649713487e+03
1.449534205045576982e+03
1.259484531773549406e+03
1.379150310306975371e+03
1.359736849714190612e+03
1.373759182670650944e+03
1.233263642288135770e+03
1.489038955458369401e+03
1.280821529525740743e+03
1.366106659125948681e+03
1.260698374881287464e+03
1.254094899363974719e+03
1.436510972681657677e+03
1.442706595744159358e+03
1.477843417379861421e+03
1.289126561187970310e+03
1.364720004354885532e+03
1.497824257896358858e+03
1.500189953099365312e+03
1.482953703559560381e+03
1.305995259106399544e+03
1.209069595483114654e+03
1.329501186456148844e+03
1.420284033038593861e+03
1.254902042698379319e+03
1.271324626325503232e+03
1.294479626375392854e+03
1.350520102764246531e+03
1.236870570771458233e+03
1.380814837780910239e+03
1.029263166642467013e+03
1.272815674758570594e+03
1.355403258732368386e+03
1.067238367358253072e+03
1.217192248471477342e+03
1.156495972914662161e+03
1.076146192448583179e+03
1.092187362674827909e+03
1.073047698809662506e+03
1.236645654564852975e+03
1.120367940085749979e+03
1.166084123825204642e+03
1.154871165075761155e+03
1.049057941699879393e+03
1.339481966496894756e+03
1.282883643415615325e+03
1.036620185724697421e+03
1.117455389006740006e+03
9.746637619623109003e+02
9.833284574921077592e+02
1.035076525173078153e+03
1.131345995044200890e+03
1.305703670156337466e+03
1.341442283965680872e+03
1.209122033731211104e+03
1.194237680359426349e+03
1.389967832942677660e+03
1.389634410099482238e+03
1.335625330786325549e+03
1.131783949420895169e+03
1.377298731837146306e+03
1.288697046069225280e+03
1.269312689337505844e+03
1.521688002169001720e+03
1.386942744012045750e+03
1.433957348745786021e+03
1.327101240117137650e+03
1.251699903610502588e+03
1.420063422758826619e+03
1.515671134206742408e+03
1.341121517779150281e+03
1.478425017011476029e+03
1.421509516529832581e+03
1.515966137718962045e+03
1.467369128849501067e+03
1.271391910406074658e+03
1.416903971057977742e+03
1.567888877264060284e+03
1.583350122554016480e+03
1.545506727457622219e+03
1.370161177485675580e+03
1.561158061375022953e+03
1.423276361976469389e+03
1.450825967269092189e+03
1.398445806301923085e+03
1.507499966650572560e+03
1.252186312959633142e+03
1.476864866189003351e+03
1.397420232014761268e+03
1.327903612661353691e+03
1.448966621711904963e+03
1.309377368483716964e+03
1.558205138009198436e+03
1.594313797441033785e+03
1.544666234751549837e+03
1.346761843963481397e+03
1.486894310139316303e+03
1.519246556861605313e+03
1.410485966635739260e+03
1.623605278301189173e+03
1.385573378239005706e+03
1.402609219430408530e+03
1.559242945358249699e+03
1.480348567657441890e+03
1.469972936666419173e+03
1.516813084687610171e+03
1.565848743894271820e+03
1.602326999234456707e+03
1.472899275387980424e+03
1.755306916530958006e+03
1.458845834400572585e+03
1.550125806300941576e+03
1.737269233953038565e+03
1.490538111716824005e+03
1.661598176562260733e+03
1.576798697143936124e+03
1.666180200962315439e+03
1.482991290923774159e+03
1.508992502877682455e+03
1.568723759610703155e+03
1.597297938874074362e+03
1.646554392356884136e+03
1.648239931608411325e+03
1.587684242871108381e+03
1.489883845363373666e+03
1.508314972047172887e+03
1.620034218787500777e+03
1.650631187638459323e+03
1.347067054155136930e+03
1.551496002002871592e+03
1.416194723262961361e+03
1.529929995737418267e+03
1.617850199561909221e+03
1.701798206520107215e+03
1.469023026502690300e+03
1.636299398874496092e+03
1.629880820515563755e+03
1.519261955687636828e+03
1.343397251331896769e+03
1.531968661366801825e+03
1.534495060041204624e+03
1.516142405558442078e+03
1.591288632118113583e+03
1.582105086744601067e+03
1.393312334137474863e+03
1.347069205441937811e+03
1.496196227645172939e+03
1.617755410742608319e+03
1.474508329051685223e+03
1.585480948080324652e+03
1.495923456935416198e+03
1.503064959496076881e+03
1.344830435648934326e+03
1.398282490415587290e+03
1.515793291433956938e+03
1.302084501308492236e+03
1.359347917881778358e+03
1.430305129214304316e+03
1.651704656816594479e+03
1.492269823804709858e+03
1.568439138556588205e+03
1.444640831566373663e+03
1.651154501913978038e+03
1.500125584384625199e+03
1.458755770298516381e+03
1.458934443344237934e+03
1.509486648493998700e+03
1.538114937943671521e+03
1.536273323372003233e+03
1.511122542266437449e+03
1.563860118616144291e+03
1.475793653851685804e+03
1.568577993944461923e+03
1.334115878502439955e+03
1.567287379695405889e+03
1.523253840986758405e+03
1.474143184835091461e+03
1.478288620404567837e+03
1.583698470929484529e+03
1.590421718842379050e+03
1.475167383568064679e+03
1.475722587151112293e+03
1.488349322500467679e+03
1.657955904444879934e+03
1.477344216646178211e+03
1.466167956166295653e+03
1.439419032348498376e+03
1.475890583950298833e+03
1.418130816195325679e+03
1.449690081582409903e+03
1.418280119326765316e+03
1.454004478644233131e+03
1.519797754412772065e+03
1.452315886925439145e+03
1.393956030743485826e+03
1.577640041688931433e+03
1.455323863603176278e+03
1.422307967981741285e+03
1.499542746442347834e+03
1.460307517204219266e+03
1.453832723721817501e+03
1.291353826916586740e+03
1.580331691865828361e+03
1.547779812055217235e+03
1.628417644716010273e+03
1.669402316626279571e+03
1.697004066921545927e+03
1.478085829139683710e+03
1.483558317302122759e+03
1.328399878702378601e+03
1.344694927986840412e+03
1.466582937025118781e+03
1.679506089200423958e+03
1.452417276571141429e+03
1.573189049335836899e+03
1.528373293702964475e+03
1.575105206825611958e+03
1.590510763808685851e+03
1.273575759944348420e+03
1.381104401774201506e+03
1.490855456218809650e+03
1.466586003282513047e+03
1.463098474493738877e+03
1.532700858232682776e+03
1.487630214953889890e+03
1.484939898626593731e+03
1.548557143373295048e+03
1.634875470964784199e+03
1.487207333395991782e+03
1.403897199251268603e+03
1.497325891562871902e+03
1.491624081929991007e+03
1.675417893069113688e+03
1.544189765193421863e+03
1.484339697368299767e+03
1.580368790703454124e+03
1.584086207904031198e+03
1.363958104992619155e+03
1.621409043782346544e+03
1.732144760025777714e+03
1.497510295793983914e+03
1.452144773030559008e+03
1.565530411777950349e+03
1.588414490413839303e+03
1.572782171893378745e+03
1.485887543444197945e+03
1.564961686870002268e+03
1.597039597519632707e+03
1.454227455196948540e+03
1.618799729235848417e+03
1.558244183489015995e+03
1.561736039682863748e+03
1.544407894191382638e+03
1.626158191091074514e+03
1.697367563944050744e+03
1.558271800920017085e+03
1.480613154731312761e+03
1.339567413311486916e+03
1.481962736744408858e+03
1.539649796040686851e+03
1.733605999830330347e+03
1.564026608615316263e+03
1.311417692378450738e+03
1.487951204994310274e+03
1.471048199683320945e+03
1.375599919524788675e+03
1.594569623855748432e+03
1.635341936863041155e+03
1.554407763432258662e+03
1.666597457279372065e+03
1.524494177931313743e+03
1.553892523164382055e+03
1.552006464960937592e+03
1.686523028785821680e+03
1.563780867608338440e+03
1.487928361501301652e+03
1.525320829056619004e+03
1.618587465446906890e+03
1.514798058800591207e+03
1.421921937849894675e+03
1.478207600799152488e+03
1.462745587685038345e+03
1.231023488119400554e+03
1.531967348797960994e+03
1.527045487053809666e+03
1.388377642445804440e+03
1.601461651679789838e+03
1.536966137856931937e+03
1.486793891356420090e+03
1.599241473158031113e+03
1.511455009467762238e+03
1.415638400370600039e+03
1.502821558350314035e+03
1.596847583467902041e+03
1.552452352049916499e+03
1.560016302905190514e+03
1.614026033977434281e+03
1.523774723454337618e+03
1.516555421297111479e+03
1.526019421890595368e+03
1.441097154800645967e+03
1.525457636358020181e+03
1.504835426891062980e+03
1.311496552946270640e+03
1.537353127642582422e+03
1.416659845932473672e+03
1.464589012175006246e+03
1.390287416021746139e+03
1.499637672003564830e+03
1.454253923867724097e+03
1.607520352442521471e+03
1.442309879671397994e+03
1.462989678610426608e+03
1.522811424892242030e+03
1.526571391758297978e+03
1.370739875268378228e+03
1.549721976535490285e+03
1.565959837078845112e+03
1.301610637659440727e+03
1.606855613717964843e+03
1.582771905128027583e+03
1.516240102864501296e+03
1.426477060247290638e+03
1.575445339114604167e+03
1.701809013882920453e+03
1.583806036576806946e+03
1.515671176678962411e+03
1.481673614757511359e+03
1.523359408672277823e+03
1.544875371903666974e+03
1.518122500266056932e+03
1.400410613465333654e+03
1.476932978416496098e+03
1.474257710959566339e+03
1.620893794706431891e+03
1.481126590815144027e+03
1.617734545192797668e+03
1.557906707221997294e+03
1.542459512045247266e+03
1.463643107672538235e+03
1.432413115627920433e+03
1.485869495456369350e+03
1.612936520949837814e+03
1.439822846732880862e+03
1.620185987400758904e+03
1.621814760789711727e+03
1.481391268151047598e+03
1.614597749984570328e+03
1.343962310332094376e+03
1.671196928874597916e+03
1.556482778743713425e+03
1.663607038645024204e+03
1.456422899645386224e+03
1.610353038869088095e+03
1.539465848319193810e+03
1.468786160871258744e+03
1.599019434729544855e+03
1.408921676010717647e+03
1.623352119675748554e+03
1.487695911852132667e+03
1.476917899845041120e+03
1.514993689350043496e+03
1.566062414462156539e+03
1.582251811584727875e+03
1.531584216601870139e+03
1.635967673811959230e+03
1.617725532080771700e+03
1.610100092166109334e+03
1.455551357996172555e+03
1.483736294764347122e+03
1.500033668329072270e+03
1.527192625351668994e+03
1.542195063181880414e+03
1.581471057763496447e+03
1.626015510911741785e+03
1.558781223039746692e+03
1.644280857528370689e+03
1.695658201260653868e+03
1.560905633848711886e+03
1.530168590759040399e+03
1.574930237468867517e+03
1.676506441237522040e+03
1.611803630424015182e+03
1.607955987885751256e+03
1.454392390522045389e+03
1.512434897584919327e+03
1.677225267415164353e+03
1.477774855741841520e+03
1.505555023067904585e+03
1.500291730273405619e+03
1.511993251090239937e+03
1.610555942802395293e+03
1.500687927032128073e+03
1.445488761169390500e+03
1.597892955586198696e+03
1.669784938139287306e+03
1.579413198584515612e+03
1.451680844008957592e+03
1.599015383018395369e+03
1.473441865877488226e+03
1.645386722017207603e+03
1.628189636713803338e+03
1.533965437157266024e+03
1.512648774857617582e+03
1.624576850173766161e+03
1.561061581589478692e+03
1.555482351545036408e+03
1.661268421428506144e+03
1.458534981855556453e+03
1.540912514660153875e+03
1.573668564312256649e+03
1.429439002395141642e+03
1.488377812041603647e+03
1.453331232502031753e+03
1.582060756696826729e+03
1.488783229445783036e+03
1.343660903430866256e+03
1.550836385810109050e+03
1.467761884137143170e+03
1.484231938102108415e+03
1.500845838760441211e+03
1.430301528140730852e+03
1.550206758255478690e+03
1.516095207919412587e+03
1.479306139820473845e+03
1.561192936848123281e+03
1.469157801740703235e+03
1.411871644528346678e+03
1.482022224124764080e+03
1.505566221070438132e+03
1.428219365644197978e+03
1.471704042952734881e+03
1.675293391145522946e+03
1.416918094903191104e+03
1.484113046388715247e+03
1.535848145606340950e+03
1.417229826036273607e+03
1.581698178896798254e+03
1.556550248746757688e+03
1.493712990528905493e+03
1.532606801329183099e+03
1.528396572169493993e+03
1.499711790505225281e+03
1.508543234254355411e+03
1.495916695147145219e+03
1.579950314729021557e+03
1.612504055949336134e+03
1.554587579754256694e+03
1.640392794585953197e+03
1.380136822819844610e+03
1.503083586945965635e+03
1.514013631262176432e+03
1.625056550172844254e+03
1.490103286210626720e+03
1.380545373001866210e+03
1.508880847352559613e+03
1.642778465730199969e+03
1.676363848524818877e+03
1.452234262274509774e+03
1.462391855107482570e+03
1.647984302855764327e+03
1.579082584375521492e+03
1.498364021508949918e+03
1.594423163971006261e+03
1.635673018974780916e+03
1.509187205055407276e+03
1.508795899835903811e+03
1.575782437578842064e+03
1.652187346217194317e+03
1.557850802158304532e+03
1.612999576672488047e+03
1.490269038598283714e+03
1.503456236009957138e+03
1.656655253229801701e+03
1.633347176371080650e+03
1.532757627333218579e+03
1.514483629864009345e+03
1.515367085357035194e+03
1.577641051836839779e+03
1.440048896639260420e+03
1.508309919338633790e+03
1.637425201274188112e+03
1.486264339828231869e+03
1.588151998587294656e+03
1.419592313592670507e+03
1.642185140381932797e+03
1.535134333123294027e+03
1.463218220432034968e+03
1.442252755076588301e+03
1.498003151057386276e+03
1.753427446127661597e+03
1.674674961784630796e+03
1.520546611518474947e+03
1.498007195532869446e+03
1.724885001264970924e+03
1.535707559762385699e+03
1.606041503883599944e+03
1.476068699478156304e+03
1.372012811027437010e+03
1.627080224712394283e+03
1.412681418696754918e+03
1.543042062328483098e+03
1.661759290052813185e+03
1.416608656195663343e+03
1.551718119005813605e+03
1.708740629441145302e+03
1.576013517695822429e+03
1.690496604075978439e+03
1.591112365988361034e+03
1.639538228785451565e+03
1.541011441489371236e+03
1.603101149993601666e+03
1.541491050315651137e+03
1.498744874029418952e+03
1.507378377320143045e+03
1.573692415923777844e+03
1.539241087521344070e+03
1.509307931367259471e+03
1.520152341527837052e+03
1.696465839020163003e+03
1.671998126777935795e+03
1.475409452685310725e+03
1.483985613235438677e+03
1.586947176636524091e+03
1.399854329009643607e+03
1.484946091730477747e+03
1.532932754409774589e+03
1.611310864507607221e+03
1.494876638369572674e+03
1.316708447673225237e+03
1.510715294190909162e+03
1.468123828493385190e+03
1.557637345586863603e+03
1.528357987691245626e+03
1.531624589359057154e+03
1.751949285016517933e+03
1.729336861698368921e+03
1.726363864541908697e+03
1.556108254532672163e+03
1.561391190129034385e+03
1.457072985798612763e+03
1.489073780952137895e+03
1.440433686779840400e+03
1.506024679753006012e+03
1.721314154601948758e+03
1.611747563878974915e+03
1.658500938378895171e+03
1.422472067680012060e+03
1.529994039388699548e+03
1.296963410098922395e+03
1.701886613840704513e+03
1.572284754615218844e+03
1.648221655887986344e+03
1.447381918252894820e+03
1.625615863026412626e+03
1.680371311304373421e+03
1.615812540006604650e+03
1.685769076997668208e+03
1.543768544914950098e+03
1.711088151499933474e+03
1.694069145997675150e+03
1.517793641920401797e+03
1.673650804717112123e+03
1.458025950436776156e+03
1.645408032662767710e+03
1.595029458856214205e+03
1.650133556048489027e+03
1.452637867092323404e+03
1.599941342938497201e+03
1.606498459402514982e+03
1.654397568136027076e+03
1.422401444872611819e+03
1.607830056867645908e+03
1.655426798308514435e+03
1.516799000372278215e+03
1.852072528770152985e+03
1.632748593232477788e+03
1.616989410085246163e+03
1.706083682673397107e+03
1.657122897713450357e+03
1.569627604023812182e+03
1.612435428585357386e+03
1.344229111099593865e+03
1.531358552945700922e+03
1.641944014243968240e+03
1.641734522783403463e+03
1.695489686048724479e+03
1.393901026535571418e+03
1.742147836507780085e+03
1.754456613537606472e+03
1.724701949372964009e+03
1.560438358180474097e+03
1.581798093716865878e+03
1.548922806591330300e+03
1.480466143647556692e+03
1.403214592182695242e+03
1.635736483998001859e+03
1.592839303692478552e+03
1.696695584054949222e+03
1.627623066845237645e+03
1.493924367687013728e+03
1.524378019358756319e+03
1.579016139290861702e+03
1.691701266544275086e+03
1.601002869327563303e+03
1.530049814745982985e+03
1.594678965172284961e+03
1.582777018069622045e+03
1.526909773396578430e+03
1.689152909949441437e+03
1.639827970897268870e+03
1.494098341923096086e+03
1.498243013046535452e+03
1.595305971069602037e+03
1.424949988325610548e+03
1.589945364787002518e+03
1.590944270099420464e+03
1.719853389751687246e+03
1.476843676435720909e+03
1.595783420166147152e+03
1.346040364876358353e+03
1.546608493307057870e+03
1.574904452366262376e+03
1.607765079401443018e+03
1.606773952034234071e+03
1.559625141379917295e+03
1.399304113644740937e+03
1.362548499284258696e+03
1.583539937360947079e+03
1.414873768724201909e+03
1.540925081607736047e+03
1.509279567367992968e+03
1.475510373932518860e+03
1.513812734007503423e+03
1.490416636531295353e+03
1.283950201033229860e+03
1.414756355467668300e+03
1.370414250565447674e+03
1.483021920552253960e+03
1.506794533928275087e+03
1.455821833341565707e+03
1.349073072510621614e+03
1.432190004921482796e+03
1.563263810928060593e+03
1.485117970086375863e+03
1.639979662419102624e+03
1.465727814589612308e+03
1.511265092947077392e+03
1.368239303889996336e+03
1.522564051862649876e+03
1.580999786550183217e+03
1.390641363951558333e+03
1.519035957361605369e+03
1.485518309072337615e+03
1.604296241145729482e+03
1.610070294681604082e+03
1.397187520522800241e+03
1.460250355327562147e+03
1.461816137324837200e+03
1.384986894849625287e+03
1.490018064564787210e+03
1.470134222472131796e+03
1.392615701185686021e+03
1.525092383292395425e+03
1.426767009246040971e+03
1.395777511393601799e+03
1.494030363667544862e+03
1.414013036558315434e+03
1.235017140642954928e+03
1.394584400284190679e+03
1.392808215659073539e+03
1.499806791346735736e+03
1.624815206739747737e+03
1.536118396959262327e+03
1.342343113519871167e+03
1.415237389947272732e+03
1.497295890501027316e+03
1.459488103809890163e+03
1.538488831372254481e+03
