-2.706573801416070637e+03
-8.315968874308144905e+02
-7.892301256412303019e+02
-7.940259753934536775e+02
-7.336437699343462100e+02
-6.862467500816001120e+02
-8.569489970690708560e+02
-7.106841383999073969e+02
-9.074620261693795555e+02
-8.049029600612581135e+02
-7.582889029999579407e+02
-6.604056776451006954e+02
-9.241707233171574671e+02
-7.680129019873057814e+02
-9.612175799771728180e+02
-7.140917946172356778e+02
-1.369948320727450891e+03
-8.420374610423623380e+02
-8.967372273572788117e+02
-8.730216675736676279e+02
-8.334825828449237406e+02
-8.958742818916346096e+02
-7.765428834988083509e+02
-7.498894223799923111e+02
-8.141876924593651665e+02
-8.608344840326755047e+02
-7.786423934899781898e+02
-9.042969462181979452e+02
-7.120305078659785067e+02
-8.591121395683929904e+02
-6.117379974692883025e+02
-9.609129568565092541e+02
-1.040341144559182339e+03
-6.843052226819202133e+02
-8.195409301153545130e+02
-9.720727673034328973e+02
-7.375550705029768324e+02
-8.503513320352324172e+02
-8.744974881247056828e+02
-8.293083411392276503e+02
-8.109037107194832288e+02
-8.544033287064835349e+02
-8.531388946986271549e+02
-8.847159763867531410e+02
-8.213784276579206107e+02
-7.881630126020187390e+02
-8.825876681597536617e+02
-8.700403636356360266e+02
-1.318039112701708291e+03
-7.783004662402775011e+02
-7.844030580175849536e+02
-8.254167662780840828e+02
-6.896315289568412936e+02
-7.502799809899793217e+02
-8.636875588261743815e+02
-8.938749229410823318e+02
-8.687016028096400078e+02
-8.784634836616944540e+02
-8.543690747064888455e+02
-7.056834113234070855e+02
-8.673992312105264091e+02
-7.762126117747553735e+02
-9.234823029512189123e+02
-7.968732955104771918e+02
-9.874513794892445731e+02
-1.054760617418259926e+03
-1.417174333962113224e+03
-8.242413121245924685e+02
-7.973181974134406573e+02
-7.556912509390137984e+02
-8.359396534045197313e+02
-1.074873154229460852e+03
-6.946307269235604736e+02
-9.205615112315879287e+02
-7.093742555684011677e+02
-8.667840966781725456e+02
-8.497263110593627289e+02
-8.188474367995308967e+02
-7.353122071119061047e+02
-8.191398898129220925e+02
-1.053928753919353994e+03
-7.738758680168167530e+02
-8.302745885881029153e+02
-9.037843294136929444e+02
-8.063153830848066264e+02
-7.151920511433385172e+02
-6.966846129435374451e+02
-7.439232025681874347e+02
-8.363349948082664014e+02
-1.104380047998218288e+03
-8.394805717849126268e+02
-7.895533701689184909e+02
-9.722672028761317051e+02
-7.818387195011994208e+02
-8.151662686553729600e+02
-7.427887483972439213e+02
-8.035121706465884017e+02
-8.766997292685762204e+02
-8.678585154100176169e+02
-7.907516581626684911e+02
-8.911815529322014982e+02
-7.529116214842035788e+02
-6.887715072604638635e+02
-7.932140846691645493e+02
-7.737658385900379017e+02
-7.346237546014708641e+02
-7.294587279520901575e+02
-7.361422312162679873e+02
-6.831207505510544706e+02
-9.944781381289842557e+02
-7.692002541569535197e+02
-7.779891199344486949e+02
-9.713140774548680838e+02
-8.902391992136956560e+02
-8.355128870463786370e+02
-1.180908596439097437e+03
-7.873495345613855534e+02
-7.162742844720002040e+02
-9.371754558258147654e+02
-7.894213402753417768e+02
-9.219326334543272878e+02
-7.742051951800249299e+02
-8.580066954929478698e+02
-9.373712926131718177e+02
-7.676788506382548576e+02
-8.152446443444778197e+02
-7.189430154836397833e+02
-8.712767017730278667e+02
-7.365478015254209367e+02
-7.636223927491566883e+02
-9.682795694242753370e+02
-7.988999608763535889e+02
-8.967426642935556629e+02
-7.980244772350200719e+02
-8.389907283921065755e+02
-7.197432101412955490e+02
-1.402204872684550537e+03
-9.207630973672251002e+02
-7.821732215204817749e+02
-7.504993671321119564e+02
-1.005747730769426994e+03
-7.429352108828767314e+02
-7.890787335648270755e+02
-6.953850000385165231e+02
-7.725754513146143836e+02
-5.942867609239596050e+02
-7.730118206389843181e+02
-6.722352828664892286e+02
-9.236065736335093561e+02
-7.936058174764159503e+02
-9.176562550376656873e+02
-9.668437296351366967e+02
-1.037663189394657365e+03
-1.462102798036084323e+03
-7.541667292436997059e+02
-1.663043851826827449e+03
-1.152624949003714846e+03
-1.726544901481757051e+03
-8.134601747159790648e+02
-1.662406267094010445e+03
-1.258260707902056765e+03
-1.714373020316232214e+03
-1.209150040256771490e+03
-1.701569326057126773e+03
-8.364529006912562181e+02
-8.176707406823703650e+02
-6.316929320856490904e+02
-7.781232823387365443e+02
-2.969018267459365461e+02
-8.313523378608379062e+02
-9.509712873738791359e+02
-9.065505354363132255e+02
-8.323975796998746546e+02
-8.651525529746368193e+02
-7.336085446029921968e+02
-8.301224100249296498e+02
-9.746114543113161517e+02
-8.885534718282605127e+02
-9.101227416746037306e+02
-8.372756963260436578e+02
-8.262590635726562596e+02
-7.998196774531837718e+02
-9.552393082925766521e+02
-7.951891382233933427e+02
-8.804633617670450576e+02
-9.565483943058713976e+02
-8.677331904820904356e+02
-8.625162762663331932e+02
-8.764466901469140794e+02
-9.525770630869209299e+02
-9.145537062269791022e+02
-8.042573554652681196e+02
-9.248185537586315377e+02
-9.413047074905613272e+02
-8.796420576858162121e+02
-8.899126892091073842e+02
-9.060379195935206553e+02
-6.790966943868521639e+02
-9.225566286056025547e+02
-9.016757059721251153e+02
-9.531920460752638746e+02
-9.565422057368130027e+02
-8.875360312145779744e+02
-8.558415505056390202e+02
-9.582913797353111249e+02
-8.628752506875614472e+02
-9.592444675142165806e+02
-9.488378398216543701e+02
-9.662111068557146609e+02
-9.517379877015221155e+02
-9.082226916100244125e+02
-9.593097184056990727e+02
-8.988829879510556111e+02
-8.723328481500602720e+02
-8.133103485768874634e+02
-8.845357853604891716e+02
-9.503252450022619087e+02
-8.622761425874145971e+02
-8.701267185995646969e+02
-8.111983686719077014e+02
-9.621094012337537151e+02
-9.394779364996489903e+02
-8.505455777289414527e+02
-9.637649561154264575e+02
-9.246645837295573074e+02
-8.695150968582593123e+02
-8.410043976071247016e+02
-7.117682325555230136e+02
-8.374198014864442712e+02
-9.362933738872022786e+02
-9.843437753015923590e+02
-9.116013429693167609e+02
-6.838773148887468096e+02
-9.174235343434302195e+02
-9.115146154279802886e+02
-8.950327660289318601e+02
-7.893591895344975455e+02
-8.255914941834284946e+02
-7.840245461909746609e+02
-9.103015027843921416e+02
-7.543446243465269845e+02
-7.908979595253313164e+02
-9.321450248670356586e+02
-8.198114407799548644e+02
-7.924674518007666393e+02
-1.382236821877457942e+03
-8.101982640600303966e+02
-1.043941673407431381e+03
-8.248613769800339242e+02
-9.487731509694051510e+02
-8.910610240754298275e+02
-1.000851128803858160e+03
-8.346972714900481378e+02
-8.748446452869428640e+02
-9.605117626542374865e+02
-8.094547321480522442e+02
-1.368146579645080465e+03
-9.157229206784248845e+02
-8.123638924340031053e+02
-1.518532238856101458e+03
-1.245129105069478783e+03
-8.791325873227285683e+02
-9.012350846588590230e+02
-1.311827258923173304e+03
-1.543725143531394224e+03
-9.273288273159595292e+02
-7.163362447942726021e+02
-9.317014688547164951e+02
-1.391283784501816172e+03
-1.400481032927208616e+03
-1.062076249010340007e+03
-1.069920415198673709e+03
-1.069109339770531733e+03
-8.085439519447854764e+02
-8.737447157510131319e+02
-8.688894534639234735e+02
-8.726476958491193727e+02
-1.409464443478546627e+03
-1.447339086395797722e+03
-9.538515944057745628e+02
-1.592879083942908437e+03
-1.035830540605250917e+03
-2.041071042058432795e+03
-1.513430505825700948e+03
-1.006409608428337265e+03
-8.673633205349063928e+02
-1.340393818722861852e+03
-8.032538732093407816e+02
-1.165767228529633940e+03
-7.908142412398527767e+02
-1.091325791310804561e+03
-1.235458250014279656e+03
-1.161341514765637839e+03
-1.346981544249840681e+03
-1.093412341146691460e+03
-1.556322301090021256e+03
-9.280377179581082601e+02
-1.401297463044311826e+03
-1.721167361143228391e+03
-2.143466867307480243e+03
-1.380489652640090981e+03
-2.221292211302498799e+03
-1.097047942459479827e+03
-1.050905001987220203e+03
-9.025507193448794396e+02
-1.902070401974148581e+03
-1.245008942316785124e+03
-1.232064755679845121e+03
-1.588554191239911461e+03
-1.231201521135981466e+03
-9.819248886481225327e+02
-1.490247841151808871e+03
-1.455476857400352401e+03
-1.102112531936418463e+03
-2.220652811093627406e+03
-2.584751217489579176e+03
-1.688597750085878033e+03
-1.831470225340678553e+03
-2.380765637362942471e+03
-1.962339009374157513e+03
-1.101044654640894578e+03
-1.311263604408777610e+03
-1.747638111029061974e+03
-1.446435060968258085e+03
-1.546714300046239259e+03
-2.259441847860949565e+03
-1.311961850514903972e+03
-1.288172048740479113e+03
-1.113796504466057513e+03
-1.103805413710478661e+03
-1.751896180660062328e+03
-8.522318726228277228e+02
-2.090094493094167774e+03
-2.083582952715074953e+03
-1.514656379469810418e+03
-1.086091801776602097e+03
-2.758389181994055434e+03
-1.230187004616922422e+03
-1.420991389053434432e+03
-1.324927499899430359e+03
-1.586277721086709334e+03
-2.001978893573052574e+03
-1.151296686900525174e+03
-1.306056273972448253e+03
-1.137179264211621785e+03
-9.682173227228042833e+02
-9.525396374106921940e+02
-9.120695355498107801e+02
-9.899481964981829378e+02
-9.226760569284997473e+02
-1.317573752919546905e+03
-1.006056117933908808e+03
-1.131593780579035638e+03
-7.747940224101519107e+02
-9.739564953712476836e+02
-1.678530794714567492e+03
-8.078262864228100852e+02
-9.414145123581565713e+02
-1.516260766559984404e+03
-1.105826292348587458e+03
-1.061266239918421661e+03
-1.754250937488660611e+03
-1.019983969311412920e+03
-1.246260388740952294e+03
-8.900339118226987694e+02
-1.104626519006510762e+03
-9.170241641345602375e+02
-7.119460662647013578e+02
-8.091534660208576497e+02
-1.905326435047441691e+03
1.450029572240374591e+02
-1.716291567400410713e+03
-1.005624657852661358e+03
-7.330873190819420415e+02
-2.184305537186533002e+03
6.702546253358193553e+02
-8.973631319400102484e+02
-1.121830709955874909e+03
-8.240840759979525956e+02
-1.675748951203308479e+03
-8.373563453745692868e+02
-8.097041946499424512e+02
-9.875235710560307325e+02
-1.448646262786883426e+03
-1.162079072073795032e+03
-1.932183458242561528e+03
-1.082445171762685050e+03
-1.410413140264241747e+02
-9.672337141228742894e+02
-4.977217566436368656e+02
-9.518246067198419951e+02
-8.838833527758048376e+02
-1.144102750217301946e+03
-9.747588358111885327e+02
-7.452235836033889882e+02
-8.301892321131788322e+02
-5.555370815017620316e+02
-1.077040910203071235e+03
-2.133368573232253766e+03
-7.991789341700022078e+02
-5.682607058005908129e+02
-1.737392061912518102e+03
2.860352091248220177e+02
-7.127993480302019407e+02
-1.579829662692522788e+03
-2.084058848689761362e+03
-1.411407110369469365e+03
-7.555427235711665617e+02
-8.727256747637841272e+02
-6.034966770831077838e+02
-8.043356239563113377e+02
-1.303561834903331146e+03
-1.445304278130523926e+03
-1.078298411291282719e+03
-9.170282672860697630e+02
-7.378302354186580487e+02
-1.704183904618906126e+03
-2.403966939659495665e+02
-7.155761300592563430e+02
-8.750810444235174828e+02
-9.077221133693235515e+02
-9.447768282798020891e+02
-6.658017909861696353e+02
-8.373347170834372264e+02
-1.309897526406427914e+03
-9.384977273467152372e+02
-8.802473208450404627e+02
9.188860917854542549e+02
3.968144686062032065e+02
-8.310303769946103785e+02
-2.835945952620406842e+02
-9.815780408358668865e+02
-6.993509646220323930e+02
7.446674731348276737e+02
-9.329490708750719250e+02
4.016117714201449758e+02
-6.383944391855698086e+02
1.761546170647285408e+02
-8.069763959034248728e+02
-3.383978860404009765e+02
-8.405383212800545607e+02
-1.278249055289782973e+03
-2.986083298392072720e+02
-1.012559921409393155e+03
-8.085792106638024279e+02
-3.524625464749419734e+02
-1.335158399202518240e+03
-6.133387889164232547e+02
-4.912673340656567689e+02
7.687776745354707373e+02
-7.707748344051312870e+02
5.385077525769665954e+02
-7.131399373562487654e+02
-5.736167633857503461e+02
-4.461582549291508712e+02
-7.026485055448304138e+02
-7.095758743341943955e+02
-1.063193627122774387e+01
2.199239272711467379e+02
-6.244409924116852153e+02
-1.830205857051651890e+02
-6.813533956842069301e+02
-8.060516410817551787e+02
1.007016814482288680e+02
-7.624685233881565409e+02
2.984396194910356144e+02
-9.296205226763852352e+02
-7.675534187939855428e+02
-6.792618675692916668e+02
-3.724235056765576815e+02
3.067976857550609111e+02
-7.328382134395558296e+02
-8.423551732944675905e+02
-4.212677244602490987e+02
-5.013893434284639170e+02
-3.151439738162710569e+02
-1.313023710217717053e+03
1.294206568980353040e+02
-1.427530963205186936e+03
2.149152455041789551e+02
2.685826250436195437e+02
-8.617320588791104683e+02
-8.157080908521871834e+02
-1.404614503558765591e+03
-5.820755488317350910e+02
-1.765182402498965530e+03
-4.254542891268025642e+02
-1.778011428925337668e+03
1.809474525825895626e+02
-1.465870607332410145e+03
-6.016858823408326771e+02
-9.918466451042511380e+02
-1.872821613176682831e+01
-2.602575883186151486e+02
-4.399785314217822929e+02
6.139040669303094546e+02
-4.402475188957656655e+02
-5.962405791626312066e+02
-7.159817631591655527e+02
4.311582200556226212e+02
-1.998476545027809834e+02
-1.105035917417590952e+02
2.248617473142733445e+02
-1.321762159853319645e+03
2.304237797165754387e+02
-5.250814683146389825e+02
-8.900647708048829827e+02
-4.072601227878946588e+02
-3.384247258779947742e+01
-6.929985133875402425e+02
-1.376000396041782096e+03
-2.735585937841232749e+02
-1.482366045655062408e+03
4.538166464964090210e+02
7.402486417438544777e+02
-7.990436750279054650e+02
-5.431866360740068558e+02
-3.857075377491431709e+02
-3.504289419528435019e+02
-6.177731440036873209e+02
-1.679753668118323048e+03
-7.997156325774482184e+02
-4.472354944443231943e+02
-7.568723272418219494e+02
-1.106375558983701012e+03
-8.762909034447129670e+02
3.299468880456927877e+02
-7.875825921657408912e+01
-1.802493061162792287e+02
1.478973615715338212e+02
-6.217944926423449488e+02
3.553115297313382825e+01
1.084565968787560735e+02
3.912345227209073073e-01
-1.538251252675735259e+01
7.734815875832140364e+01
1.363426522644360261e+02
1.956340350383418070e+02
1.350749389384236849e+02
2.551711469775344767e+02
2.986521645760871024e+02
5.969233189223183444e+01
4.501634979359276940e+02
5.757560000950441008e+02
2.226026264330685080e+02
2.832603124935637311e+02
1.893339387779984690e+02
-4.732228111560635853e+02
-4.881746219677939962e+02
-3.644468249112627518e+02
-8.460198418398680360e+02
-9.083500634392100892e+02
-2.169445879896971974e+02
-1.216897241908153774e+03
-9.952325471944958508e+02
5.418018575313085705e+01
2.904854596636576503e+02
3.113495287213860934e+02
4.774071101396437200e+01
-1.314018654087454479e+03
-1.592402995580974618e+02
-9.303330817917811828e+02
-3.744948813683544699e+02
-4.621464913771541774e+02
-2.090421852637437325e+02
2.400162110417862777e+02
-4.799264276210676030e+02
-2.049493202033947910e+02
-7.724930697430523878e+02
-2.086600051540714844e+02
-5.961032058647227814e+02
-3.724393587160653851e+01
-1.829299079116640883e+02
5.203902162038974666e+02
5.068011670230966956e+02
1.036905765268807613e+02
5.133026010452439323e+02
8.860249772016703673e+02
3.784923514650370748e+02
1.005475758903465611e+01
-3.705078411153272100e+01
1.575998764800286835e+02
5.990900950680792221e+02
1.817537407350064882e+02
7.745706068463899783e+02
5.886672851555910029e+02
-3.525513766113734277e+02
3.485696413381716070e+02
3.763654313218564766e+02
-5.463273265490819313e+02
-4.314594448243783518e+02
4.460868978364018744e+02
3.744653934474434891e+02
5.699025766123384074e+02
-8.732199073405134016e+01
4.186787197476402298e+02
-2.527615698735193632e+02
6.214795470667186805e+01
1.670754625611457982e+02
-4.528876165796054352e+02
-4.198587826406745194e+01
-8.705899704014494489e+01
6.704953962974949491e+02
5.591113258752102411e+02
6.147434272034981859e+02
-1.588769368046375803e+03
2.878951368604097638e+02
-5.715389296107838391e+01
-9.930096690352864925e+02
4.766759332981763464e+00
-2.021917252647230043e+02
-1.043466022013010104e+02
-8.785703084039917030e+02
2.157140574521783378e+02
-1.753348946112000135e+02
5.010788692509332805e+02
4.943758637247875072e+02
5.427735695074816249e+02
4.133260118422473397e+02
5.701190497863808559e+02
4.744612085667988595e+02
9.431452568642891947e+02
1.046227339772798132e+03
7.433561815843731893e+02
3.387108003305390866e+02
9.220608033957720409e+02
1.082998190884433825e+03
1.086498774056319235e+03
1.031937095229566921e+03
6.719564212106487275e+02
-2.874560002945251540e+02
4.550551162808582149e+02
8.734670136306635868e+02
1.061871413722095213e+03
7.692142099181579624e+02
9.509534396823108864e+02
6.651156863543662894e+02
8.835675658489823263e+02
7.379008612839965053e+02
1.001400743312671580e+03
8.875094278936985575e+02
8.219159944262395356e+02
3.973533383458209300e+02
3.591184505873317789e+02
3.023826321328172071e+02
4.011082988939832603e+02
4.530347226724215943e+02
3.353709782728927280e+02
3.521272725823113205e+02
6.166580222674531342e+02
4.851994945189298960e+02
5.280556875706107576e+02
4.474972321573602585e+02
2.725954640403736562e+02
5.015766731814626382e+02
4.690353011470998581e+02
3.222324542821363593e+02
4.344111840223527565e+02
6.374672744044543151e+02
4.612334111588245946e+02
4.698607499030254075e+02
8.303702625357216220e+02
4.380567352264188230e+02
6.506153108279258959e+02
5.565078076544384658e+02
5.883111645425343568e+02
7.749251456133260945e+02
4.324063020435147564e+02
5.131322364492463066e+02
6.207149012869110720e+02
7.158540981208461744e+02
4.108681672340482578e+02
5.605575364802028844e+02
5.768992377442709767e+02
7.692800992430015867e+02
7.250797664130832345e+02
6.478772855866528744e+02
6.284259258000633963e+02
5.371713713433885005e+02
6.148349132771871837e+02
3.600774845264228361e+02
4.851431048145329896e+02
5.382789225626800089e+02
4.634407215251068806e+02
4.393856619781903419e+02
4.675658932385898652e+02
6.688240182508118323e+02
6.541787180455670523e+02
5.178875768685386447e+02
5.115750388045875070e+02
5.156007556294060805e+02
4.804992346803652481e+02
5.033751771339523202e+02
6.194527422948640378e+02
6.016719079632417788e+02
6.714425521469455589e+02
8.109462395029363506e+02
5.032150348478133424e+02
5.829353500432739565e+02
7.657190375977455687e+02
6.685044443987371778e+02
4.751450109780799949e+02
7.928341739031108091e+02
6.120225784776905584e+02
4.043306500273201891e+02
7.837298280480765698e+02
2.132329296667100493e+02
2.800082043291542959e+02
1.330245248775568712e+02
4.972674991203077752e+02
4.070024583308424440e+02
2.788332426539850530e+02
4.766176132580605440e+02
4.303834669519917497e+02
4.456437965513687232e+02
6.412680928289427129e+02
6.029993092728520878e+02
5.829775691458737583e+02
6.396185715145344375e+02
4.017905553982108700e+02
8.293113368176926770e+02
4.727412779849744311e+02
4.201836298681953394e+02
6.877447226190181482e+02
6.921373709497546542e+02
4.753283345039300229e+02
5.170335953998304603e+02
5.795599060836926810e+02
5.414361391540119257e+02
7.435757601989669183e+02
7.506377239224328832e+02
6.763204775499224297e+02
5.806722024735008745e+02
7.113466713939056945e+02
5.758708074085495809e+02
7.529366999167748418e+02
4.344785129884258481e+02
7.433941641192548104e+02
7.227464136584637799e+02
5.571200492530836073e+02
6.424963581590168360e+02
7.424865512300971204e+02
7.564880547876506398e+02
7.235868834208595217e+02
5.739108920674539149e+02
6.367274175204559015e+02
6.125865868111978898e+02
6.562602474013945084e+02
5.437845071282380331e+02
5.560093042153241640e+02
4.339615460147264798e+02
6.727487753894043863e+02
6.807141500017927456e+02
2.874279185250881028e+02
3.532337527980336063e+02
8.041609458636647787e+02
4.097738955726975405e+02
7.537187064208781067e+02
7.366415110858563366e+02
3.737794453631241254e+02
5.847097820698120358e+02
4.390132956060800780e+02
7.880925787093765393e+02
8.037043419628890888e+02
7.549664511037856300e+02
9.646277173954505315e+02
9.754504560412312912e+02
9.569108352570596026e+02
9.383452264210468456e+02
7.875635898595306799e+02
7.483411078109616028e+02
5.926091080563960531e+02
8.418343534481937240e+02
9.027340226293581509e+02
8.738239752771652320e+02
6.201761821486104509e+02
8.380332040980800912e+02
7.992764843295459514e+02
9.951276226716070141e+02
9.061184267451602636e+02
7.372195224768435082e+02
7.206343482038738557e+02
8.263577537880739783e+02
8.671584091456331862e+02
-2.491749646104321414e+02
8.101535521596181297e+02
9.559670430955485472e+02
9.648442346946834505e+02
8.686138713566552951e+02
9.593147551385297902e+02
1.037859460591015704e+03
8.918465641309444436e+02
1.067460711684977468e+03
9.873252213090904661e+02
9.745938471810640067e+02
9.538908822910248091e+02
9.656510916598087988e+02
1.003519650695386986e+03
9.657303165970937471e+02
8.873266612331299257e+02
8.433198421471954589e+02
9.930962576404195943e+02
1.096015062667941038e+03
1.052793838371879019e+03
1.058113467768153896e+03
1.131678724961343733e+03
1.025611011621175749e+03
1.085232438131252593e+03
1.083758236984162977e+03
1.152070106850711682e+03
9.616197238749684857e+02
1.402370514377613745e+03
1.134174985724262115e+03
1.267550083843639186e+03
1.281363818630045444e+03
1.035433471740760751e+03
1.293964337537912570e+03
-6.023766121102486437e+01
1.057076499756851490e+03
1.267907743681626243e+03
9.626530864770317066e+02
1.249717617054315724e+03
1.105455718822885046e+03
1.075836425197530161e+03
1.160205186824556449e+03
1.132200481134970460e+03
1.228474978822129287e+03
1.067471970118279387e+03
9.504790056781625935e+02
1.085678191791250583e+03
8.643005173019005269e+02
1.237872851761831953e+03
1.100134688116631878e+03
1.192463238672745319e+03
1.134128245021308430e+03
1.220675914901992655e+03
1.027576709475908046e+03
9.505920347184545562e+02
9.500382719731276211e+02
1.043577560315570508e+03
9.923656058756837410e+02
1.025740447396327227e+03
1.091527160964106315e+03
1.139933318416363363e+03
8.651177373621873130e+02
1.166502572501116902e+03
1.364831762033346422e+03
1.059628327756836825e+03
1.125949112690912671e+03
7.583823811194746440e+02
1.000258536593796748e+03
1.036670535759719769e+03
1.077101153272747297e+03
1.041958992226803502e+03
8.005502528775007249e+02
1.065207367317632588e+03
1.011046105204282526e+03
8.815666053864109699e+02
1.118405359051765572e+03
1.086478343117363238e+03
9.660629043950108326e+02
8.362102734535206991e+02
9.114064563790331022e+02
1.120305218931228865e+03
7.684589589589699017e+02
9.131923024839229583e+02
6.709320537500581167e+02
9.403685204788624787e+02
5.454494846689456153e+02
7.988233561076185651e+02
9.056072467175187057e+02
8.426666965358698462e+02
1.034487982454761550e+03
7.372880627962736071e+02
9.495008730788609910e+02
8.106469166643387325e+02
1.059202586485699840e+03
1.021062091616378666e+03
7.965624452848460351e+02
1.082299844015433109e+03
6.415175303785026699e+02
9.590917560294557234e+02
7.962189868888508499e+02
9.225472453018101078e+02
5.876630880987930823e+02
9.868491339585445985e+02
6.986307102394050617e+02
8.118052108886095084e+02
8.207173973763638060e+02
9.615695774955223669e+02
1.012329301202918145e+03
9.576015923578460161e+02
8.965567934277239601e+02
5.630821505313568878e+02
6.129774400437529494e+02
7.754605704266450630e+02
5.712414461111382025e+02
8.659720105660225045e+02
6.621964652325578982e+02
8.541166043379995472e+02
1.021494018532653513e+03
6.856619984659193960e+02
9.714675916106674549e+02
1.147606105715020703e+03
1.065195265812122670e+03
9.502717263777265089e+02
7.898278526201856948e+02
8.760927666344454110e+02
1.027239606793426674e+03
8.092878297490636896e+02
9.077610003079502121e+02
8.149003553033319349e+02
7.474108241645458293e+02
9.473338732111349145e+02
1.033162562392114296e+03
9.315839374858574047e+02
9.363830640632963878e+02
1.023443531527439973e+03
8.942338201307734380e+02
9.963975461656148127e+02
6.919094223562565276e+02
8.199690199650378872e+02
9.858384485664489603e+02
9.575400167634414856e+02
6.269993819129804251e+02
1.125708056514775535e+03
8.312761335487981569e+02
8.585882180146222709e+02
8.800192143226147437e+02
7.983637150227889379e+02
9.892935725650957011e+02
9.385868009697277330e+02
1.029185178618784448e+03
8.026857905903691517e+02
1.012070898436994185e+03
9.466251340614783203e+02
9.659540871495321426e+02
1.011108688671668006e+03
1.096508952883387565e+03
9.071400650116133875e+02
1.004041454210701431e+03
9.503818101908974540e+02
9.490426932064249286e+02
9.925740157614404779e+02
7.070051901948271507e+02
1.105014942950234854e+03
8.972465916980418115e+02
6.547996814428956895e+02
1.008991356731625274e+03
8.546085210904623182e+02
8.263812085539867667e+02
9.973896192717199938e+02
1.064623211494950056e+03
9.383336673577862257e+02
8.832521100564545122e+02
7.454117554175982150e+02
1.011133032859025434e+03
1.124030627803583911e+03
1.043670102274788405e+03
8.652302098137315625e+02
9.430699119439999549e+02
1.047308213319513015e+03
9.517952901625146751e+02
9.816536254558895962e+02
9.910052845134708832e+02
1.020101063520591993e+03
9.593151323861642368e+02
1.024134703093806138e+03
1.000527154029698863e+03
9.386774207173224340e+02
1.216671560407101424e+03
1.033243463890141811e+03
9.117984522320830365e+02
9.179240148603350917e+02
9.091133989470920369e+02
7.561371507860792462e+02
7.486674447360197746e+02
1.115842134389113426e+03
9.894503121279190054e+02
1.106253120984196357e+03
1.132412590384841678e+03
1.046184564180709458e+03
1.038605701557377870e+03
9.062067835281226280e+02
8.448061545696905341e+02
9.804317185053403136e+02
1.063824370621653998e+03
9.177893862376351990e+02
9.476717046685926107e+02
9.292036384741802522e+02
9.854628960011341405e+02
7.985842799217934953e+02
9.309533204397058626e+02
8.921885541602367766e+02
9.296469480067464701e+02
9.150939292869178416e+02
1.018095319495638932e+03
7.999996154471469936e+02
8.173487219718903134e+02
9.811065156547811057e+02
