-2.317926996074724684e+03
-6.691538319400134469e+02
-6.462473921604567977e+02
-6.002872239736076381e+02
-6.457336598321339807e+02
-7.658479111261739263e+02
-7.786329529185961746e+02
-6.681399546596444452e+02
-6.301949216122815187e+02
-7.145476292492887751e+02
-6.766754809698018107e+02
-7.130323070253548394e+02
-5.890949731321933314e+02
-7.697835470697332312e+02
-5.019890676436995705e+02
-5.709631908863200351e+02
-8.135999123620329101e+02
-5.284797450532726089e+02
-8.141096660784633059e+02
-8.492240632744787945e+02
-2.972525561789425410e+02
-9.922017421762336653e+02
-8.574622179775112727e+02
-2.932189807934288638e+03
-8.011125938553291235e+02
-7.805683774936352393e+02
-9.373143345531644854e+02
-1.056393685890187953e+03
-8.936556520949429796e+02
-4.327485748463595883e+02
-2.004332652095605681e+03
-3.333292074445980234e+03
-5.430812885914697290e+02
-3.653573271361482853e+02
-7.202145864978892860e+02
-5.418537866742935876e+02
-7.681257804424892583e+02
-1.129292976092580602e+03
-1.434628088698774263e+03
-9.872478918422267498e+02
-9.213310429645167687e+02
-1.054990270822557250e+03
-8.177969163916458228e+02
-1.609544360811688193e+03
-1.564753092786650996e+03
-8.588265464555005337e+02
-5.765006227833498542e+02
-8.029801046407723106e+02
-1.078545686588786793e+03
-7.569105261033055285e+02
-5.126561913695845760e+02
-5.779248299042146755e+02
-8.813468956567169243e+02
-6.812425733197161435e+02
-4.984081029596043209e+02
-8.218267136551526164e+02
-6.921120647297050255e+02
-7.343021075570893572e+02
-1.081963342059852266e+03
-8.248487172919931254e+02
-1.023675908845496565e+03
-6.124111654964600575e+02
-1.058015471144851290e+03
-7.463364803241952359e+02
-5.588094433939630790e+02
-8.668230601078604423e+02
-8.531817371691561220e+02
-6.617915883251184823e+02
-1.815581378520383623e+03
-1.156478635960678275e+03
-6.921627644894033438e+02
-6.735378910622486046e+02
-8.806838300774992376e+02
-1.042779287907448634e+03
-1.046091355666560048e+03
-6.756156950314684764e+02
-8.552949129374446784e+02
-6.909177198447717956e+02
-6.274867521231257115e+02
-5.523828181134338138e+02
-4.640704178764871131e+02
-1.043966366553071566e+03
-5.744338754618709117e+02
-6.595778107794795915e+02
-1.097459714836585363e+03
-5.009480350718954469e+02
-5.867321625295855938e+02
-5.583941718690994094e+02
-9.990135232969273602e+02
-6.974664199668957281e+02
-8.665351349295154932e+02
-6.855508792524290129e+02
-3.380127594532041257e+02
-4.399547901733848789e+02
-6.662510169396027777e+02
-5.170828375738439036e+02
-7.331075786910059833e+02
-6.017659824525112526e+02
-3.239103865053526192e+02
-4.232298572983870599e+02
-8.899990050618168880e+02
-5.012846154420854532e+02
-7.327074606056723951e+02
-4.306365794982052648e+02
-2.047791633026008640e+02
-7.563267834897859530e+02
-5.446495990357658457e+02
-3.117179047346371590e+02
-6.651674944297792536e+02
-6.905339217106577507e+02
-4.325618272374819071e+02
-7.036283715232104896e+02
-6.807713207700460316e+02
-1.177410636029805346e+03
-6.863350277339592367e+02
-1.014974617616639875e+03
-7.655461193798453223e+02
-7.693179018011373955e+02
-8.639805238424519302e+02
-4.779799531258749994e+02
-6.429511456401737632e+02
-6.364145147388967416e+02
-3.606989386253861198e+02
-5.419549920044858027e+02
-3.774267721348794566e+02
-7.399763495994005780e+02
-6.623779627474630161e+02
-5.120703201475052992e+02
-4.117059564291560605e+02
-9.539135056966880484e+02
-5.260716135676443628e+02
-6.202285740760214594e+02
-5.084353317021641487e+02
-6.104006716704338942e+02
-5.069790910985050800e+02
-8.960973179918951246e+02
-8.545983113276868153e+02
-1.283593016548495598e+03
-6.616144130902860070e+02
-5.512884264423628338e+02
-6.392304246615267402e+02
-5.657823756076476229e+02
-6.209967793783260959e+02
-1.014283511037625090e+03
-6.327062602649491510e+02
-5.687483873663330769e+02
-9.536808626711591614e+02
-5.981435966979108798e+02
-7.737547688104093595e+02
-6.321014513036541302e+02
-6.864833608118228767e+02
-3.678737873865599113e+02
-8.718600104899367125e+02
-7.233535181844390536e+02
-5.769805743560376641e+02
-7.177059287559579843e+02
-9.449910486496265776e+02
-6.650394275261996881e+02
-8.478401052572571643e+02
-4.995894510689490176e+02
-6.047800542014670100e+02
-2.130219771084022398e+02
-9.810437510326839856e+02
-8.001121863048948626e+02
-1.449852582889959649e+02
-9.738802426638643510e+02
-9.297632198713773732e+02
-9.115166864714387884e+02
-4.539736247504278026e+02
-5.203925081218492323e+02
-6.949127622669332141e+02
-8.479196456092972767e+02
-5.557505590649514033e+02
-5.019718897400550759e+02
-1.172893762100351523e+03
-5.774560686388999784e+02
-7.126997402276912226e+02
-9.171728230251885634e+02
-9.384014301965855793e+02
-6.803934304521756076e+02
-7.043653246053719386e+02
-1.705443030524627602e+03
-2.547401470887590449e+02
-8.989947162491897643e+02
-9.609125150123161347e+02
-2.575660097759019322e+02
-5.809215317748943335e+02
-2.697636633544812412e+03
-1.243435626226627392e+03
-1.008529712254692413e+03
-7.358397155284289965e+02
-5.115393717867563055e+02
-6.288034543596319281e+02
-1.175306667004809697e+03
3.451263391186870422e+01
-1.163766728578081711e+03
-1.795307283260748363e+02
-7.000613009090874357e+02
-7.194273368867377485e+02
-4.596153732362731716e+02
-7.975575898449045553e+02
-5.935442033573468734e+02
-1.008890504839070786e+03
-3.669771733575942108e+02
-2.011048326442752057e+02
-1.214449267085597967e+03
-4.728901697598275291e+02
-1.406194583649015840e+03
-2.614665426341354078e+02
-6.598279665689465219e+02
-9.212784426921307386e+02
-4.538984280580509107e+02
3.689816490950919956e+02
-3.265909141904948001e+02
-3.590974336046357394e+02
-2.278318876802408113e+02
-4.199467426657337228e+02
-1.061451806115433101e+03
-2.037730662509660533e+02
-5.962104997552185068e+02
-1.518190456451846160e+02
-5.101361093708339354e+02
-1.330545966824219590e+02
-8.894517104969511365e+02
-6.590227125196346378e+02
-1.361792332084073678e+03
-4.881450978463520300e+02
-1.196250514216933198e+03
-7.609336056249369449e+02
-5.596957304682969152e+02
1.976065828959518456e+01
-6.590257956981778307e+02
-9.787121476847606800e+02
-6.023880924497887008e+02
-3.084277927627601912e+02
-5.841264820689451653e+02
-6.845652862943877608e+02
-8.138373815871906913e+01
-7.473810018186088655e+02
-6.647830832874715270e+02
-7.043156973492326642e+02
-4.622670020250468497e+02
-7.331284070323049491e+02
-6.622197714011407470e+02
-2.242624287742179376e+02
-5.174372496810264010e+02
-2.000801931867084136e+02
-5.140147813813508719e+02
-7.821567759938491236e+02
-1.928086158163784773e+02
-6.026828319578072524e+00
-7.323679547996390511e+02
-5.096450313210223726e+02
-6.644249731999996129e+02
-7.838865715758870465e+02
-1.961431328831677092e+02
-5.356061017045775543e+02
-7.590347304256061989e+01
-6.264073681246029537e+02
-5.919826273071097376e+02
-7.421737000071713055e+02
-5.127184688920016242e+02
-6.309504298284672359e+02
-1.097515800170808831e+02
-7.303651944528924105e+02
4.017328898803064874e+01
9.391275343736523951e+00
1.244487710504784275e+02
6.513452892313456744e+01
-7.704718553175189300e+02
-6.994163130301584488e+02
9.814120312071898411e+01
-6.789368891366838170e+02
-7.631460358298345170e+01
-5.331677185941443895e+02
-8.392002884049115892e+02
-6.708846106192545449e+02
-5.003915321850471969e+02
-6.718028913489889646e+02
-7.370170341420445084e+02
-5.940447996275569267e+02
-5.916891036572678786e+02
-5.407926791528365129e+02
2.401561806061148729e+01
-9.815278083631965274e+02
-7.210575842178253652e+02
1.450223505622984135e+02
-5.686777393677798500e+02
-5.263205814447554758e+02
-1.183023889367813553e+02
2.747484184988019251e+01
-6.691136446575268337e+02
1.818821451602758259e+02
-1.134717833140630319e+02
-5.459962358073900077e+02
1.000241871098774595e+02
-5.794203660916282388e+02
9.207059495732539744e+01
1.308805728055377244e+02
-2.280394449673764257e+01
5.387548130243068556e+01
7.807436910998963242e+01
2.201305742626966833e+01
-9.913983329190278937e+02
5.727347262227939950e+01
1.318412416783523611e+02
-3.671218537414321048e+01
-6.102795600977011645e+02
-2.624041258539224941e+02
-7.808828522383571453e+02
-1.439676184854437224e+01
-1.006256657079719275e+03
7.173342002311193255e+01
-1.136449074033379702e+03
-2.480443113199688980e+02
-8.802644166202886709e+02
3.345332108698751199e+02
1.241592703567785776e+02
-4.941445701493699971e+02
1.597075381372330298e+02
-4.771590108529876773e+01
-7.796597149119103278e+02
1.934459969586658303e+02
-6.864586622412341512e+02
1.334116432781524679e+02
1.645804504873311487e+02
-5.654619733818958593e+02
2.015805813316588626e+02
5.899359167097780698e+01
-9.590785685705840251e+02
-1.069248738959213597e+03
-1.143166113025203913e+03
-9.207476503691243579e+02
2.511881091199073239e+02
2.077613090320369906e+02
-1.745198256063972622e+03
-5.165984312945557804e+02
-1.190333255581023195e+03
5.308126663336493039e+02
-7.451485241270673896e+02
-7.274494535300416374e+02
-3.969556648701542372e+02
-1.475265747337105040e+03
2.131364585602165107e+02
-2.072134226542810211e+03
-1.986084316754427164e+02
-1.012792750151343313e+02
-7.115705479011671741e+02
5.661175130880910729e+02
-4.663510494961798258e+00
-2.445008405528957951e+01
2.252189062416044862e+01
-1.333784169162088915e+02
2.187276366732099575e+02
-3.368437092988951349e+02
2.937430825379809107e+01
-2.378194096806712139e+02
-9.008373333717462401e+02
8.398090265060943693e+01
-5.119064313712320313e+02
-4.042207424859350340e+01
-3.696589665383659167e+02
-1.244283385452014272e+03
-1.147219872676456589e+03
-1.630914064661596285e+03
-1.175788469300143333e+03
1.390689110561665132e+02
6.515156646146650132e+00
-1.362083999154408048e+03
-2.931706370703595894e+02
-1.585709842624637076e+03
-7.343335293725147039e+02
-5.197907782549475542e+02
-1.696086633147298926e+03
-2.912560505330752108e+02
-1.667821331706297542e+03
-1.213270111259184603e+02
-1.297221517586276036e+02
-5.843553881123282281e+02
-3.016162773225735236e+02
-1.341609979189293199e+03
-2.522867484298213867e+02
-6.065136679890148343e+02
-6.898430039578092874e+02
-1.752394074066684198e+03
-1.344835040647065227e+01
6.590630420833566916e+01
-4.970971503511698302e+02
-5.243286403275316161e+02
-6.745917897505144083e+02
-1.275236174895905606e+03
-4.619124305748981669e+02
-9.324978097874534910e+01
6.594491025302366438e+01
2.142161978497335326e+02
1.619903079168180398e+02
-7.295199174475582140e+02
-9.019980555066050556e+02
5.785561363611449224e+02
7.465970655587989313e+02
-5.756688406201477619e+02
8.888025700241698814e+02
4.400343898823682594e+02
6.570520058828842593e+02
8.557992712097686763e+02
1.067233594021246290e+03
7.981968822963300454e+02
-1.293040677938197859e+03
1.199885979736065110e+03
-1.164167720588669908e+03
-9.452823262117919967e+02
1.284267237571723854e+03
7.868546595009710245e+02
1.219330150823657959e+03
1.094553170634134858e+03
1.250935021367347190e+03
3.243186518654737256e+02
9.994761432036548285e+02
3.409304827268024951e+02
-1.050906012205356774e+03
4.297148639289349035e+02
8.017643920364190535e+01
-4.043998992327269093e+01
-1.502128851107464129e+02
-1.157421196571663359e+03
-1.323595120435797980e+02
-1.102733661351649062e+03
-1.573408741782228162e+03
-1.663484380414537895e+02
-3.643214208843866118e+02
-9.782591601360454092e+01
-7.176496587655501003e+01
-8.110998491541351996e+02
-3.810457171941445154e+02
-4.392660984627383982e+02
-3.001697615115833173e+02
-2.222930646052143686e+02
-4.791628542543036247e+02
-1.418523562927042860e+02
-1.817311440794849204e+02
-1.390812152854078931e+02
-1.033515048918815637e+03
-1.103355021166964889e+03
-1.511427386361292520e+02
-7.866212563447595585e+02
-3.067489107385325724e+02
-1.800656063127111111e+02
-1.137184822165925908e+02
-3.701684447082030260e+02
-9.026626190178719753e+02
-2.253913991688158092e+02
1.826487340330589859e+01
-1.701779318572390594e+02
-1.121068533654329485e+03
-1.345435265945667425e+02
-1.677822696212991218e+02
-7.181773071632650840e+01
3.373346987242774730e+01
-1.608709496799787303e+03
-8.649866397293774298e+02
6.341811017382008231e+01
-1.117688428380736241e+03
-2.232403861042467952e+01
-7.527451043309293937e+02
-1.311890813023630699e+03
-9.486678080216569242e+02
-3.199533210658535154e+01
-1.847861967035350972e+01
8.319634113031194147e+02
-1.043708980538631721e+02
-8.160300076435681831e+02
9.307734862262871900e+01
-4.599192184070091116e+01
-3.998630401715617495e+02
1.345277893769313948e+01
-5.274241971132801154e+02
-1.026332116838664660e+03
-1.724141988300238609e+03
-7.729568807725534043e+02
1.408186747740494638e+03
3.070086893957736720e+02
5.419180996111406330e+02
-2.056620469140454190e+02
-1.517278738302073862e+03
2.674039119330512904e+02
3.244088585284901001e+02
2.166050002797438481e+02
-7.888734796721065550e+02
-8.589093857590130483e+02
-9.925159288158348545e+02
-9.068174223299834011e+02
9.081563235866649109e+01
1.518529133131816877e+02
-1.171725285311233620e+03
1.951144145986276612e+02
9.430025421613771641e+01
4.819222602475336998e+02
3.303209476813920276e+01
-7.279169704592632115e+02
-2.062800030410023737e+02
-4.329574337413648664e+02
2.359217859363185710e+01
2.794273541052534711e+02
-4.237358581533833046e+01
-1.782627948410593319e+02
-5.600913046400263795e+01
1.197174991420218504e+02
6.008430960743179128e+01
1.700995789571041428e+02
6.353180861368092280e+01
-3.659874051743946097e+02
4.373193368998325070e+01
3.237999116607491601e+01
-4.721862729655928348e+01
2.541380455402389771e+00
-1.358996166271887205e+02
-9.398038799919550002e+01
-1.050398357331027682e+03
-3.632612506613652954e+02
-1.349962587526138350e+03
3.285882157016479255e+01
-2.059721874725713917e+02
-9.202866442200904658e+02
-1.869511531247686662e+02
1.702070893911694043e+02
1.768702731841564741e+02
-1.525899319997065504e+03
-2.652201993356983394e+02
-9.070007308435239111e+02
-7.871017438935249402e+02
-3.135099631019131721e+02
-7.738653701188042078e+00
-7.157107872096844403e+01
1.960566391211517896e+02
-1.271048730958973465e+03
8.627529857646984510e+02
-1.702072734873979130e+02
-8.631171126036954320e+02
6.318402318262678818e+02
8.203749006994571573e+02
3.937126531188447984e+02
1.180635633876890552e+03
1.275378449065629638e+03
8.884257326471976057e+02
5.741311300317626092e+02
1.248383242979808301e+03
-8.862968536473223367e+02
1.116640541970992217e+03
-1.161448871609259641e+03
3.723681667614260391e+02
-4.402150043853002330e+02
9.850756202364237879e+02
-6.436572271845086561e+02
-6.909785427246562222e+02
-1.237957357461478750e+03
9.507423369089184462e+02
-2.972195925694260268e+02
-1.022752683678887365e+03
8.414805808567188024e+02
3.654292741666990878e+02
2.425889367395765106e+01
-3.956406850263098249e+02
-1.375512765764673588e+02
9.078872145344653291e+02
2.285383521927739423e+02
1.434641008030448859e+02
-6.488022421302056273e+02
1.070794018585970662e+03
-9.721808044875381256e+02
8.524186372228153914e+02
8.968451118332117176e+02
1.900395090201862729e+02
9.371710402015548880e+02
-1.814215581702482041e+02
7.575582779824615045e+02
-1.161856684305969111e+03
1.101442612761149576e+03
-1.112053824845722147e+03
-8.966717239423687715e+02
1.010571910824426254e+03
-5.093616733697162999e+02
1.009316685249206103e+03
8.302174622926602297e+02
1.087654783278792365e+03
1.168000883907596517e+03
-7.056540962948785136e+02
9.066954821375661595e+02
6.206734721890544506e+02
4.417039926565136909e+01
1.027246160916209647e+03
3.097174130696056409e+02
4.658190859248487072e+02
7.565496523084107139e+02
3.680474380288335112e+01
7.277876481263155029e+02
3.283161263393812987e+02
6.022835110570091501e+02
-1.783266545464744013e+01
-6.720748942345670685e+02
-1.547714435252629528e+01
-7.272490254521530915e+02
-1.339637084083712125e+03
1.170379102114368663e+01
-7.639724168948775969e+02
-9.371074263221183855e+02
-7.917906001233699271e+02
-6.488938635675497153e+02
-5.149582582433470179e+02
-1.055318521711322006e+02
-3.141154551289956771e+02
-1.367133659374521585e+03
-1.346070758739949497e+03
-8.032981670852278739e+02
-1.196959225481170733e+03
-1.129650627141386394e+03
-5.896879117092881870e+02
-8.781576581648744195e+02
-5.906748316410190682e+02
-8.317267377464689844e+02
-7.516360783551047007e+02
-6.212427109536001808e+02
-5.444039639896069502e+02
-7.475945409568774949e+02
-4.925883852717698801e+02
-8.016298340053916718e+02
-6.920294182700213241e+02
-6.319381578428029798e+02
-6.556056159117242714e+02
-2.267206933499477941e+02
-4.200927407142544325e+02
-7.858130765127784798e+02
-7.962686038865081173e+02
-8.178289013769135636e+02
-4.476087636758049939e+02
-3.516919355873098993e+02
-1.557221649843425837e+02
3.723731956479434189e+02
2.629316218684737123e+02
1.649490273559970603e+02
2.961190042766586430e+02
6.011468040882153900e+02
-1.186199109121327865e+03
-1.295039761440639836e+01
1.134412303423654294e+03
-5.292309943758730242e+02
1.009920102223928097e+03
1.166635898572998030e+03
1.122992814426386303e+03
-1.494026481549827167e+03
1.037565252111212203e+03
1.008353582807894213e+03
6.507690368870171369e+02
1.051569967941718915e+03
6.377526506557048833e+02
8.367979832907246873e+02
7.782083059810116765e+02
1.176660178202528641e+03
-2.692428963319738386e+02
1.129003471782863244e+03
-4.812344809580757214e+02
1.034940066891764900e+03
-1.162570630290880672e+03
9.064578898837548877e+02
1.172943719113527550e+03
-1.618676992150277329e+03
1.085070405829857918e+03
-3.026930720884013795e+02
1.109819114278589495e+03
-8.823041204288114159e+01
1.013267609882032843e+03
9.668606667336214286e+02
9.183015310612141775e+02
1.153413030293424754e+03
9.512655557066224219e+02
1.240927587775551729e+03
9.527100139663396021e+02
1.044289723121774159e+03
9.477601042537584135e+02
1.083926471170233754e+03
8.828347679254088689e+02
-2.544207691878177116e+02
1.079073317580184266e+03
-2.621948803337617164e+02
1.038913161000317587e+03
9.054632262764204143e+02
1.076200277045175653e+03
9.238349073017800492e+02
9.717496520832655733e+02
8.419359185421940310e+02
-3.725526117398410406e+02
1.012669961665856817e+03
1.049381754601569583e+03
1.090386019180324183e+03
2.573683354444264069e+02
-4.589577214735098210e+01
-2.066677925423845181e+02
1.100301368885118791e+03
1.151731644915166953e+03
1.122240385957087256e+03
1.017414762669463357e+03
1.045376150387326788e+03
1.146979915154852279e+03
1.089900706995831570e+03
1.319113200690700523e+03
9.513982699276527910e+02
1.291549267014464476e+03
1.271041378403709587e+03
1.089185216771008299e+03
7.265030811882461421e+02
1.262220406535300299e+03
1.298462366711660479e+03
1.015774439422132218e+03
1.174571664727205643e+03
3.061480719345827879e+02
-3.256258895059190195e+02
1.186115550866976264e+03
1.331945688578085083e+03
1.342062983882270146e+03
1.104600041077046853e+03
7.970007311374542951e+02
-9.740563060860522455e+02
1.350253437081949642e+03
-4.620056421508766675e+02
1.228039619103342602e+03
1.104473426994478132e+03
1.092938191754126819e+03
8.332050366538682056e+02
-1.335552709628966568e+03
1.260980316796977149e+03
1.094393445940916081e+03
1.070869762128628508e+03
1.057360075960978747e+03
1.055610502727036419e+03
6.737486174992161523e+02
1.003727847042133590e+03
9.600887277456224638e+02
8.272695932038753881e+02
9.212730989179190146e+02
8.229666289676069937e+02
7.799858718182894108e+02
8.991668077983267722e+02
1.136114501447838848e+03
1.106814251805579943e+03
1.145031923697024467e+03
1.127434691794681157e+03
9.151974712469967699e+02
8.458013307341190057e+02
9.285971179203012298e+02
9.558961173696679907e+02
1.213475279094863026e+03
1.365618429123606120e+03
1.015424839411202811e+03
1.329370841138267224e+03
1.336380072285461893e+03
1.482879125504474359e+03
1.188046065096259554e+03
1.260019734458247513e+03
1.259607861640569126e+03
1.166678710989509682e+03
-6.192350444365421254e+02
9.344431377624339348e+02
1.006852725710465165e+03
8.631336591615715861e+02
-1.756925148738704593e+03
7.888790383230871157e+02
1.284741258753192369e+03
8.702165450168514553e+02
8.856013766297883194e+02
1.310898519823675315e+03
1.142339229746986348e+03
1.057928561443959552e+03
1.415596152474654446e+03
-6.757342399298354394e+02
1.623749574240380070e+03
1.497899879999069071e+03
1.537856560292703534e+03
1.578244708135496694e+03
1.654078632300988829e+03
-7.900574109908731089e+02
1.389715384207429906e+03
1.515437380683703395e+03
1.455479201873791226e+03
1.225026811377435934e+03
1.587345475213889586e+03
1.359622793015857269e+03
1.369202261047608317e+03
1.470173598490448740e+03
1.679411631972540818e+03
1.555590698982318145e+03
1.715718780287080108e+03
1.875148009695496057e+03
1.462994162067190246e+03
1.256204037944043648e+03
1.743194497074039873e+03
1.638148327491963300e+03
1.342798179942812112e+03
1.473392017376442482e+03
1.293619573879324889e+03
1.338307028388508797e+03
1.183334167429774425e+03
1.347548260097107232e+03
1.391700659635697093e+03
8.427193757038334070e+02
-4.966528257782103992e+02
1.204480013769090874e+03
1.427434979593014759e+03
1.286612348234408501e+03
1.267166917488914351e+03
1.196824306557731234e+03
-1.090656533534559685e+03
1.262433313570607879e+03
9.648624882461339212e+02
9.456584424868974565e+02
-7.157092963497661913e+02
9.754186108277658604e+02
1.336430928532516646e+03
9.663332170989622227e+02
1.119015044062558900e+03
1.090658177707202185e+03
8.697455758764688198e+02
8.675439529550053521e+02
1.177046855655911031e+03
1.288264358047988026e+03
1.172729858409827102e+03
9.981954968362888394e+02
1.063502526154319185e+03
1.174884299057324370e+03
-6.256094301142754830e+02
1.255899362630052565e+03
1.088661855246805544e+03
1.165596403395095422e+03
1.225635574875775092e+03
-1.127919727730099112e+03
1.302102038674652704e+03
-5.994538795168142542e+02
1.271558871563667026e+03
1.437581617576822282e+03
1.301981309298167616e+03
1.266881406891678580e+03
1.254550466951031012e+03
1.182184981970274976e+03
1.162858413180319985e+03
-5.125749926723104863e+02
-5.983322596850360924e+02
1.250404704631703680e+03
1.057856340185040608e+03
1.165757333063276974e+03
1.197165355856596534e+03
1.199052497225091429e+03
1.458132877706873387e+03
-5.882056854512122754e+02
1.228460552920301097e+03
-7.791891540701593613e+02
-5.417859726779527136e+02
1.360116443139095509e+03
1.630279656054660791e+03
1.342057275605766790e+03
1.320632123271312594e+03
1.310095593203687031e+03
-4.668934714793352896e+02
1.466020500360898495e+03
1.609402140341651148e+03
1.486944437972915694e+03
1.411141081834029592e+03
1.448204832071936380e+03
1.335123596895758055e+03
1.407687577403911746e+03
1.480712719294582257e+03
1.612720681064936116e+03
1.634697467579873091e+03
1.653840977065801553e+03
1.581079519325538740e+03
1.200180321910251905e+03
1.544686717039920495e+03
1.498943812243983302e+03
1.518798332770545585e+03
1.392585945035424174e+03
1.083169636990717208e+03
1.266249783300813306e+03
-7.994486019227813358e+02
1.324405829314078574e+03
-7.883678754503082473e+02
9.435201398621699127e+02
1.404548162028260776e+03
1.465023815230030550e+03
-7.127787130608860480e+02
1.349384665773600545e+03
1.636341020457750801e+03
1.091825362854980540e+03
1.442308685298540468e+03
1.444168262875955179e+03
1.299506217308917030e+03
1.419301596443953486e+03
1.154878472245684179e+03
-8.686676240927419030e+02
1.512794921805252216e+03
1.441055012698733890e+03
1.430281807007027965e+03
1.579906190216657706e+03
1.409410340260529438e+03
-7.958575344999470644e+02
1.552580474600728849e+03
1.416849827388039103e+03
-1.030644868579069225e+03
1.578065010564241675e+03
1.484903863916843875e+03
1.305666794018940664e+03
1.240797230679739641e+03
1.462631754426723091e+03
-9.171566654383111654e+02
1.598098262468785606e+03
1.306254435027999762e+03
1.413634645805942228e+03
-5.871797524805032253e+02
1.627352518829661904e+03
1.426131007373548073e+03
1.190667955031179872e+03
1.359182085205887233e+03
1.424107818621165961e+03
1.567142337169061193e+03
1.449264237383989212e+03
1.421771977382041314e+03
1.439582690867565816e+03
1.645971084539788990e+03
1.247371455776253470e+03
-8.937961717047443244e+02
1.440923911008422465e+03
1.403892646495221925e+03
1.352824634568326474e+03
1.253523255384793174e+03
1.402138046666349510e+03
1.418731973060918563e+03
1.381068048650957962e+03
1.329389200005162820e+03
1.408276783250267727e+03
1.528510713923517869e+03
1.587888600679341380e+03
1.496821958125651236e+03
1.546919777940405766e+03
1.567674482243045077e+03
1.548159797028876028e+03
1.292746384091617756e+03
6.820393864788218252e+02
-1.009481711481743446e+03
1.324303241072264200e+03
1.284566191156527566e+03
1.393178626766136858e+03
1.463316080072752811e+03
1.270966513398525422e+03
1.391434671836007738e+03
1.490321486637831640e+03
1.294048129263080909e+03
1.493818640362328097e+03
1.278661820349331947e+03
1.519184827158673215e+03
1.430594036716514665e+03
9.088880671055079574e+02
1.262931086178019314e+03
1.190732860045243342e+03
1.451028116257562033e+03
1.232546052525132836e+03
1.224799210442498634e+03
1.267786016778907651e+03
1.118219962727183884e+03
1.371574086064676294e+03
1.384126654436897979e+03
1.626051243526497728e+03
1.255396194601892148e+03
1.212375771090149328e+03
1.067620673889053478e+03
1.452969137690129628e+03
1.173107580656608889e+03
1.346166027467513459e+03
1.295931621236381716e+03
1.269320702559562051e+03
1.400283659146856280e+03
1.421034981712948138e+03
1.354438492970134575e+03
1.217366021340215411e+03
1.310482178264169988e+03
1.537027170802789669e+03
1.415625332278466203e+03
-9.815869664289809862e+02
1.556191533751568386e+03
1.368618404716514078e+03
1.363583373102681662e+03
1.288688450257775912e+03
1.138699960403499745e+03
1.306375427434343692e+03
1.503790127409275556e+03
1.443444088431559976e+03
1.442104813577190953e+03
1.286059256309762077e+03
1.375233469581467716e+03
1.425474687330658526e+03
7.193016363945298508e+02
1.526349623307586398e+03
1.443915798239491323e+03
1.301859755754668186e+03
-2.071739487111676681e+02
1.408163696627317222e+03
1.382012289475050693e+03
1.604767844717529670e+03
1.466395031124451634e+03
1.357556439682492737e+03
1.372709187623051321e+03
1.452768790547923800e+03
1.362453245021696830e+03
1.520457678416664976e+03
1.325604507758952423e+03
1.575333917050300670e+03
1.403621901975300489e+03
1.624970020462619686e+03
1.540336650383474989e+03
1.176737983709703713e+03
1.452115443848339510e+03
1.313281392961219581e+03
1.530052962263343034e+03
1.673142858843068552e+03
-1.084765759404926484e+03
1.474171683981270462e+03
1.387006260874902182e+03
1.268532780041143724e+03
1.532029011101323931e+03
1.153559922517638825e+03
1.341849284299819374e+03
1.641448835487615042e+03
1.379355307823127532e+03
1.393385376166083688e+03
1.445004321716908862e+03
1.285304419968961838e+03
1.390424584424987188e+03
1.409043144803789801e+03
1.539308310491508337e+03
1.231060199220228924e+03
1.330138206971998443e+03
1.343183876518704437e+03
1.351629523109793126e+03
-7.801165732665140240e+02
1.452591979792678103e+03
1.296819148631837379e+03
1.280250031276408663e+03
1.391377516251775887e+03
1.339094925689086494e+03
1.281581033507830853e+03
1.291164330383906417e+03
9.784212141795775324e+02
1.320655837541473602e+03
1.298276673899295929e+03
1.201314532991128544e+03
1.521568484447084302e+03
1.452708184400142727e+03
1.363185344090338504e+03
1.327777395965206779e+03
1.443069840068784742e+03
1.311061748606308583e+03
1.248492717975772848e+03
-9.935891216569997368e+02
1.299011850228719140e+03
1.336238054950020341e+03
8.771730062631877445e+02
1.329537412797224988e+03
1.334164317431085919e+03
1.245972944629938411e+03
1.217817903160716924e+03
1.432619032708762916e+03
1.410743651453864913e+03
1.363645511833154615e+03
1.202776376435426528e+03
1.357758752749875612e+03
1.211754826536642668e+03
1.066679411638589272e+03
-7.292682745535915956e+02
1.337274081678466473e+03
1.297741554109216850e+03
1.433667889802261016e+03
1.297522104254645910e+03
1.363657763488056844e+03
1.425621921093192896e+03
1.345612293323124277e+03
1.386419301877039288e+03
1.341689894612418811e+03
1.403499419923740788e+03
1.309882046760633330e+03
1.322076876877956920e+03
1.332187557982996168e+03
-4.255898150642237852e+02
-2.342675304898380659e+02
1.537267654768770853e+03
1.201401850218278923e+03
-9.257056230125468801e+02
1.481912358403855251e+03
1.201769686037497877e+03
1.317733396511218871e+03
1.345890615053857800e+03
-5.959631658414591584e+02
1.373670532204374922e+03
-2.403109573217508057e+02
7.833475208913323513e+02
1.503015637586453977e+03
1.142862849588503423e+03
1.341222574778511898e+03
-1.743656105279071511e+01
1.405163990266652718e+03
1.377895381682693369e+03
1.280692561079287771e+03
-6.860912589769293390e+02
1.226441879704360645e+03
1.086858343072274465e+03
1.176942786924345000e+03
1.268961221292549908e+03
1.312514262828909295e+03
1.340461039133483837e+03
1.333122181901186877e+03
1.306770472184280607e+03
1.223420594290882491e+03
1.245074337884415854e+03
1.139981680525680076e+03
1.101193819594680235e+03
1.374415219037117595e+03
1.267234510353424184e+03
1.297885431041881475e+03
1.389033713780947892e+03
1.463735920645868646e+03
1.447189402599500227e+03
9.351777988290745043e+02
1.352774116635757537e+03
1.492121550482915154e+03
1.416905642498767975e+03
1.283174355687557636e+03
1.477905977430966914e+03
1.423350757531628233e+03
1.184564716687619921e+03
1.471223173629513667e+03
1.277029303296087619e+03
1.524116378459438238e+03
1.443636371069045254e+03
1.339048634245476023e+03
1.423928762067082062e+03
1.218738913497862768e+03
1.402420458137748483e+03
1.516671315762680933e+03
1.291994064025665011e+03
1.393643379258623327e+03
-7.065102585861017133e+02
1.283401105928170637e+03
1.417631523378448037e+03
1.448881235167055365e+03
1.553998106501474695e+03
1.414583244516602008e+03
1.357233573482772044e+03
1.435052526654319990e+03
1.309111936620653296e+03
1.460337534595899797e+03
1.413547054117658718e+03
1.039142788514750919e+03
1.268648821437609513e+03
1.285676996860771396e+03
1.256565712449447801e+03
1.071883353797292330e+03
1.179436259177605052e+03
1.317135634463369570e+03
1.189738978987649489e+03
1.300170305005822001e+03
1.261162947593330273e+03
1.373996747826470255e+03
1.332070883735460939e+03
1.326627037533184648e+03
1.212676958313711111e+03
1.212020611885724065e+03
1.188072511923329103e+03
1.261953508457642783e+03
1.342384638701468248e+03
1.381609792818864662e+03
1.131597983257786382e+03
1.241390076098390637e+03
1.108182104141074205e+03
1.323816862016309187e+03
1.309763581430906925e+03
1.265082886468675952e+03
1.148710323670816024e+03
1.211688610175763415e+03
1.294115617454790709e+03
1.360076806122880043e+03
1.456626371191013277e+03
-1.578951223853442798e+03
1.290683661260279905e+03
1.235509727168847348e+03
1.366574584405075257e+03
1.274721379173534160e+03
1.428343402351844816e+03
1.535164217833869316e+03
1.364196759226096219e+03
1.435473298481959773e+03
1.433416623316499226e+03
1.464597552727335597e+03
1.553873266113347881e+03
1.538555844841616818e+03
1.425212619672722667e+03
1.349538415934560362e+03
1.405836010768286542e+03
1.447128266322044283e+03
1.433915256923658035e+03
1.546723816108736855e+03
1.414186996395528467e+03
1.414973198659574791e+03
1.104519946790129097e+03
1.195583284263370842e+03
1.319322821620664854e+03
1.378258835105667458e+03
1.372057376886842576e+03
1.369566360563401759e+03
1.467886881913351999e+03
1.108448587698966776e+03
1.382618314536638991e+03
1.352944630055316338e+03
1.411594302171443815e+03
1.310491526606543175e+03
1.378684679875315396e+03
1.252583060111130408e+03
1.519413496529192344e+03
1.484815414008511198e+03
-1.096838470812861260e+03
1.439478144581262541e+03
1.208601145781507739e+03
1.102769051298944305e+03
1.141558247558722996e+03
1.406996926361512806e+03
1.298482205256919542e+03
1.338158009723473242e+03
1.379218274022853848e+03
1.029800331974633764e+03
1.289783704561047216e+03
9.755559013414422225e+02
-4.140984063481785142e+02
1.084928022445423721e+03
1.373626033748708551e+03
1.521998649452707468e+03
1.057520031096178172e+03
1.147616047859471109e+03
-4.163489485202571245e+02
1.335624441139496867e+03
1.225447320863430605e+03
1.199877749374202267e+03
1.487699221128738372e+03
1.008809286518697377e+03
1.103399307960388796e+03
1.127208545025363946e+03
1.237882939027886323e+03
1.277323373633956635e+03
-7.060178282053357179e+02
1.110064572024586369e+03
1.251579370357706011e+03
1.383208057982125410e+03
1.202350287268619923e+03
1.279591574372427885e+03
1.245552076483876135e+03
1.219207535891144289e+03
-5.453524001588128840e+02
1.249240472459752482e+03
1.426528378239219819e+03
-4.494565185705330350e+02
1.097572200198175096e+03
1.197317465910433157e+03
9.887254992592633016e+02
9.754314868480237237e+02
1.250811477441782245e+03
1.390180104448288148e+03
1.242400927439982297e+03
1.372759873651570615e+03
1.210840865789078862e+03
1.243540813864387474e+03
1.238781787445549980e+03
1.248905295188895707e+03
1.103664019115827614e+03
1.299802269551907102e+03
1.390708489997305605e+03
1.293360435498883589e+03
1.397469915215810943e+03
1.408194127892375946e+03
1.382447895452615739e+03
1.223139454081276881e+03
1.331881598212935160e+03
1.336772368891872247e+03
1.415965743480652691e+03
1.370683605222264077e+03
1.142847905118303288e+03
-6.167624103221163523e+02
1.216344309176770821e+03
1.317862694509712810e+03
-4.382143882583093273e+02
1.335480809489448347e+03
1.446981996781034468e+03
1.518705760282802885e+03
1.283053483271773530e+03
1.438360999883985187e+03
-6.815629505176015073e+02
1.359915901713840412e+03
1.425026930238280329e+03
1.456413344350562056e+03
-5.192092366811946249e+02
1.326002754604981874e+03
1.403976026062980509e+03
1.639746417117822148e+03
1.367788794313483777e+03
1.142960805372393679e+03
1.583893675657409403e+03
1.145705947942754619e+03
-6.679971131692581139e+02
1.325308506130336809e+03
-6.059373443206410457e+02
1.166166963938240769e+03
1.336333773394839227e+03
1.080333027865611029e+03
1.515208421566141624e+03
-5.419714041430042926e+02
-4.964680021415285864e+02
1.474348031997358248e+03
1.397237981712773262e+03
1.582758167310540102e+03
1.308484166963951338e+03
1.494944918973658332e+03
1.316620393007013035e+03
1.351006301165550894e+03
-4.733029182815815261e+02
-4.908813430520014549e+02
-4.438241582427252752e+02
1.371790714133672282e+03
1.457051273179013833e+03
1.330001259519589667e+03
1.349754705751893425e+03
-9.437988315776220816e+02
1.385559588526947891e+03
1.328858469526528097e+03
1.467309780761878983e+03
-7.166709437928334410e+02
1.236968001153687055e+03
1.060836720091843517e+03
1.588051151922509234e+03
1.565393751010542246e+03
-4.245913515031243719e+02
-4.632932563487363495e+02
1.504135608947118271e+03
1.530811687987496043e+03
1.212511969479563959e+03
-6.210068907985514670e+02
1.302536062671266336e+03
1.449067918328839824e+03
1.649427506455117509e+03
1.260711423336755843e+03
1.193035253385406349e+03
-6.491613577936489037e+02
1.490562423450297047e+03
1.449876377789980779e+03
1.293315532078703427e+03
1.353882790240088525e+03
1.540607063005031705e+03
1.185716756462907369e+03
1.512496902321307516e+03
1.396956788069941013e+03
1.372506972872275128e+03
1.387254011863238247e+03
1.297148305067076080e+03
1.468151150127926485e+03
1.413893767332591096e+03
-5.858239064780208309e+02
1.357649983203756392e+03
-9.467022365155511352e+02
1.395386339142789893e+03
1.370844060212241857e+03
1.142098376912856338e+03
1.458506290931895819e+03
1.351586735196820428e+03
1.342971904746414339e+03
1.485174714115847792e+03
1.583414021101073558e+03
1.597447099685695093e+03
1.555324687637047191e+03
1.401697012736981378e+03
1.311717281416517608e+03
1.545719616699548624e+03
1.418824120170836977e+03
1.390013279083898624e+03
1.289760545440003852e+03
1.457954065962533377e+03
1.455520433524292685e+03
8.296497263188579154e+02
1.488238434658799633e+03
1.391701987683539073e+03
1.247923482523489383e+03
1.415914417534766017e+03
1.409961460176751416e+03
1.539755436965153649e+03
1.296769855625511582e+03
1.480683994633631755e+03
1.325673733642098341e+03
1.505285048698174251e+03
1.505659021225394099e+03
-5.811234472701949016e+02
1.486799871123381536e+03
-5.970661504075882249e+02
1.242823038149134845e+03
1.553086541731199759e+03
1.513219351788713084e+03
1.336542344090870074e+03
1.506500932780295898e+03
1.397717966066940789e+03
1.291510651283600737e+03
-4.433489041257945473e+02
1.268477815426394500e+03
1.392359003400456004e+03
1.402183539934609826e+03
1.536879557933955084e+03
-7.726462471399231617e+02
1.508937713203114527e+03
1.255265283824712242e+03
1.380711697429472451e+03
1.322540097948927951e+03
1.363951951572301368e+03
1.323918025082062513e+03
1.129334085115493053e+03
1.365747370512918224e+03
-6.650203240656044272e+02
1.281499940174700896e+03
1.455001899595024270e+03
1.300037238497642193e+03
1.320487403676470194e+03
1.303621739054350428e+03
1.433176608458498094e+03
1.470351750921643088e+03
1.269397428557269450e+03
1.174221513829955484e+03
1.363220824474496112e+03
1.447936875788429006e+03
1.294051871926851163e+03
1.111460916634483510e+03
1.232449437192228970e+03
1.285235028634928312e+03
1.288984482203021571e+03
1.270252724439974145e+03
1.262010547259268833e+03
1.235137742954173291e+03
1.264427631318967542e+03
1.372711789514234624e+03
1.403566533810258761e+03
1.531923639066883425e+03
1.289582769994181945e+03
1.522571302079080851e+03
1.435909025468695290e+03
1.390285639742909552e+03
1.448559414602857487e+03
1.368319555216991830e+03
1.336198848766897527e+03
1.477264946758760516e+03
1.467388823187063053e+03
1.585120509483631167e+03
1.516318864445700910e+03
1.624936095556719920e+03
1.582999299761444718e+03
-3.061709330451856204e+03
1.569017913849764227e+03
-2.669496197118864075e+03
-1.166792533379887800e+03
1.447029266025781908e+03
1.507589984996833209e+03
1.593228608824927051e+03
1.418367770976876045e+03
1.485346331471260100e+03
1.415650894534316876e+03
1.489874454316424817e+03
1.573188634521841323e+03
1.388285373377910446e+03
1.402675523111659459e+03
1.122396780299076454e+03
1.252959952234252341e+03
1.457166169821248332e+03
1.454386165132703354e+03
1.326484973776528932e+03
1.334103852022303954e+03
1.540754390866525682e+03
1.381989311215192174e+03
8.582957635269322054e+02
1.358057433602454239e+03
1.444271567731708046e+03
1.372180215897219114e+03
1.409398337492479186e+03
-5.722680065588951948e+02
1.382203685960552093e+03
1.571084072844292677e+03
1.243202726180793888e+03
1.327578728711371014e+03
1.092247062938677118e+03
1.279525950028168154e+03
1.008089049290740832e+03
1.267313799919168105e+03
1.352162987929360042e+03
1.574594923229666620e+03
1.418843257812703087e+03
6.866106463326291305e+02
1.519943490235243644e+03
1.415741920592993438e+03
1.337093860815271910e+03
1.526749553607376583e+03
1.389316878436196021e+03
1.525202714664904306e+03
1.278631986431535779e+03
1.364175376309572812e+03
1.329356302786929518e+03
1.391522963328307014e+03
8.380640057461955621e+02
1.533120665296324432e+03
1.344771263256372322e+03
1.314971226074490005e+03
1.179972170251437319e+03
1.542097721976663934e+03
1.008665194720243335e+03
1.417335905332800394e+03
1.324248901492366258e+03
1.450179882394505057e+03
1.484353461613440686e+03
1.327154508189001490e+03
1.352297639287877928e+03
1.150738461147547923e+03
1.398900335475246266e+03
1.457583302921628729e+03
1.184357765422776311e+03
7.469146647860468420e+02
1.355119830783796942e+03
1.435384803051320887e+03
1.365290470328836136e+03
1.395085563725086786e+03
8.116881998087349075e+02
1.507939683404612879e+03
1.355940659707139730e+03
1.445274845090501913e+03
1.494811369861201911e+03
1.269964800133292783e+03
1.522434052262029354e+03
1.417990967648092919e+03
-9.788700937487558349e+02
-1.753626012473491528e+03
1.213548109571069290e+03
1.364660046426803547e+03
-8.393933177207904919e+02
1.365847450349042447e+03
1.373813435873504886e+03
1.153093632913768261e+03
-1.206422553862325003e+03
1.497509807496420535e+03
1.357949436178667611e+03
1.456892547092794757e+03
1.352996567970096748e+03
1.542216225040589279e+03
1.488010378965597965e+03
1.562473454124811269e+03
1.007578958208283211e+03
1.295413083534330553e+03
1.349945971597606331e+03
1.336603057253077395e+03
4.733293531953921729e+02
1.154504697770228859e+03
1.624789921458685740e+03
1.323777004012668158e+03
1.508626640045205477e+03
1.416032348917649188e+03
-1.066912477823246263e+03
1.468878030283397493e+03
1.184026516056445644e+03
1.499059186503324099e+03
1.387600187696042212e+03
1.357011742204560278e+03
1.008540781292107795e+03
1.346607675985406331e+03
1.457975283198507668e+03
1.479129316777138001e+03
1.397786646051060643e+03
1.618473254204665864e+03
1.417717969901903643e+03
1.400955424419110841e+03
1.432320227913315193e+03
1.428068875279587246e+03
1.284591606143573244e+03
1.261024711825421718e+03
9.854228060401169387e+02
9.566829552910393204e+02
1.361013600518968360e+03
1.277408089700534219e+03
1.498718826862557535e+03
1.342980799997171744e+03
1.437796335324174379e+03
1.475162680547231957e+03
1.339089177389741963e+03
1.404401372500559319e+03
1.452741465712821309e+03
1.242965817446640358e+03
1.292269399616588089e+03
1.312392750727696011e+03
1.431514660189672668e+03
1.513443712032184749e+03
1.294151680694365723e+03
1.558412105650973899e+03
1.323052066808024847e+03
1.565869413208630476e+03
1.519190404042669797e+03
1.139244472835070155e+03
1.444358389926060454e+03
1.484984816036819893e+03
1.007575749305705699e+03
1.493968195345125650e+03
1.269406390936054322e+03
1.342260513600816921e+03
1.360083922786812764e+03
1.433441795330812056e+03
1.444561780931063822e+03
1.458012914472653392e+03
1.420670672802862327e+03
1.558410872363249837e+03
1.465407420756673218e+03
1.280579527934605039e+03
1.465703095090830175e+03
1.443394097341437828e+03
1.495132719726768755e+03
1.463159350773358028e+03
1.390780015308642533e+03
1.372312836796149895e+03
1.381371396744079902e+03
1.415447855542725392e+03
1.559931781528543752e+03
1.446105410528335597e+03
1.449379038928825594e+03
1.354841835540434431e+03
1.334840812899381490e+03
1.331677093725521445e+03
-6.506619893011198883e+02
-7.466765776199227957e+02
1.498608102177623323e+03
1.560050338863791694e+03
1.101130480123508278e+03
1.585383851303531173e+03
1.539310006724294681e+03
1.347672373489416941e+03
3.847007359431772784e+02
1.398942234449652915e+03
1.549580652370556209e+03
1.673021088791892680e+03
1.133338550273374949e+03
1.663561183051720491e+03
1.570765556219590508e+03
1.166574322030797475e+03
1.383994325973724472e+03
1.616605923872257108e+03
1.550507070095585732e+03
1.553741824810694652e+03
1.436620600742360466e+03
1.436890559661694169e+03
1.356052346845902548e+03
-7.067054611655969438e+02
1.358080998338723248e+03
1.098217207653122387e+03
1.319650922719770733e+03
1.493603280929252151e+03
1.580222171996974339e+03
1.443501350737079974e+03
1.405784608618876518e+03
1.401948229735485256e+03
1.448869404435733486e+03
-5.177757673948585762e+02
1.597099629584056629e+03
1.473735395727286686e+03
1.411642365293554349e+03
1.372240323766427764e+03
1.525367355140845802e+03
1.368615424911840819e+03
1.320185190599609314e+03
1.374214857626586081e+03
1.353797261680545944e+03
1.594496269711390823e+03
1.384825564735122953e+03
1.252007288252929129e+03
1.397721779885238902e+03
1.524471053979907992e+03
1.271239534874861874e+03
1.476513391551809491e+03
1.394462501537860135e+03
1.564874386909319128e+03
1.468561984111329366e+03
1.127576155282101809e+03
1.486982218077728930e+03
-6.796697219505360863e+02
1.503015262258198163e+03
1.590477089408224401e+03
-6.774856209351696634e+02
1.664556669090624382e+03
8.021211818435502892e+02
1.610122981654234081e+03
-4.988139620847332480e+02
1.310801316398477866e+03
1.395448841861406663e+03
1.498200220648240247e+03
1.602120875018288416e+03
1.443672020501541283e+03
1.401095721149115434e+03
1.617968831896825122e+03
1.342072380523281026e+03
1.448484513831332606e+03
1.568239768517986704e+03
1.586146411205403410e+03
1.518549710032005123e+03
1.558564006961009682e+03
1.529543347288578616e+03
1.631169941694655336e+03
1.561437256336958399e+03
1.535410377986195272e+03
-7.860133311394097291e+02
1.628864280159116333e+03
1.554916290738442285e+03
1.507942498265282893e+03
1.614518013134903867e+03
1.419635478888686521e+03
1.623028069086591586e+03
1.537867040553277548e+03
1.465363587986523044e+03
1.464366279367273819e+03
-1.370478481984247765e+03
1.512970305161818260e+03
-4.894246492117484877e+02
1.524587777790232849e+03
1.457922818491035741e+03
1.394137632578293278e+03
-1.320414748796787535e+03
1.526825993538779585e+03
1.593840590570443283e+03
1.565409480653890569e+03
1.521314980285690126e+03
1.493427688220387608e+03
1.307892211716869269e+03
1.427536266275968273e+03
1.595600339462322609e+03
1.621971786680528794e+03
1.537877715401034720e+03
1.552788850166526800e+03
1.609209534984933043e+03
-1.196118966809579433e+03
1.476973281498802180e+03
1.549752924504144858e+03
1.476516496631090604e+03
1.532577677750543444e+03
1.471643466098664021e+03
-1.298323353982165145e+03
-1.930940904959164982e+03
-9.732290202582006486e+02
1.564382823744908364e+03
4.816225801306444509e+02
1.481702662218141086e+03
1.432828855741237476e+03
1.526834948797971720e+03
1.409453124033638005e+03
1.367956077687674679e+03
1.474045641006626283e+03
1.346259354707303601e+03
1.527411854132948292e+03
1.473060456292207618e+03
1.417522792045826463e+03
1.170647835874687644e+03
1.376520426766678156e+03
-5.693539832983283304e+02
1.556394840988168653e+03
1.446724765999989586e+03
1.565369999911566993e+03
5.946288769572134925e+02
1.396352673580798864e+03
1.566605974120671817e+03
1.366115619767497492e+03
1.422240852460994120e+03
1.351838728613245166e+03
1.416209097546699695e+03
1.512087487139128598e+03
1.468274667885781128e+03
1.643136357662936916e+03
1.487712231215819202e+03
1.383165243252444498e+03
1.498626242691000471e+03
1.423296726303597779e+03
4.764098156125079697e+01
1.552159570785347341e+03
1.108338168162249303e+03
1.597763577261412593e+03
1.440923012639198532e+03
1.434544552480806260e+03
1.370502122074088220e+03
1.432229596634555264e+03
1.452204776393010889e+03
1.571838685501580130e+03
1.395809933419902563e+03
1.423367007193857717e+03
-2.352726111411955969e+02
1.309665964698868493e+03
1.467257749680291226e+03
-2.387115591901122400e+02
1.271231811347749954e+03
1.364334734723028532e+03
1.586860191991581587e+03
1.155509601894785192e+03
1.179858364513668903e+03
1.473472828332905010e+03
1.395992922049601475e+03
1.305954356765753801e+03
1.476907056621508673e+03
1.552556493252517612e+03
1.442283457287994679e+03
1.490775555412883477e+03
1.491692058565956813e+03
1.463615493248068560e+03
1.478961413206229508e+03
1.557971129824862146e+03
1.549752107627713485e+03
1.606029965546752010e+03
1.593059125392905798e+03
1.591987533366023627e+03
1.553725788045814397e+03
1.484099143818888479e+03
1.531223946570889439e+03
1.428078591508465706e+03
1.593988458090454060e+03
1.379246292455331286e+03
1.525417001078328212e+03
1.574848037629338933e+03
1.639618875895988594e+03
1.502673804109639832e+03
1.558620185910613600e+03
1.321203387548767523e+03
1.475900368993194661e+03
1.584598157687893263e+03
1.488950428109823633e+03
1.540155280402839026e+03
1.291580398726744534e+03
1.298323023250685310e+03
1.524166840630233764e+03
1.438621997104744878e+03
1.431909027642874435e+03
1.451331323166084758e+03
1.488662896589348293e+03
1.181181818433758281e+03
1.262151524605631039e+03
1.552793528244296795e+03
1.185332556052962673e+03
1.645350592447463896e+03
1.340647875635267837e+03
1.309541857636025497e+03
1.478323267723713798e+03
1.421440752906449688e+03
1.277038912766715839e+03
1.394945191006376490e+03
1.470246439976789588e+03
1.339541103044165311e+03
-1.591348235955971120e+02
1.422374176283983388e+03
1.416027400560224351e+03
1.315806157039426125e+03
1.220209974933824697e+03
1.386081820147112012e+03
-7.136303139924896186e+02
1.475456397582797308e+03
1.625738965815656002e+03
1.518885246985989397e+03
1.344914490595922416e+03
1.135025939848226017e+03
1.495134590790184347e+03
1.340599851964495656e+03
1.338230306292414525e+03
1.430343863342126951e+03
1.596842702967935111e+03
1.474092822296307531e+03
1.383827327245538982e+03
1.529108920911154655e+03
1.465169094784833987e+03
1.608687301668256623e+03
1.660709355321921521e+03
1.446716303522028738e+03
1.012308389018728235e+03
1.612868914787877657e+03
1.170678563302457633e+03
1.454055878380980175e+03
1.480141597820026618e+03
1.095597112996068518e+03
1.434156331876740751e+03
1.414173631786809210e+03
1.409208730267687315e+03
1.459071278214825725e+03
1.490738713469524328e+03
1.489899417205454483e+03
1.442915763145109622e+03
1.485240702949580509e+03
1.508555291305399351e+03
1.512451960292272361e+03
1.251876292109881888e+03
1.373443120606741559e+03
1.253421093199437337e+03
1.410738175403611649e+03
1.466104324774395536e+03
1.370157607179172601e+03
1.486884549138499551e+03
1.363851375404115743e+03
1.530540237411151338e+03
1.260626505796890797e+03
1.352501060033090653e+03
1.578119937117782229e+03
1.263140916018933922e+03
1.367299245891872488e+03
1.298179440479297909e+03
1.472508477278992132e+03
9.869833920354916472e+02
1.367145219681404342e+03
1.351684218754072617e+03
1.244859586121386201e+03
1.298757815961133474e+03
1.486877149345673160e+03
1.404620093447414092e+03
1.353386603613366333e+03
1.193916946605218982e+03
1.522601580988619844e+03
1.446251630398174711e+03
1.388226169764651104e+03
1.373711528055139070e+03
1.134845486046749329e+03
1.343106925474824720e+03
1.360701158479604146e+03
1.394009863006921478e+03
1.345727080717754006e+03
1.590767649411573075e+03
9.591091845838909649e+02
1.313356156100271164e+03
1.294385350426455261e+03
1.323833877973776907e+03
1.541607043635279297e+03
1.618092999263924412e+03
1.189659594942985450e+03
1.568055589705432794e+03
1.594935097777846295e+03
1.649142308663440190e+03
1.554687099165833160e+03
1.530769786513007830e+03
1.559560506532894806e+03
1.352500037133514752e+03
1.506042371314597176e+03
1.455134213246577929e+03
1.167872028937509413e+03
1.254978218933019662e+03
1.445182890562648936e+03
1.636183221958210879e+03
3.948672513780611553e+02
1.388459122688748721e+03
1.610135284641581165e+03
1.517158529476666445e+03
1.350901371559358950e+03
1.581342287535937885e+03
1.485281727801710758e+03
1.311954548221635378e+03
1.495852576020889956e+03
1.236575512604231562e+03
1.483864974924040780e+03
1.580534791959236827e+03
1.422696516792698958e+03
1.398913736668335787e+03
1.494672706201288747e+03
1.310484124531117232e+03
1.424795340116147372e+03
1.340419166042292318e+03
1.622051171610225992e+03
1.287357562886224969e+03
1.108728312964641191e+03
1.244973169834565169e+03
1.469870680627605452e+03
1.516525976106878261e+03
1.377874703877969296e+03
1.314657608000124128e+03
1.417733760676893780e+03
1.484595119507016989e+03
1.298826432856239080e+03
1.469765322983608485e+03
1.456546686319531091e+03
1.477645520269087683e+03
1.584209010549176583e+03
1.366050894586569029e+03
1.182250178820284873e+03
1.530027077200184067e+03
1.561081236125507303e+03
1.348641751198858401e+03
1.543603976070340195e+03
1.636068261493398495e+03
1.594726791711839724e+03
1.606045585072466338e+03
1.121023032765338939e+03
1.366041246479265737e+03
1.235090482581988681e+03
1.449267355413700670e+03
1.337196895967583032e+03
1.293497987553114854e+03
1.575612079554846787e+03
1.332023815561841957e+03
1.554022674861234236e+03
1.400668099031943257e+03
1.285821820444025661e+03
1.171460499905863799e+03
1.551192453280776817e+03
1.121478957725022156e+03
1.298259316631282672e+03
1.295525999257566809e+03
1.328475236017496172e+03
8.382336836175983308e+02
1.407911113459718990e+03
1.384933353895938353e+03
1.437752794050260491e+03
1.469578655938108113e+03
1.183967350139768087e+03
1.425455877271621148e+03
1.272072514977477113e+03
1.555047353034266507e+03
1.293334509035001020e+03
1.561063366363000796e+03
1.445900209631151938e+03
1.456529296763836328e+03
1.566001554058042984e+03
1.417738829679275341e+03
1.533873655387462122e+03
1.416790764783522036e+03
1.577134306525192187e+03
1.456267114096315254e+03
1.399063374139977441e+03
1.307002648270531381e+03
1.296736636004192178e+03
1.212157989801077974e+03
1.271426641364962961e+03
1.373346137196909012e+03
1.409642690118477731e+03
1.448405739329783046e+03
1.576405545209991942e+03
1.341287390112125649e+03
1.507303246419300194e+03
1.360702002786515550e+03
1.283486882275234393e+03
1.197892850018078889e+03
1.462190651192714540e+03
1.455879615711983888e+03
1.426459425155971758e+03
1.383237647638367434e+03
1.344792147190430569e+03
1.441134572637965675e+03
1.555594785394481278e+03
1.586734101421210653e+03
1.344185141440821099e+03
1.271928557678337484e+03
1.405926661281519046e+03
1.549304643019018386e+03
1.625833377838646811e+03
1.618419076421739192e+03
1.213005649527467085e+03
1.502571623730552574e+03
-1.413912978370115525e+03
1.280331247387895701e+03
1.513456483995035342e+03
1.212743862521766459e+03
1.320252779242508268e+03
1.282597651248047441e+03
-9.196577987480751517e+02
-1.406498721055902479e+03
1.258351443054878246e+03
-2.515040081674769681e+03
1.449778367354922011e+03
-2.123088427996980499e+03
1.422237501767499225e+03
1.518704790064960889e+03
1.208283757575415166e+03
-1.782138567258209605e+03
-8.713937922082004661e+02
1.592118462097339716e+03
1.525385381507060401e+03
1.231413213083524624e+03
-1.866846958466122942e+03
1.494034559441187412e+03
-8.539290352825253194e+02
1.038439507423653595e+03
1.488056844135074016e+03
1.372375623870940899e+03
1.522784130517729182e+03
1.441056870378448366e+03
1.480236578140815027e+03
1.310434349257314580e+03
-5.654995118304769903e+02
1.457011604638842982e+03
-9.855712214888794733e+02
1.506950406971181337e+03
1.424528160621317056e+03
1.285055769980844843e+03
-2.129965297214135262e+03
1.364624340999934702e+03
1.463770701913352468e+03
1.363129862130818310e+03
1.417567935894830498e+03
1.182967897093416013e+03
1.507725371843543599e+03
1.360228795113965134e+03
1.474875256142448961e+03
1.536837645526538836e+03
1.370022409892864061e+03
1.394449396141429133e+03
1.366794190726204533e+03
-1.035666396506541332e+03
1.498920003003559486e+03
1.344820069270488602e+03
1.384901221017317312e+03
1.335987813100615313e+03
1.257856641922611288e+03
1.259939427587078626e+03
1.400067834921252370e+03
1.430902985295562303e+03
1.307152928388042483e+03
1.353063553677496657e+03
1.367160403640451477e+03
1.376106795215621105e+03
1.562978064239520108e+03
-3.794528675265165930e+03
-8.114521266075728363e+02
1.266246524490508818e+03
1.368231530049624325e+03
1.345032069094032067e+03
1.299333136113256387e+03
1.434296406939307644e+03
1.236274011803610620e+03
1.274876042502944756e+03
-2.014721418380181376e+03
-2.506940513275008925e+03
1.416086678737673992e+03
1.438961599096729742e+03
1.239446757367840291e+03
-2.375965663832148039e+03
1.426160382858201729e+03
1.205019764243993677e+03
1.140294324111551532e+03
1.402075879587070631e+03
-2.766350534555147533e+03
1.085535620391683551e+03
4.385810949592441830e+02
1.370457038674619298e+03
1.119576180744940530e+03
-1.658131630153264723e+03
1.303505751631546900e+03
1.414391957115204150e+03
1.425199378027146395e+03
6.848711355032398842e+02
4.598993817749430946e+02
1.039404327238486758e+03
1.490703625964018329e+03
-8.907321775811280986e+02
1.451572078164227833e+03
1.444491357352294699e+03
1.475786393213390511e+03
1.417450228930740650e+03
1.418208953926238792e+03
1.459481126086082213e+03
1.442117066500748251e+03
1.554510057467624847e+03
1.454442760759089651e+03
1.418195987526666613e+03
1.408337708660513954e+03
-8.142022462410050139e+02
1.510384230137615759e+03
1.338675907248503790e+03
1.454482872450825653e+03
1.199967061003328809e+03
1.588672372382671256e+03
9.947258559029837670e+02
1.256486573873140742e+03
1.337555465710279123e+03
4.815672272288713884e+02
1.495838452279963349e+03
6.260087332954612975e+02
1.345546623307546724e+03
8.200061370825893619e+02
4.883775217980697789e+02
1.433319589543463053e+03
1.014703863523949622e+03
1.519272190572383352e+03
1.427932658561951939e+03
1.432460094854239969e+03
-8.280165692246876006e+02
1.570353623108642296e+03
1.291119506204022400e+03
-1.785716969414639152e+03
1.094746342021229566e+03
1.284482016320415596e+03
1.522379390659619276e+03
1.584436094902122250e+03
-7.436617365081635853e+02
1.454623140921535423e+03
-1.161864574395551017e+03
1.341847499011772925e+03
1.073029247976119677e+03
1.466876555179359002e+03
1.029350197359200820e+03
1.414220485683091056e+03
1.465457313477049183e+03
5.208199540557986893e+02
1.383944179115533416e+03
1.285818589392092008e+03
1.496372668998868903e+03
1.403698838424608994e+03
1.339839833756341704e+03
1.314978972551407878e+03
1.516993946823498391e+03
1.459575265681635983e+03
1.570591265225815278e+03
1.531935797913664146e+03
1.556778317015350467e+03
1.508541645468810202e+03
1.426068361859907100e+03
1.337316862988639741e+03
1.524544846254569848e+03
1.519493203622445890e+03
1.489860052188585769e+03
1.481429434819945982e+03
1.420293753333199447e+03
1.534851226768648075e+03
1.241357131909409645e+03
1.623843651202452293e+03
1.314910511724347771e+03
1.428417311710468766e+03
1.442022353864557772e+03
1.458518668344438311e+03
1.300449876972985976e+03
1.435651422613482737e+03
1.442963502924537124e+03
1.437597486006543022e+03
1.621727694398809945e+03
1.409568046052565478e+03
1.332533929303212972e+03
1.485335213603459124e+03
1.596708303593538858e+03
1.574375071229366085e+03
-7.167457756389551378e+02
1.442453319096040332e+03
4.485153045783823700e+02
1.347368909366859043e+03
1.478677580997859422e+03
1.520153484842187481e+03
1.497510839862954526e+03
1.419206899363143748e+03
1.393304769260319972e+03
1.384939549721051890e+03
1.449615631552238256e+03
1.556045118226007162e+03
1.257729988461257335e+03
1.485365588282750196e+03
1.257192839713841749e+03
1.260952329112021062e+03
1.487120969087626008e+03
1.393582088493162018e+03
1.315643249367954468e+03
-4.306115021471642876e+02
7.552821780143650585e+02
1.525488101962824658e+03
7.329517888212317303e+02
1.408022409677128053e+03
1.425834397746546529e+03
1.504497640963338654e+03
1.454546366499850592e+03
1.458489167263128138e+03
1.466589594160839624e+03
1.511636677871507345e+03
1.485144421748460900e+03
1.495223287638547390e+03
1.356095385143224803e+03
1.493061196816894380e+03
1.549879600329580398e+03
1.370977396696992173e+03
1.595023539173343579e+03
1.376552427579571940e+03
1.280795026864258944e+03
1.565720276444707451e+03
1.509664594032323294e+03
1.373628074691012671e+03
1.486349280810742584e+03
1.366081128665817005e+03
1.516147543929833319e+03
1.369769445098937467e+03
1.344040373772935254e+03
1.304969406889990523e+03
1.376723586678809852e+03
1.248799094561069296e+03
1.387881710641427617e+03
1.517965402635879173e+03
1.507118138224151153e+03
1.454878419974880444e+03
1.343532184485972493e+03
1.460721417223112212e+03
1.318454328693562729e+03
1.633994006406415338e+03
1.423477588615336799e+03
1.282196571537416958e+03
1.550039860765607955e+03
1.474456061484755537e+03
1.400782657645570453e+03
1.395325331863441079e+03
1.415819935787832264e+03
1.553901666445984347e+03
1.343457043965651110e+03
1.531807624986153087e+03
1.475509770050389079e+03
1.499134557164790522e+03
1.360942421075276343e+03
1.343128844544623462e+03
1.475591842335488991e+03
1.610793037842456670e+03
1.555622895434062684e+03
1.482169158753092688e+03
1.459395351987041067e+03
1.342544198001835412e+03
1.533328229244235217e+03
1.408342834534864778e+03
1.487787401394879225e+03
1.517204527974640314e+03
1.555836417536304225e+03
1.441689160524748331e+03
1.391064890820762457e+03
1.368458397404550396e+03
1.464832790643220960e+03
1.411225537322421587e+03
1.379416520248960524e+03
1.613854840751956090e+03
1.551965078014740811e+03
1.522416385530698562e+03
1.525980465090037342e+03
1.389152602551494510e+03
1.430506219526440873e+03
1.526169444731235671e+03
1.449710789998642213e+03
1.543834540696111162e+03
1.440118867118166918e+03
1.638609892148181416e+03
1.481654140708104478e+03
1.475417553353999210e+03
-9.311338362990080668e+02
1.353115612544822397e+03
1.278695272698375447e+03
1.499242238901921610e+03
1.420247339792606908e+03
1.387625613298198004e+03
1.563953983326912521e+03
1.476226392970305824e+03
1.557415386739742189e+03
1.294469894744927160e+03
1.526213735261972033e+03
1.413203222743531114e+03
1.505525588546401877e+03
1.445058143300436768e+03
1.525770788183158629e+03
1.636816322005009852e+03
1.540814350034049994e+03
-1.538973771630515103e+03
1.482707632416389060e+03
1.428416616000835120e+03
1.592703618281078889e+03
1.366961511498669097e+03
-7.119421865437082033e+02
1.358640886193546521e+03
-1.805256725228043933e+03
1.387430054626410310e+03
1.512464521001654248e+03
1.404999483827908534e+03
1.423867454343198006e+03
1.475529179408659729e+03
1.292088812676813632e+03
-7.903210880635024296e+02
-1.223147353919520128e+03
1.347794770095596959e+03
1.448119121292596446e+03
1.422104646659301125e+03
1.599433825426374824e+03
1.396865500436818365e+03
-4.199647126913079092e+02
-1.298201447138475487e+03
1.444484312129909540e+03
1.439005946724638989e+03
1.437259168639040581e+03
-4.574479608473099574e+02
1.541887492533836166e+03
1.287529983890258791e+03
1.496683972498677576e+03
1.441301639677986941e+03
1.490806584162512308e+03
-3.160712258062549722e+02
1.461402116711730059e+03
1.364790154570628829e+03
1.491093368988372731e+03
1.442493069967613110e+03
1.479388983877395731e+03
1.479725353933646602e+03
1.488273007260392433e+03
-4.047764431707944368e+02
1.495740680994890226e+03
-6.561570137018827609e+02
1.456653653670621452e+03
1.581267317979074960e+03
1.460537126514226429e+03
1.394236018212279760e+03
-8.091494389661511377e+01
1.554002827996180940e+03
1.590614706456530485e+03
1.427106875134492839e+03
1.333521338893936672e+03
1.458410338498597412e+03
1.299915119149122575e+03
1.519516501118346014e+03
1.282877959094238804e+03
1.607770689540129524e+03
1.439554974639210741e+03
1.392193735119846451e+03
1.526475952820590010e+03
1.453535178733274279e+03
1.592817399579251287e+03
1.467968460644597599e+03
1.461081214972565704e+03
1.500522887571952651e+03
1.524298922915280173e+03
-1.130366481963904334e+03
1.348391159372357606e+03
1.432502018062374191e+03
1.465616027797267179e+03
1.449721916816712792e+03
1.417586017293353734e+03
1.573644148943388700e+03
1.513541095560439317e+03
1.400588433086991699e+03
1.542188859434689448e+03
1.361461105655004758e+03
1.429039516713052080e+03
1.543255063798482524e+03
1.455407209370090641e+03
1.374738120484893898e+03
1.545958300655075391e+03
1.273488581693467495e+03
1.457172673250013759e+03
1.453154283450988260e+03
1.561417445088329941e+03
1.590683808253181951e+03
1.468494504831043287e+03
1.364371472883074603e+03
1.509752986156859833e+03
1.416211061846429175e+03
1.469866069054480704e+03
1.536634039777087310e+03
1.565257717161790879e+03
1.401181993955246526e+03
1.381118178719271555e+03
1.376450723747904476e+03
1.550747310209548232e+03
1.445340557369518820e+03
1.543372915380565246e+03
1.653373494998919568e+03
1.445568738689356678e+03
1.522264020240493210e+03
1.359659947048788581e+03
-7.420932033822796257e+02
1.395887857405024988e+03
1.446306856100768755e+03
1.500257476537517050e+03
1.261539685318886313e+03
1.256369435101200907e+02
1.469137499055529361e+03
1.580791533274910080e+03
-4.492342580281567166e+02
1.490773694398224052e+03
1.483481170489777469e+03
1.545111421523217814e+03
1.659998919868955682e+03
1.426274981323733527e+03
1.529246313870374479e+03
8.104962476191142287e+02
1.594517531042287146e+03
1.225620650410144208e+03
1.574724644551174151e+03
1.440752871947597896e+03
1.604386752290048435e+03
1.329016454023909546e+03
1.461002654780374996e+03
1.430466228479258916e+03
1.563530824159603981e+03
1.492349663828453686e+03
1.355623299364087870e+03
1.401868232498185534e+03
1.428519568364299857e+03
1.612440839425520608e+03
1.602110049305919574e+03
1.527023448092476428e+03
1.547616455581798618e+03
1.434812387190805566e+03
1.587999707891010758e+03
1.376286474896608297e+03
1.452682200242295494e+03
1.606296433123914539e+03
