-2.317926996074724684e+03
-7.574934204297009046e+02
-6.446829982637158309e+02
-7.006280065712405758e+02
-8.722982411118264281e+02
-9.127177946593754996e+02
-1.037751116282385283e+03
-1.022561301451784971e+03
-8.681320584353336471e+02
-1.171613800007727832e+03
-1.068975468636812820e+03
-1.109325278884635054e+03
-7.137082669321166577e+02
-1.009723235421862114e+03
-9.516817923242620054e+02
-9.528016047166682938e+02
-9.702517632628122328e+02
-1.142412706882395241e+03
-8.149075816633489922e+02
-9.178778441607447576e+02
-1.086195548277670923e+03
-7.691712979953946387e+02
-9.680238749655010224e+02
-6.463367921882845621e+02
-8.820605914858899723e+02
-7.254828697516707052e+02
-9.915785102886607092e+02
-1.085178780186191943e+03
-7.252445360624028581e+02
-8.597440011151871886e+02
-7.193133577657013120e+02
-8.466852962103271238e+02
-6.863342550158001814e+02
-1.013130470232345829e+03
-1.198549954467396901e+03
-6.078625723596926491e+02
-1.190504196144763455e+03
-8.104270897388111052e+02
-9.128228159023819899e+02
-6.880761004828483465e+02
-8.180807697712306208e+02
-1.051298317844418762e+03
-7.991778841624316101e+02
-7.825489807665483113e+02
-9.505018678284485532e+02
-9.409646321028087641e+02
-8.381820453973375606e+02
-1.029672268292952140e+03
-1.070089813247395114e+03
-1.189016257618022792e+03
-7.496476867804419726e+02
-2.395654554835887211e+03
-9.372107415181255874e+02
-8.120569829790363201e+02
-8.121830958422415279e+02
-8.375673574286923895e+02
-1.198167510823477414e+03
-1.000257282960092198e+03
-1.079607203008699344e+03
-1.105660385057183703e+03
-2.077406744183082083e+03
-8.596072198435235805e+02
-1.326040582992923646e+03
-9.284772492021352264e+02
-9.842373825356177122e+02
-1.047152701402636922e+03
-1.232734140441295722e+03
-1.101341344766061411e+03
-1.290198415478281049e+03
-1.066590001677944883e+03
-1.003005550737374051e+03
-2.873148657778068809e+03
-9.216246386627982474e+02
-4.622735850320693203e+02
-1.437825445431721391e+03
-1.472703487291717920e+03
-1.086467256336585706e+03
-1.029624913854822125e+03
-1.103639399557735260e+03
-7.614019307242855348e+02
-6.852481780343100581e+02
-8.589846913810084743e+02
-9.967209296136120429e+02
-9.534319436747510963e+02
-6.811957563498490345e+02
-7.556821313940421305e+02
-7.421477117155195629e+02
-9.553709335628368535e+02
-8.934703177786747119e+02
-8.799638628600949914e+02
-5.629886678711371815e+02
-1.061306702928491404e+03
-1.302706995396097682e+03
-7.418718711414328482e+02
-1.254438297102441993e+03
-9.158465379786644007e+02
-8.349577805418696244e+02
-9.499932504228941070e+02
-5.284695599059479036e+02
-8.990393022633049895e+02
-8.811114150831998586e+02
-7.124495688747326767e+02
-1.389841730503444978e+03
-8.502317306687162954e+02
-6.952001161710841188e+02
-6.682119151928787915e+02
-1.076025465033077126e+03
-9.549375553828881493e+02
-9.831525272870790104e+02
-7.255728215670677628e+02
-6.741177506475481778e+02
-7.550894176488944822e+02
-1.028267421622610300e+03
-8.127401375483573247e+02
-8.366395393688804916e+02
-7.304812162968328266e+02
-1.000867464287867506e+03
-7.489207456842107149e+02
-7.574280200019834410e+02
-8.629226776159364363e+02
-6.385798022140934336e+02
-8.479617408898805024e+02
-1.356132366028614342e+03
-9.140246803880410198e+02
-9.934152885821663403e+02
-6.301312441931819421e+02
-7.743294892470828472e+02
-8.643379131911362947e+02
-7.867209392267269550e+02
-7.921206255697705956e+02
-8.464615055665069576e+02
-5.815928097504804555e+02
-1.194879046497524087e+03
-7.725276019895596846e+02
-6.347029578222836790e+02
-7.823505065110614396e+02
-5.428677954807966444e+02
-7.283644123128644878e+02
-7.870913203499756037e+02
-7.748255496370576338e+02
-1.152497082055732108e+03
-1.061830837172699148e+03
-6.108693012818044963e+02
-9.252860965549496086e+02
-6.123925300686298669e+02
-7.840883095812511101e+02
-6.559360686430122769e+02
-5.877440898793541919e+02
-6.914309348453433586e+02
-8.018190198981225194e+02
-9.360453136946587165e+02
-6.434342122889728444e+02
-6.894613113250650258e+02
-7.510203277644981199e+02
-5.769746573614788758e+02
-5.859398006076582988e+02
-6.758913926405064103e+02
-7.311432342558291566e+02
-6.317369937161980715e+02
-5.663832956593863628e+02
-6.590687631573770204e+02
-5.558797036640906981e+02
-6.289197121341778711e+02
-5.524339877889262880e+02
-5.562629641125142825e+02
-5.669148714091737702e+02
-8.281621259103645798e+02
-5.075133970276176001e+02
-6.998439514397592802e+02
-7.088703895417759213e+02
-3.685705117991706175e+02
-5.589519170785293909e+02
-7.507159632883924587e+02
-5.885810530881177556e+02
-6.495472493072509224e+02
-6.615471675759979462e+02
-6.776294126266586773e+02
-4.740237794292231683e+02
-7.490070525921883018e+02
-6.661829844330977721e+02
-8.960612217530699581e+02
-5.941160015610967093e+02
-5.099302893153302989e+02
-5.919968819145676662e+02
-6.568786305227865796e+02
-1.114245926756127574e+03
-7.181467669836083587e+02
-4.252803859290292507e+02
-5.136583865639487385e+02
-5.593174874404787715e+02
-8.947118155781732867e+02
-7.572835722415650253e+02
-1.262011459976106153e+03
-4.359697075710980698e+02
-6.527826605544903487e+02
-4.412691522576083685e+02
-3.368654465668806779e+02
-5.833877934751452585e+02
-6.754963562157105343e+02
-7.514573289264010327e+02
-4.362034089053620960e+02
-5.357879964963666453e+02
-5.756674648343109766e+02
-5.666863450610420614e+02
-5.648549865446188960e+02
-5.721785284747568312e+02
-5.957265951316755945e+02
-5.316989035498012299e+02
-3.641394456914030116e+02
-6.275103349993098618e+02
-6.277284757921809160e+02
-5.570809495024349189e+02
-5.709156710314953216e+02
-5.658473805316978087e+02
-5.136576770300220005e+02
-7.035485292569501325e+02
-5.640900011191228032e+02
-4.308041614997923148e+02
-6.250675580288458377e+02
-3.480876245627272283e+02
-7.033724318283141201e+02
-4.639875362014287248e+02
-8.305231410758631228e+02
-5.353204097867929931e+02
-3.468391284107191836e+02
-2.558651875516496830e+02
-6.134677826869526598e+02
-3.336367052738498842e+02
-4.400082900221912610e+02
-6.841084304225125834e+02
-2.493078756967659615e+02
-3.437388596163024204e+02
-3.876560335799305790e+02
-4.592157264610577272e+02
-1.821867907659838238e+03
-6.057780820903124095e+02
-1.730789326253173499e+02
-7.149382828622433408e+02
-3.415476041937746459e+02
-9.581181185463377687e+02
-1.352382844946992009e+02
-6.559249092823799856e+02
-4.595200097364484009e+02
-8.136468620478721903e+01
-4.055128980061856510e+02
-4.038260145140288273e+02
-4.977807518280959016e+02
-2.160249246102586937e+02
-2.170302854240817396e+02
-2.444248213023315202e+03
-4.380059638408520186e+02
-1.438205613835394843e+02
-3.165509624717482779e+02
-2.093205196912598467e+02
-1.569918251249697732e+03
-4.035423132590938167e+02
-2.104377017530590592e+02
-1.529919482329720211e+02
-7.257923205088798113e+01
-5.682506592672837797e+01
-8.520341764918280205e+02
-1.849948139125276612e+02
-2.038723587984131200e+03
-1.670629419613606785e+02
-1.249723570312389711e+02
-2.049335708818315993e+02
-1.518859455165921872e+02
-1.540091324448223986e+03
-1.983294799330547278e+02
-1.991366308947231687e+02
-2.827423297848111474e+02
-4.857301372526963945e+01
-1.382767121265098638e+02
-2.248290383495124161e+02
-2.121300491354042492e+02
-3.908070535186941470e+02
1.129762097200325854e+01
-5.299780450677665300e+01
-5.106716645229942060e+02
-9.915053713171848813e+02
-2.240446510260578634e+02
-2.946149808183037067e+02
-9.089341875357479239e+02
-2.262316860918425618e+02
-1.150020923409948182e+03
-6.439490309511429587e+02
-9.804611006260926160e+02
3.185556596742593456e+02
-1.326887869469603345e+02
-1.364721050502180901e+02
-2.398521508366933972e+02
-5.916992050312495621e+02
-1.765249062257260448e+03
-3.108725654681552442e+02
-4.976043950825176694e+02
-3.699192235885396940e+02
-4.617727271328515712e+02
-4.208721549903769983e+02
2.718662236676825046e+02
-2.098136783899541342e+02
-6.319297351949717267e+02
-3.914856846429370307e+01
1.552498025312551988e+01
1.414785233253962815e+01
-6.494840456596455169e+01
5.942620151299927045e+01
1.304666261308321680e+02
-3.445849530309742192e+01
-4.834196576538588630e+01
-3.904082326790057067e+01
-9.300964905220826040e+01
-2.218608382278563909e+02
-8.170792672770363652e+01
-1.012870844322678749e+02
-9.053526629958352032e+02
-7.991828044074674153e+02
-7.068882055181143187e+02
-7.421357856884088733e+02
-1.009264840774248739e+01
-2.208003147562595530e+02
-1.218410753328836563e+03
-2.524675298494563549e+02
-1.578247005955357452e+01
-6.651420086505687834e+01
8.887366546158409619e+02
-5.952575028515143174e+01
-9.863739489095303270e+02
1.059477471387154424e+00
1.251548386369790364e+02
-6.124693743484743891e+02
6.910415481129535920e+02
1.107718098795323385e+03
-3.429781964484117793e+02
-2.156285220561994720e+02
-1.807413789745856150e+02
-6.350711436711306845e+01
1.752232372613391078e+02
-8.039547108151410271e+00
1.115560429633823560e+03
-7.862242490503051613e+02
-4.280853076115285205e+01
-9.789188887024111807e+01
-6.723088713172138853e+01
-8.460731674476500075e+02
8.655572473091475558e+02
6.253912215012893228e+01
1.523494642119586047e+02
4.903035093675590588e+02
1.647749354357312654e+02
7.239586873413438184e+01
1.113775511043037795e+03
8.356176134454925659e+02
4.769350918299859359e+02
6.878972748419597565e+02
-1.182310706640795388e+02
-4.443835036219869039e+01
8.760039454942799466e+02
3.065084331225459096e+02
5.410373537327411668e+02
7.847712568082781104e+01
1.125295024063958181e+03
6.266738244035415164e+02
3.410565648173195541e+02
8.928397095224619306e+01
2.705296699719659159e+02
1.185113746423136035e+03
4.651366152303164654e+02
-1.459920724854552816e+02
-1.400284257273210073e+02
3.653784544590816949e+02
4.701311157560251104e+02
5.383917591161463179e+01
-1.172826309309166959e+02
-2.770510240613691622e+01
3.952656307784836827e+02
-2.975672513641637806e+02
-8.524519568488713048e+02
-2.003318348384991907e+02
6.692135220108026488e+02
1.987854266163228374e+02
6.187444718519874414e+02
-1.615746968860888728e+02
9.587983727460094769e+02
4.008623985150997271e+01
1.348268327870272856e+02
-1.217738778945189893e+02
-3.648396609847055743e+02
3.976200664992223892e+02
5.509839684684727672e+02
6.163365888509724755e+02
-6.516887308355509276e+02
8.775298025233089447e+02
8.320943283109743334e+02
9.282502068710567755e+02
8.041249847798106885e+02
1.018212636943200550e+03
-4.207834959442641320e+01
1.739018216454843184e+02
-4.026281374888052937e+02
1.177763982520366994e+02
-5.108188783462600213e+02
1.095376912631150162e+03
2.099154171786658196e+02
6.977020282816382633e+02
4.993665042626714126e+02
-1.384293894276135006e+01
6.331789216651193328e+02
6.150613897095558968e+02
5.376139395651995301e+02
2.465537486880163840e+02
4.969508304019423690e+02
5.223524291661645975e+02
-1.417817694585574486e+02
-1.949574434553170477e+01
1.464064381172979097e+02
-7.487417446354675121e+02
1.494111351235209440e+03
1.426600931211344516e+02
1.463436721710070969e+03
5.898521590683369595e+02
1.183414989397602994e+02
6.623401921299769413e+01
1.411572474702214208e+02
2.519689792443581950e+02
1.063620689989845687e+03
-3.205903222104126371e+02
5.772079868279445236e+02
-4.940455094726443690e+02
3.374957480385318149e+02
7.721224259956131846e+02
2.184872379103541107e+01
4.682493485139074210e+02
6.004433297775615301e+02
-1.650070531752147360e+02
1.733190499482528253e+02
4.169694137581650466e+02
7.003830460963540645e+02
3.670789355162374932e+02
5.019762549851926110e+02
9.169353141977384212e+02
8.277926695980623890e+02
1.095051485100708760e+03
9.027178083761561993e+02
1.255589724321847143e+03
3.224663263291963062e+02
6.811514895073457865e+02
7.015708532663436472e+02
4.929226405780132154e+02
1.296584907058884710e+03
1.023812498093424892e+03
8.345940504185200837e+01
1.199626484343932134e+03
7.813437311694361824e+02
-3.501450273252395391e+02
5.274467401999191907e+02
1.021886666593019072e+03
7.366028433883391244e+02
-6.115537419567556299e+02
5.236804188240597568e+00
2.168805563066646300e+02
1.045109736025799521e+03
2.286944305721718251e+02
1.076087910426566168e+03
3.129455847902638652e+02
1.050364792524042741e+03
1.031114806400332554e+03
1.337812317073994564e+03
1.106633096155855128e+03
1.151246697820362215e+03
8.708082635889636549e+02
9.209117407746964545e+02
1.118561674922101247e+03
1.286045513942854541e+03
1.181164759109137094e+03
1.420582086684050182e+03
1.158953093101697959e+03
1.170065510780468685e+03
1.284227111289692630e+03
1.420076635765479523e+03
1.077529821513932575e+03
7.343142394680428424e+02
1.075768735102410801e+03
2.638171781273579199e+02
8.385681524268807152e+02
1.056276353370250945e+03
5.258066948820317066e+02
8.851399946951869424e+02
8.271672992927891528e+02
5.460005831618807406e+02
-3.961303918828295423e+01
-7.188516007537045880e+02
-6.379013875900177482e+02
-7.966350781798637399e+02
-5.704967974078797397e+02
-7.417515894069400701e+02
-1.101279737631102762e+01
-8.853235166118271309e+02
7.350486130807479412e+01
-6.067794220128276947e+02
-1.946945644987017090e+02
-6.541701307068281039e+02
1.389870326550411335e+02
-6.568958417868902444e+00
-1.499928216603936448e+02
-1.046722003099859649e+03
-2.802548098047824396e+02
-5.422556299802062085e+02
-3.728107235543414504e+02
-4.467316003662639332e+02
2.550748526594756811e+02
-1.142262193820533639e+03
-5.915471534767453932e+01
3.120675349592795556e+02
2.437149321776786337e+01
6.385257455843121477e+01
2.899497805397584784e+02
1.029571509312393971e+02
-8.683666748692886017e+01
5.914206790799504176e+01
1.559430970197975910e+02
4.758391996584296635e+01
-1.018037892474566775e+02
-6.152880367578794107e+01
-1.159461283158411788e+02
-1.467209053375934218e+02
-1.721298159077825289e+02
-4.686579844839215525e+01
4.409890302194438050e+01
3.663419192089633043e+02
4.265895554815421065e+01
2.087469753529233003e+02
3.075539353399786364e+02
3.443517347055194477e+02
1.535348816419037803e+02
3.278955674596211338e+02
3.758247965723874700e+02
3.349749974542687028e+02
4.489791295942946192e+01
2.241160090945459160e+01
4.635703845360978903e+00
2.744550034610055036e+02
5.940628769012562316e+00
-1.092943116125204597e+02
6.093458019903644640e+01
1.406273888682293887e+02
1.448545754909224001e+02
9.786350683001579398e+01
4.510360398658262966e+02
6.837272063093574843e+02
5.840745205504662181e+02
2.111443920400256786e+02
2.102307727632558567e+02
5.525634112540749356e+02
5.328531701059125680e+02
3.879562641656608548e+02
-3.277487461116686518e+01
2.068494482395051648e+02
5.656803066970546752e+02
8.062799820673317299e+02
6.485661481816399601e+02
5.728746898606437981e+02
4.727816359217779336e+02
1.595320218089766513e+02
3.980602495963844376e+02
3.683811393827323286e+02
4.109734783289293887e+02
3.392990255332327365e+02
6.711156104969928720e+02
2.454422477134476139e+02
4.446201608455505720e+02
3.476850844692873466e+02
6.459975754871994695e+02
5.939294418319861961e+02
3.925505209577248706e+02
3.517320721595239092e+02
4.833330866153410170e+02
4.720792848266305555e+02
2.295271840032073953e+02
5.865149547268263177e+02
5.751905449765217782e+02
3.286758697548380042e+02
6.255070990730048379e+02
3.991317978832398694e+02
4.808960393374077853e+02
4.549618791880685649e+02
4.745223069701622762e+02
5.030378116372872910e+02
5.585612782770822378e+02
3.816187934663994383e+02
3.607654431128598276e+02
5.857960211153917953e+02
4.245752613502655777e+02
6.441631259365886990e+02
7.038486563859258922e+02
5.315900666976366438e+02
6.057508853352337610e+02
9.241581753899992009e+02
6.481590271972984283e+02
7.386871655969393942e+02
6.574234320835928429e+02
7.550511167487799185e+02
6.159206030251251605e+02
7.152776771962265911e+02
6.788222265750495126e+02
6.020760497983965251e+02
5.510515354481478880e+02
6.642623855834170854e+02
6.627830779862780446e+02
6.346031511975887724e+02
9.550059014389623826e+02
5.233017031168324138e+02
7.961040110004973940e+02
8.539884504552491080e+02
1.047117685089019005e+03
6.750522868959936886e+02
9.798200903735163365e+02
7.882700210675427570e+02
7.588295023145867617e+02
8.144887443624777461e+02
8.642598308762281931e+02
6.831722546842140673e+02
7.484642755736640538e+02
4.468739586267364530e+02
6.452425489958000071e+02
5.727150285801112659e+02
5.788524896377851974e+02
8.831901119267765807e+02
8.208061319507413600e+02
9.185995302654864645e+02
8.894942319615558972e+02
6.876281892148839461e+02
8.309145290235626362e+02
9.399535653749151152e+02
6.802576250750279314e+02
7.613404274659661723e+02
5.284913349062231873e+02
3.734270409864408862e+02
7.380656754675329694e+02
3.797899641812175560e+02
5.949974249238239281e+02
6.043271773402022973e+02
4.588087135249542143e+02
5.843764479692466693e+02
6.523379916874230275e+02
5.311626438779774162e+02
3.574646315665435736e+02
1.523808694207792200e+02
3.713301979130675363e+02
4.625708020550691799e+02
4.024728384918253141e+02
7.928049656513112495e+02
7.275935663359725822e+02
4.310458733738785213e+02
7.333824995010054408e+02
9.205958842508243833e+02
7.960071378684616548e+02
5.680889630432650392e+02
5.980010350036886848e+02
3.588718692380319339e+02
7.758897443803092528e+02
7.891122024648828983e+02
7.215511281159887176e+02
6.775719066583181984e+02
8.193461266575794752e+02
9.341823565156129234e+02
8.200505641240087016e+02
5.321111435179878981e+02
8.487158550903424157e+02
9.395030528621093708e+02
7.644972320502256480e+02
7.514440991751465617e+02
7.975702362659978917e+02
9.232817973529116671e+02
5.093666912850221706e+02
6.718974584400352796e+02
7.029166561754617533e+02
8.655970124422266281e+02
8.818280281559893865e+02
7.153003313740709928e+02
7.520896921873988958e+02
8.287438315875350554e+02
6.935708420535780760e+02
8.466990860397204415e+02
6.639742955382073433e+02
8.294644369905140593e+02
8.156914419461759280e+02
9.495313914225098415e+02
9.070384653490021947e+02
8.360445158632422817e+02
9.033554032329980146e+02
8.677924530983339082e+02
8.722932193883684704e+02
7.299895873551417935e+02
7.866636279918434411e+02
1.068598825377247522e+03
1.072428770870238623e+03
6.957902621763267916e+02
9.693012784249760898e+02
7.994160571602836853e+02
8.190144682778757215e+02
9.484625838093661514e+02
7.135014454632364505e+02
6.356569077929174227e+02
6.392969206556510926e+02
6.791363837047407515e+02
6.168922271102030663e+02
7.661565532358875998e+02
8.216188793431831527e+02
7.929438721892579451e+02
7.678855161366071798e+02
3.500416073033438238e+02
6.909940407880425255e+02
5.675381647224883181e+02
7.862215245322180408e+02
6.284668101721673565e+02
8.019764112351506355e+02
4.950906875528310707e+02
5.343385254043516852e+02
7.450221312974406374e+02
5.603724555300294696e+02
7.195796609685833118e+02
7.484267111314819658e+02
6.297507226378988889e+02
5.508067242238709014e+02
5.448515412184005982e+02
7.183367055745147809e+02
6.798510922830701020e+02
6.146952922755833697e+02
6.231909938924839025e+02
6.566494883794676980e+02
7.783491853651572683e+02
8.510324183898150068e+02
7.981973120956768071e+02
7.308500736336658292e+02
6.204152901751010631e+02
7.975376376539868488e+02
9.278334735575281229e+02
7.977367497647543360e+02
6.702637668374385385e+02
6.691875124200363416e+02
7.995998667021492565e+02
8.984577182471655306e+02
6.832594712650445672e+02
9.078647615170234531e+02
8.743793396057658356e+02
7.277890043693876123e+02
6.031250511265513978e+02
6.466030734418459360e+02
4.862112303102795181e+02
9.735334321254219958e+02
9.055425813709183558e+02
8.519262980519810071e+02
6.771454615510764370e+02
6.509299611364131124e+02
8.468114734298391113e+02
9.989996658825742770e+02
9.235924795990711118e+02
9.789834017056948596e+02
7.654837398674236510e+02
1.001093647999513223e+03
1.073775413645652634e+03
8.566555047282647593e+02
1.024365343504265184e+03
9.132141299739530496e+02
1.030512381737315991e+03
9.421073056191897876e+02
9.898373808775615998e+02
1.155088804940253340e+03
1.017069480698866414e+03
8.735455481549593060e+02
7.809640068378068918e+02
6.599028686525645071e+02
8.614912140943989698e+02
8.091265544434843378e+02
9.448445860772958440e+02
7.659840495683558856e+02
5.491354500484328582e+02
7.549430024269640853e+02
9.096049294307629225e+02
8.361037980307944508e+02
9.524232050927939781e+02
5.952247596214884879e+02
6.497850719939507371e+02
8.290463665729023433e+02
4.821801103056338889e+02
7.866689356079845084e+02
9.820181468062091881e+02
9.214507402531891103e+02
7.099337045688947683e+02
1.040166901995269654e+03
8.242249155965605496e+02
6.695872817006278410e+02
8.584027083705386758e+02
1.173913424583605774e+03
9.194325157015960031e+02
1.538902916292404825e+03
1.075479800198381326e+03
6.782499526707523501e+02
7.748524121756067871e+02
8.502626562877160268e+02
1.172821536308419809e+03
9.992736090636203699e+02
1.166530592855938721e+03
1.014414009163701166e+03
1.075871158370624016e+03
9.638704082961851327e+02
5.748509409904838776e+02
7.153414169670004412e+02
8.799590802874341762e+02
1.060622297242629884e+03
1.295198480492463659e+03
1.451745766611345971e+03
1.329311067055574313e+03
1.171201829154855886e+03
1.527384406471957163e+03
1.211831428661010250e+03
1.084279403716740489e+03
1.307234392009762814e+03
1.192076782041214074e+03
1.368993285311868021e+03
8.940312015586539474e+02
1.140739385535116980e+03
1.608542750238910685e+03
1.261693502011038845e+03
1.170051865770272798e+03
1.050957227768692974e+03
1.264088285553329570e+03
1.305296631688032448e+03
1.280638366203080977e+03
1.253190209916657977e+03
1.468493854293693857e+03
1.279312273971386276e+03
1.505009848956742644e+03
1.320709650021124617e+03
1.305839007235034614e+03
1.445894459338415118e+03
1.420437769988066975e+03
1.180695757556080935e+03
1.345252651812741533e+03
1.561494742875311658e+03
1.156923296227880883e+03
1.570322454676143934e+03
1.303963172742766574e+03
1.589684849632509668e+03
1.265732112765569354e+03
1.278064801431891283e+03
1.454783733859819677e+03
1.191655227140458919e+03
1.272886322882552349e+03
1.184420413407909564e+03
1.184140183241176373e+03
1.195475568363522825e+03
1.047613225472370004e+03
1.361751918071219734e+03
1.029514753653485968e+03
8.978846490447343740e+02
1.146370000847448637e+03
1.170763533898868900e+03
8.167873672559898068e+02
8.634736360056592730e+02
5.766405032321827093e+02
9.309401181012983670e+02
6.237688582485434381e+02
1.215187343109317681e+03
1.252022263490640171e+03
1.260387776851340959e+03
1.032150290334693182e+03
9.157690409095675932e+02
5.308415230344570546e+02
9.132368681528789693e+02
6.528222635558322509e+02
7.556794784483633975e+02
7.317629894525305190e+02
1.050655031679891408e+03
6.354520792606589339e+02
8.509469772755236363e+02
9.108156897979761197e+02
1.330306461363915332e+03
1.195628184843744975e+03
6.790228983579149826e+02
7.726501265302911179e+02
5.586579491009246112e+02
1.085576749031231429e+03
9.007289059450329205e+02
8.692262563738470362e+02
7.592034708273750994e+02
1.519497109409685436e+03
1.039622061906250792e+03
9.123818888350709813e+02
9.015882600571618468e+02
9.121892107043438500e+02
9.443177917275505706e+02
7.745527855457805799e+02
9.761300031040586873e+02
7.445451685820942203e+02
9.954755780736502402e+02
1.063621117823021450e+03
7.419605939686510965e+02
8.354152007772540856e+02
9.961714262206065769e+02
1.042368464272331948e+03
9.923132048784694916e+02
1.174786835112485051e+03
9.089509416772303894e+02
9.125603803341047069e+02
8.352855988614109037e+02
1.079241749100231573e+03
1.122173980201266204e+03
9.712199742947104824e+02
9.247099019646246916e+02
1.020470278764165869e+03
7.603737039638195938e+02
1.143848943784019639e+03
1.252989154655505899e+03
1.126848726369044016e+03
1.255425869491361709e+03
1.248227405766887387e+03
6.665634501087806711e+02
8.309589318532068773e+02
1.313941051952113412e+03
9.910088485850292273e+02
1.481556656789660110e+03
1.064591770207948684e+03
1.058184104295223278e+03
1.089540908414142450e+03
1.069930834300694642e+03
1.014136471340427988e+03
7.781021289399262741e+02
9.583302554077940840e+02
1.128028151712621820e+03
1.063043988536606321e+03
1.206383757087834510e+03
9.864884575298974596e+02
1.023551830586424671e+03
8.755083242715419374e+02
1.342596684409438467e+03
8.502297705847053066e+02
1.072858016728187295e+03
1.329571878777562233e+03
1.193094672228915897e+03
1.054538100931132703e+03
1.254318683945696648e+03
1.047554282764371919e+03
1.403161280618153114e+03
1.244588856136627555e+03
1.445258860422791486e+03
1.152012827730466825e+03
1.282560835671999712e+03
8.851725790649643386e+02
1.060710134866286126e+03
1.141612126668256224e+03
1.062299850012227353e+03
1.028994663790872437e+03
1.100617302860948257e+03
1.294809841572831147e+03
1.110706946287122946e+03
1.022878339732823520e+03
1.018064561963971983e+03
1.089848199738533367e+03
9.601507564984133296e+02
1.099145068450564168e+03
1.083899887595868222e+03
1.216042443169722446e+03
1.100077866291061582e+03
1.454282366385921250e+03
1.289856905284941604e+03
1.178978237550102904e+03
9.798675161675714662e+02
1.294267915869633271e+03
1.102285129173825226e+03
1.175083358955091853e+03
1.036632691600777889e+03
1.062613551451851208e+03
1.236213256651349184e+03
1.272996216639079194e+03
1.179636228857931201e+03
1.159655263600844364e+03
1.058949228497765944e+03
1.438971636902350383e+03
1.340003858552103793e+03
1.307879649181503282e+03
1.160220825149478969e+03
9.290134283859462130e+02
1.285903864950788147e+03
1.156830513730415987e+03
1.142536406287708814e+03
9.962332996558911873e+02
1.317883408202241753e+03
1.139079256725050300e+03
1.175845155877366551e+03
1.286160725765763118e+03
1.002835711739515091e+03
1.256600443451599858e+03
1.163907666085656956e+03
1.222349621260304048e+03
1.223014897619892508e+03
1.096821139986509706e+03
1.053675139195861448e+03
1.207763834797362051e+03
1.254469075748855175e+03
1.133525998294679312e+03
1.204434149752313715e+03
1.398809042903001682e+03
1.079592240747269443e+03
9.445925148326413137e+02
1.153385168217293312e+03
1.211575135163194318e+03
1.363215955103724355e+03
1.321810207724725160e+03
1.250844379278074030e+03
1.281708323344595556e+03
1.149477331831564243e+03
1.231301927347909441e+03
1.265080076740724053e+03
1.109184463201216658e+03
1.064787631287532349e+03
1.185816222043980133e+03
1.279033484334242075e+03
9.908514525902479591e+02
1.120284225279755901e+03
1.043967882307551690e+03
1.105393197909755372e+03
1.177869225603696577e+03
1.390075385243145774e+03
7.421306060735328174e+02
1.136999707170238025e+03
1.053770682050395862e+03
9.451090420377963710e+02
1.217053147442888303e+03
1.031240744984854473e+03
1.089283500511029160e+03
9.846415970919415486e+02
1.015241572041815402e+03
9.370310795918832127e+02
1.188612056522994180e+03
1.146199100667814719e+03
9.194134345929514893e+02
1.108879218418705932e+03
1.025961548712996091e+03
1.290828317801502180e+03
7.733918413863682417e+02
1.130365689114544466e+03
1.122391270180551828e+03
1.166714447747139275e+03
1.204539058854629729e+03
1.213164731591436976e+03
1.005704031316421833e+03
9.683065545271216479e+02
1.010043062336658295e+03
1.231589290251119110e+03
9.082034896670966191e+02
6.881809737963849329e+02
9.838502076751605046e+02
1.090093442092329951e+03
1.071200425098053756e+03
1.276041027792974546e+03
9.283682741413142594e+02
1.084142066589673959e+03
1.036635227497621599e+03
9.911763341151356599e+02
1.273870573406844869e+03
1.041479117460404950e+03
9.859872704421879916e+02
1.086544180226944491e+03
1.101449666818107517e+03
1.035775736802599567e+03
9.610558451707684071e+02
1.048633139861374730e+03
1.266570123097101259e+03
1.019963786163586974e+03
1.113481049107289437e+03
1.465934205633854617e+03
1.190436145024690632e+03
1.131530833926973628e+03
9.468517421362439563e+02
9.580900651040724370e+02
9.145125596012296683e+02
8.109910240868739493e+02
1.166954223348972619e+03
1.129112456713051870e+03
1.078079822765712606e+03
9.872796940276463147e+02
9.529080550884737022e+02
1.006797954499232787e+03
1.236498732516367454e+03
1.220276457578700501e+03
1.203770869437424835e+03
1.152975296713893158e+03
1.118767536908289230e+03
1.306365957647582718e+03
9.459007298795337420e+02
1.120546644550431665e+03
1.221557356756149147e+03
1.143842477728569293e+03
1.137263737534879510e+03
8.718819384381436066e+02
1.099643008857231735e+03
1.108157262734396227e+03
1.126610866859825364e+03
1.203154815385152233e+03
1.050859055215753870e+03
1.129292293197263461e+03
1.137070022015161157e+03
1.206538463981040422e+03
1.057649059290711421e+03
1.217585743349956374e+03
1.325426400438675273e+03
1.304011161054860622e+03
1.099438226232438410e+03
1.291801175264801032e+03
1.126918221619954011e+03
1.291585414577177517e+03
1.283280306347007809e+03
1.467817930605254332e+03
1.025498646856303594e+03
1.303137600925793777e+03
1.278984080159893438e+03
1.109573388728616919e+03
1.118776859695225994e+03
1.198036348576390537e+03
1.215847848168926930e+03
1.063519643444139774e+03
1.129095128533998377e+03
1.213181353548274501e+03
1.327447492367024552e+03
1.159538705874965217e+03
1.035871837600211165e+03
1.185407765433217719e+03
1.210279860349467072e+03
1.163411310865212045e+03
1.249130015506795644e+03
1.290849532678047581e+03
1.092571004188931283e+03
1.052506940299635744e+03
1.087680210517118439e+03
1.296397733933332120e+03
1.167587328040694501e+03
1.438472007976275108e+03
1.249485055927594203e+03
1.027281647978242290e+03
1.158176591552098898e+03
1.185619905908952205e+03
1.131785218934894829e+03
1.161234413717331336e+03
1.118519837374883991e+03
1.090014973095195728e+03
1.265818342454901085e+03
1.394370762275925699e+03
1.093614025362782058e+03
1.269090373316944806e+03
1.000148716440221278e+03
1.188811306053034741e+03
7.865694224299393227e+02
1.277984745045471755e+03
1.296737250071753124e+03
1.250160421310039737e+03
1.126482485884162998e+03
1.256276011817790049e+03
1.200594260898316861e+03
1.343425708951908746e+03
1.038486218276651925e+03
1.165628466575486527e+03
1.098010571885571608e+03
1.033427730547966576e+03
1.126976657840446705e+03
1.296808544688419033e+03
1.235838548922647078e+03
1.198083528030982961e+03
1.288121069333359628e+03
1.173741724212858344e+03
1.229887713264935201e+03
9.353778149942572782e+02
1.172714574378339648e+03
1.232444459691912016e+03
1.308537099873889474e+03
1.323653144676545253e+03
1.187580358503183561e+03
1.242480261410485127e+03
1.285608064116903279e+03
1.003773228629526784e+03
1.165761649377564481e+03
1.221966841016088438e+03
1.315525467933759273e+03
9.809031427684116125e+02
1.321712620673306901e+03
1.279167979515519391e+03
1.085570911957899852e+03
1.150511337978744905e+03
9.521798909299586740e+02
1.139406757810756289e+03
1.279628919803566760e+03
1.394479387565473644e+03
1.147805999489963369e+03
1.152691647715259023e+03
1.425664705483815396e+03
1.171210614724731386e+03
1.285675756722615688e+03
1.164549010726773986e+03
1.256203392053559583e+03
1.249595057796693482e+03
1.255745987614760679e+03
1.025070311194433998e+03
1.229079586410763568e+03
1.207698194327635065e+03
1.173395285319166987e+03
9.784762462791596818e+02
1.038265412364522490e+03
1.270464598438719577e+03
1.283795625227060782e+03
1.323040523737573494e+03
1.194215894709755958e+03
1.007487856425069708e+03
1.265513899923480949e+03
1.361953371592584517e+03
1.091125764851302392e+03
1.228782045593678049e+03
1.232921741786722578e+03
1.148445729179913769e+03
1.140692597799067926e+03
1.186394120458858652e+03
1.108692193412831784e+03
1.259887880059614645e+03
1.293875339418924568e+03
1.218812285383745575e+03
1.143921076533335281e+03
1.261291399845018532e+03
1.184557638453618665e+03
1.223664347373111923e+03
1.300872331297080109e+03
1.293892656281449490e+03
1.232484498708308820e+03
1.260827313218519748e+03
1.263626039930675233e+03
1.395631734788659969e+03
1.244383976561704912e+03
1.296361163363010519e+03
1.475424635131662626e+03
1.362200359693591054e+03
1.408398070324509717e+03
1.234591035792853745e+03
1.285974575633489849e+03
1.436012325393286574e+03
1.311073773363298415e+03
1.225576154987666996e+03
1.116108249070286320e+03
1.204497413498730111e+03
1.242800118601002168e+03
1.347036707437966243e+03
1.273344998880334970e+03
1.493611980919863527e+03
1.155220812204959202e+03
1.531959339517934040e+03
1.421735998472463280e+03
1.236100948321031183e+03
1.341078526955398956e+03
1.330919697446474402e+03
1.120859102918222789e+03
1.346750011234833210e+03
1.310330102913829478e+03
1.262411498423871308e+03
1.352086582271514999e+03
1.329148831942980905e+03
1.136256614107531732e+03
1.218584163921421577e+03
1.368533752125621959e+03
1.380999504920428762e+03
1.275315927048005733e+03
1.258113135943330462e+03
1.300676006504480029e+03
1.339025800903794561e+03
1.160458866105552715e+03
1.234461402150783442e+03
1.214669887551490319e+03
1.381950911503241286e+03
1.276423556105381294e+03
1.148430107098591861e+03
1.446437003400244748e+03
1.371200476424579847e+03
1.248376105132261500e+03
1.316029290899558646e+03
1.153946151543452970e+03
1.322267072303520308e+03
1.483714319843842986e+03
1.367968545934871827e+03
1.242763671376833145e+03
1.376277604870283994e+03
1.505193422592496518e+03
1.304786280798759208e+03
1.368909751610549392e+03
1.480436768305879923e+03
1.367555433152401747e+03
1.355245935466223273e+03
1.496598817509059927e+03
1.257199501666075776e+03
1.289576459314548401e+03
1.284691436598801374e+03
1.250927102966001485e+03
1.232895006738760003e+03
1.401429639567126060e+03
1.340217989561997229e+03
1.346751325944952896e+03
1.315514634505456115e+03
1.286261566406708425e+03
1.292152928686283303e+03
1.293416359748525338e+03
1.337725003639626038e+03
1.522457504117068311e+03
1.128492873960597080e+03
1.148543359966160779e+03
1.253607446159921437e+03
1.415782272944580200e+03
1.368318734482944137e+03
1.320746762974637477e+03
1.206919070515341900e+03
1.287624573164666344e+03
1.482442025765324161e+03
1.239789413640546400e+03
1.266293894258933960e+03
1.325289797308893867e+03
1.263939937852188450e+03
1.314039468656634881e+03
1.454511823350675968e+03
1.259024537304855130e+03
1.332225423437848121e+03
1.407267407664794518e+03
1.271601932310778011e+03
1.213151721268500069e+03
1.263381195291039148e+03
1.540807681975054265e+03
1.328353029755766784e+03
1.363881811172776224e+03
1.416425776686376366e+03
1.255806168187575167e+03
1.385340342852675121e+03
1.282736671970207681e+03
1.298884953009648825e+03
1.290412503486834567e+03
1.219381854094935989e+03
1.305898570879208364e+03
1.194777184856494614e+03
1.287791613564280624e+03
1.122723743037096256e+03
1.198204268281614077e+03
1.216025013728675731e+03
1.303072133984007223e+03
1.280370122732111668e+03
1.434645855872622633e+03
1.162075804307533872e+03
1.275682863432563408e+03
1.324204558103801446e+03
1.218648433083342525e+03
1.394793261981430760e+03
1.320379998234118375e+03
1.399006102172797000e+03
1.381996990101317124e+03
1.339740392366596552e+03
1.361880119059134813e+03
1.351615331242253660e+03
1.158006426529814235e+03
1.247307019927223564e+03
1.223788090986002544e+03
1.342727224270932766e+03
1.407029169209348083e+03
1.204399145700627287e+03
1.329523338416060369e+03
1.310136436943113267e+03
1.327961887336993868e+03
1.311240616034506047e+03
1.330103719817372394e+03
1.419800809833676567e+03
1.264094773552573770e+03
1.334708428280758881e+03
1.397690187062294854e+03
1.380763499182244459e+03
1.297405406751208602e+03
1.432395055230365415e+03
1.302369604268557850e+03
1.281853760543721137e+03
1.204381611346845148e+03
1.392113550195727839e+03
1.292589392908851778e+03
1.289520194852959321e+03
1.237542788209032096e+03
1.306047427140311356e+03
1.388010357607321566e+03
1.495875189684953511e+03
1.276222370428804425e+03
1.434223988601271458e+03
1.057149906455781547e+03
1.186517791872502357e+03
1.322070363921742228e+03
1.199211874511572205e+03
1.556204836810272354e+03
1.341081232791786988e+03
1.394158288068912498e+03
1.367885009259612161e+03
1.192878216602436623e+03
1.465665188022538132e+03
1.339876602850203881e+03
1.596134127313916224e+03
1.315680916716181855e+03
1.381624758289548936e+03
1.321184359371377468e+03
1.226146523528438820e+03
1.281678640530893063e+03
1.391625567254929138e+03
1.320004522665350123e+03
1.280983469623674637e+03
1.212155667283353068e+03
1.309416902213227786e+03
1.340338675809697406e+03
1.240398723005221200e+03
1.181633100245809828e+03
1.351070632752725032e+03
1.217965364012757846e+03
1.324130240528023478e+03
1.337994831706113018e+03
1.275991495895440266e+03
1.333148534257103393e+03
1.216260646783767015e+03
1.326100291130940150e+03
1.369559818707247359e+03
1.336341017067372150e+03
1.385087765061030495e+03
1.347619166308916192e+03
1.414674075366931902e+03
1.331144587615578303e+03
1.306243038619972367e+03
1.368949697946703282e+03
1.278153629873447699e+03
1.462470491638096973e+03
1.145016192492752907e+03
1.248079846704531974e+03
1.127023719541837181e+03
1.252908565178204299e+03
1.249918210336236143e+03
1.297997342618112498e+03
1.339837738570535521e+03
1.196218008067264691e+03
1.222723550477677691e+03
1.430564838106391790e+03
1.353605227433254640e+03
1.307259139923822886e+03
1.255421334413314753e+03
1.246161663280647417e+03
1.229169857453306122e+03
1.378734185114568163e+03
1.426366802514164647e+03
1.416233333099470201e+03
1.275164271203791031e+03
1.412333818544704172e+03
1.506602021774381228e+03
1.495321276158690353e+03
1.163455843751809425e+03
1.377799045483606278e+03
1.268715092763356097e+03
1.486664352278585739e+03
1.437802992348635598e+03
1.334926557997343252e+03
1.468928453215972695e+03
1.267411360720240509e+03
1.399925615514148603e+03
1.298972377342641039e+03
1.413737338660372188e+03
1.402633073084577973e+03
1.247137939130370796e+03
1.384891978984744583e+03
1.292022813832343672e+03
1.274022744084508076e+03
1.326785526637676867e+03
1.428316716726419145e+03
1.393025617923010486e+03
1.461878422166291330e+03
1.534148678280001604e+03
1.184109222493125344e+03
1.385884955201676348e+03
1.150348808853733317e+03
9.962862664696845059e+02
1.482715372293537712e+03
1.336779563332362613e+03
1.486351668085502297e+03
1.495631784101397898e+03
1.185623913086261609e+03
1.386619531753514138e+03
1.381517088038285692e+03
1.394117876194324253e+03
1.400413084521542032e+03
1.437165825874206575e+03
1.328844321491289520e+03
1.365071162979576229e+03
1.252482821939625410e+03
1.302656304467703194e+03
1.241448558343445484e+03
1.414902210233785354e+03
1.585667838268600008e+03
1.426221429551017764e+03
1.605085947094932635e+03
1.396778949089061371e+03
1.476205542615614377e+03
1.245342419336315743e+03
1.166015547103125300e+03
1.424485387352000544e+03
1.366919281787205364e+03
1.333896516965315413e+03
1.549758728329025871e+03
1.498576265799437124e+03
1.400036943958915799e+03
1.448931763193355437e+03
1.240636743066923827e+03
1.503238280509808419e+03
1.300093996914962872e+03
1.324914962052865121e+03
1.303495228851584898e+03
1.236057038101660282e+03
1.531082941529880827e+03
1.438913735133989576e+03
1.506939500869023959e+03
1.375983912994008506e+03
1.452313344816330073e+03
1.461672279273894446e+03
1.449840879513023083e+03
1.372385261570057764e+03
1.156554705527780698e+03
1.489376896858947248e+03
1.486046463381704143e+03
1.280490933891199347e+03
1.391911242762813799e+03
1.213707242882656146e+03
1.118344661123165906e+03
1.114285103498404851e+03
1.211684860806293727e+03
1.480394593367479956e+03
1.359204464171417385e+03
1.364578487151821491e+03
1.573888046594955995e+03
1.474093263542387831e+03
1.389318629860914598e+03
1.362712802134399681e+03
1.456529301242499514e+03
1.243087487952919446e+03
1.372668422806244280e+03
1.537172758498878693e+03
1.376163470462471651e+03
1.454371391761594396e+03
1.371563280168426218e+03
1.401966957894882398e+03
1.551103733211235522e+03
1.179137865842046949e+03
1.408161984702936707e+03
1.443749294942479082e+03
1.447390775083787275e+03
1.517848517472976937e+03
1.543398349127399342e+03
1.461853828351153652e+03
1.457871842327574996e+03
1.494561838975628916e+03
1.266937135885838870e+03
1.422363017676352683e+03
1.279386741321855880e+03
1.423893662482337277e+03
1.411660021721888370e+03
1.533047735668566929e+03
1.245545672936233814e+03
1.304870650933752586e+03
1.477411018861771709e+03
1.295726686811516629e+03
1.325510509995447592e+03
1.386376112736986215e+03
1.389137849412318474e+03
1.331191750411322801e+03
1.512981618818259221e+03
1.408742197433659840e+03
1.381988928217395369e+03
1.322071795851639763e+03
1.469556935934710282e+03
1.395067477132522754e+03
1.450395003215869565e+03
1.444324464631671844e+03
1.393816547473874380e+03
1.400778088274711763e+03
1.368385136865635104e+03
1.230325539990412381e+03
1.354180871721228641e+03
1.238558580192200679e+03
1.382651085985591408e+03
1.357399127871675546e+03
1.329122051645171950e+03
1.521702539762967945e+03
1.247596694611744169e+03
1.085086878309940403e+03
1.283657003951101160e+03
1.349465237756522129e+03
1.423395757125506861e+03
1.285019173383261887e+03
1.254311439374329666e+03
1.321588878785306179e+03
9.376753101277039377e+02
1.261428072684774634e+03
1.251353147650555456e+03
1.299224475549326144e+03
1.235598694996609993e+03
1.523438153874006730e+03
1.433185648583973489e+03
1.220085606812292326e+03
1.364684989032048406e+03
1.115965206472804084e+03
1.225691937712578238e+03
1.321441559851643206e+03
1.202657471290036938e+03
1.379309544199510810e+03
1.157823684850644895e+03
1.166564999667018810e+03
1.446169027466032503e+03
1.350496896137318799e+03
1.266456569241676789e+03
1.420686049080634348e+03
1.446479567848541819e+03
1.194756608701409050e+03
1.389902671198129156e+03
1.269072284395622546e+03
1.391069213326041336e+03
1.293905703699674632e+03
1.362650580336796793e+03
1.266312873814488057e+03
1.343551706040231238e+03
1.234347152385089203e+03
1.359082350144190968e+03
1.287953591858245545e+03
1.493990878820315174e+03
1.383404450203903025e+03
1.446291416151949306e+03
1.393039453721109794e+03
1.427729019710968942e+03
1.448283689260112624e+03
1.513972504496222655e+03
1.391970258676176854e+03
1.430251889065088335e+03
1.316713130108290670e+03
1.473628919123427750e+03
1.438135683269658784e+03
1.231222304107386890e+03
1.334107269588109830e+03
1.424986737809651004e+03
1.448978942135619263e+03
1.360132106993112984e+03
1.541582422911948470e+03
1.352535970168673202e+03
1.319920025542416624e+03
1.335199508640362410e+03
1.443169543070745021e+03
1.431289994991046342e+03
1.246576153160507374e+03
1.384628427697997040e+03
1.324020688165677939e+03
1.344198257624685994e+03
1.417106604512953709e+03
1.137967745430065861e+03
1.391694670673783776e+03
1.207563496583620690e+03
1.408013642494076066e+03
1.261414673510153079e+03
1.479076572860286205e+03
1.335258030751929255e+03
1.471216651178272286e+03
1.352039403303245308e+03
1.294686684488318406e+03
1.470322736671967050e+03
1.265497171584045645e+03
1.166231065803624006e+03
1.361318577336091721e+03
1.360590369043121655e+03
1.239452846738530525e+03
1.484346039607519515e+03
1.515830513528859228e+03
1.341791434089186168e+03
1.386382494679986394e+03
1.274329775064225942e+03
1.339737938242244581e+03
1.498783232345301030e+03
1.370194384705623179e+03
1.386680104496175318e+03
1.338870598981958892e+03
1.136626609991989426e+03
1.373455308703963965e+03
1.300976828653323764e+03
1.287219436536599687e+03
1.271318569024026374e+03
1.281942277577726372e+03
1.346327837125245651e+03
1.162244228265655465e+03
1.279295365983154397e+03
1.380637576819012111e+03
1.334679045348503678e+03
1.401792280546206712e+03
1.297418214257532100e+03
1.368261384460458657e+03
1.452146109358841386e+03
1.435541369942065558e+03
1.442234620261464670e+03
1.381144217724726332e+03
1.408064228927773911e+03
1.368073886065341412e+03
1.221952318318818243e+03
1.234804379542982588e+03
1.507434314297344827e+03
1.389006640012126354e+03
1.377591039441970679e+03
1.287565078745278697e+03
1.336882495331923792e+03
1.430977120011535135e+03
1.368243409048527610e+03
1.258114405392186882e+03
1.260491493341292880e+03
1.400960583925942046e+03
1.261867968071524501e+03
1.310671306764728570e+03
1.608232242472852249e+03
1.213191173567616715e+03
1.539161629048407576e+03
1.383377856170480072e+03
1.304670329584336514e+03
1.385252399246138111e+03
1.490785680603992205e+03
1.235084545094885925e+03
1.268702383330047724e+03
1.456680984901597412e+03
1.238718221595125669e+03
1.269517411261641200e+03
1.240988964745816702e+03
1.282134469564359051e+03
1.371668175324886079e+03
1.405797601597856101e+03
1.468113682877486099e+03
1.210816696959077262e+03
1.416746880196227721e+03
1.405584142267896141e+03
1.178926191342288121e+03
1.500593343170958860e+03
1.258590420530535312e+03
1.407179455331693816e+03
1.260298064427717691e+03
1.471134188364517286e+03
1.408462130659690956e+03
1.331173724532933875e+03
1.483445188443448387e+03
1.315337339787064593e+03
1.378201618870204584e+03
1.396101720005607149e+03
1.492443615477889580e+03
1.337520847467630119e+03
1.484056517151173466e+03
1.325481526866665263e+03
1.365922645623426206e+03
1.335254765786686448e+03
1.522651505488967359e+03
1.203705351596222954e+03
1.263652821266317005e+03
1.341223108322275266e+03
1.253387481872377748e+03
1.259608166774842175e+03
1.451522285267841198e+03
1.398226951779314504e+03
1.393666817012706815e+03
1.562635773041030006e+03
1.339102405728098802e+03
1.569973588912401283e+03
1.475028717267072807e+03
1.380430523738186139e+03
1.406808640738692247e+03
1.356055680310431626e+03
1.557388813937679970e+03
1.517481516684377993e+03
1.421360659270261749e+03
1.349248056472157259e+03
1.324094973471049798e+03
1.355524306449450251e+03
1.380171518072852223e+03
1.139141609675209111e+03
1.511954535974476812e+03
1.430763771456372979e+03
1.404872340342287316e+03
1.505400892902736587e+03
1.465400384407451611e+03
1.464391248037298737e+03
1.377635929548855302e+03
1.194633648030290487e+03
1.321428005102995257e+03
1.541503646271963362e+03
1.395390812388190625e+03
1.406675835739610193e+03
1.420025274704020148e+03
1.447945908107272544e+03
1.539276425788303413e+03
1.382689675575116098e+03
1.437026339978645410e+03
1.431584692468635012e+03
1.407072396501593175e+03
1.428421731507429058e+03
1.227288414346989612e+03
1.353465100919852148e+03
1.385412047851908028e+03
1.526917637503419655e+03
1.487648451316923456e+03
1.293100580147165829e+03
1.429003644214782526e+03
1.253620104358868502e+03
1.265188886067754765e+03
1.365168792203778594e+03
1.414424687025876210e+03
1.242301230420033335e+03
1.436610329343132207e+03
1.227903769399763405e+03
1.351836468600686203e+03
1.140242294687279355e+03
1.391728754583466525e+03
1.456074641676096007e+03
1.432004341992615764e+03
1.472876277109643752e+03
1.421421091536814629e+03
1.444515022564713945e+03
1.368353621014368173e+03
1.266289725431962097e+03
1.460645873199303423e+03
1.439245431578997113e+03
1.216356299735182120e+03
1.489921480154862365e+03
1.245953550336054832e+03
1.357980581373395353e+03
1.363826047385050970e+03
1.440002225045683645e+03
1.472959837266304930e+03
1.465884016349323929e+03
1.538525560094183220e+03
1.368874470160656983e+03
1.427396279718733012e+03
1.475043841896272852e+03
1.385909578571551720e+03
1.472504532985622518e+03
1.475554991372287986e+03
1.468532564402501521e+03
1.415296558149801513e+03
1.468864151557801506e+03
1.380119776498752799e+03
1.543766602900228463e+03
1.303649448608078501e+03
1.510422607710394004e+03
1.425310291356845937e+03
1.287352765309630968e+03
1.230665879434735416e+03
1.361260784399865997e+03
1.240587301369561374e+03
1.563952600278089449e+03
1.212037812422505795e+03
1.438358255095404729e+03
1.190557449352942058e+03
1.492542381109683220e+03
1.402786429579911783e+03
1.683559050097436739e+03
1.455578728177659286e+03
1.524600346334104870e+03
1.489311801973591173e+03
1.256261014759758837e+03
1.360614609173396957e+03
1.618893894546003821e+03
1.580156730849510950e+03
1.672315428119011131e+03
1.488032776674604975e+03
1.548476295227592118e+03
1.437208206948406087e+03
1.671225759909076032e+03
1.577715654345997109e+03
1.640458430481863843e+03
1.470276877142358444e+03
1.620843376449914331e+03
1.796125994713460159e+03
1.510068035999859376e+03
1.120817948066672898e+03
1.694977685359434190e+03
1.401088360029057185e+03
1.349841018175859972e+03
1.575194687511360371e+03
1.523195556255599968e+03
1.584772461358364581e+03
1.473452340064250620e+03
1.409108515478831578e+03
1.369738125149151074e+03
1.586087010073245210e+03
1.343530829602465246e+03
1.346615578357550248e+03
1.325122083637677406e+03
1.368647008347340261e+03
1.480483668532040610e+03
1.414639344093974387e+03
1.361455216063120133e+03
1.490848429323993741e+03
1.366376186300181189e+03
1.497293157940631772e+03
1.384514461947211657e+03
1.474510301551316388e+03
1.434785495108766099e+03
1.278263235600376447e+03
1.404249436007409486e+03
1.548501657451115534e+03
1.434221888954569295e+03
1.310496510897603002e+03
1.618631102020158096e+03
1.334445378982421289e+03
1.584247442920896447e+03
1.544314514937733293e+03
1.495448228485015989e+03
1.588622228143314942e+03
1.454563443235359046e+03
1.356486265485826607e+03
1.378820770840047317e+03
1.361833301082842809e+03
1.244599153411424822e+03
1.386619380391403411e+03
1.285047229979319127e+03
1.495880275453990635e+03
1.246564069942059859e+03
1.134771812662415869e+03
1.374756156367925996e+03
1.266997013907905512e+03
1.218229901316497944e+03
1.131143178757862188e+03
1.252457686269606484e+03
1.499298843858209921e+03
1.270956459572726089e+03
1.278247415707272012e+03
1.539514275603390843e+03
1.251390473607302283e+03
1.363900626219189689e+03
1.216822125813030198e+03
1.347324300653238197e+03
1.371316141363540737e+03
1.288448203149430356e+03
1.297601633544701599e+03
1.327378208791829593e+03
1.390922968232615631e+03
1.174474779524872247e+03
1.288603151242467447e+03
1.259943054849384225e+03
1.261465145643819369e+03
1.284405696664287916e+03
1.286469958935683735e+03
1.213957488159250261e+03
1.194388507612702824e+03
1.341459296511502544e+03
1.336659106629017742e+03
1.235638307932272483e+03
1.325116893589533447e+03
1.284019734693531291e+03
1.374923134205813312e+03
1.321035413043868857e+03
1.261229815542632650e+03
1.515749174741586558e+03
1.477539173778128315e+03
1.336827282419832727e+03
1.311383345547687895e+03
1.500242840739593248e+03
1.457294055442032459e+03
1.281337760003508038e+03
1.282618469782755710e+03
1.463707613785598369e+03
1.397533480528147038e+03
1.241956593181220796e+03
1.407112092845439292e+03
1.279753600923562317e+03
1.267101073765529463e+03
1.477653271090397766e+03
1.351517767451053487e+03
1.321187815586689794e+03
1.419276750751541840e+03
1.400183966959579720e+03
1.394020492264912718e+03
1.626728098580476171e+03
1.533995672727977535e+03
1.492867251690728608e+03
1.638638573350193838e+03
1.418334360645669449e+03
1.433450676622487663e+03
1.418585303947992543e+03
1.476838440631676121e+03
1.377091778416790703e+03
1.249029657234027582e+03
1.502969787093350988e+03
1.286657891431693088e+03
1.390484717907610047e+03
1.546905716330703854e+03
1.495335583158315785e+03
1.331117401258631844e+03
1.483128834575155452e+03
1.370980741113500926e+03
1.465108110442837415e+03
1.352188442378223044e+03
1.397409648775355663e+03
1.334825830229790881e+03
1.565487064013516147e+03
1.456558943602766476e+03
1.558717224450026606e+03
1.484908648570484274e+03
1.273054274307665764e+03
1.427903594481468872e+03
1.560094360771550782e+03
1.476238145472708766e+03
1.401466010733729036e+03
1.444760909736296071e+03
1.506297212797065640e+03
1.427179065419615426e+03
1.404549231796831691e+03
1.385832156783196524e+03
1.511951373300151317e+03
1.558348344258874477e+03
1.417052079009181853e+03
1.357887671746708975e+03
1.378300154746851376e+03
1.344157436786301332e+03
1.330909974760105342e+03
1.204707840183695453e+03
1.338027242275223898e+03
1.376782497132298431e+03
1.359690691702551248e+03
1.388073296749609653e+03
1.136352130981891833e+03
1.426407368971786127e+03
1.336585755318447355e+03
1.349330147845573265e+03
1.083738667849804870e+03
1.449988133067366789e+03
1.246617160067250552e+03
1.306203144698430833e+03
1.253189185321985406e+03
1.138187010440053200e+03
1.109700539473566096e+03
1.340049747659330023e+03
1.248901857749782494e+03
1.510110848161062677e+03
1.457839067342591079e+03
1.564627747185990529e+03
1.575434352428088459e+03
1.644148350451558599e+03
1.558659388411723285e+03
1.534446987533667652e+03
1.440903310500541693e+03
1.569561496736392883e+03
1.533628301099660348e+03
1.501105779394332103e+03
1.515287455699513885e+03
1.629153315494429535e+03
1.415420226165518898e+03
1.463825101731192262e+03
1.681488561034314671e+03
1.445910382322151918e+03
1.486112431648521579e+03
1.339950935057818697e+03
1.465848447109363406e+03
1.455709497641651296e+03
1.643647028161555681e+03
1.468481062078123159e+03
1.389122142506018236e+03
1.510320076441169476e+03
1.446498686372958218e+03
1.551471813572060455e+03
1.385290421081868999e+03
1.443593826312562442e+03
1.387321299255890153e+03
1.256576044475389153e+03
1.451342210863288528e+03
1.472843125777338400e+03
1.444422455939741212e+03
1.270967809351380765e+03
1.465291673212638216e+03
1.341600545327562941e+03
1.375796356519832898e+03
1.388678419170644247e+03
1.447885499640661465e+03
1.413051362274225994e+03
1.622519498912765584e+03
1.451651731242970527e+03
1.387959607621460691e+03
1.268011021209828414e+03
1.512328890361603953e+03
1.329985612730723233e+03
1.458055184766469665e+03
1.498553047233472853e+03
1.304740535786758755e+03
1.520735718031001625e+03
1.553599225008574649e+03
1.528524553105567520e+03
1.509796145383437988e+03
1.427821474566539564e+03
1.463344624139533607e+03
1.201308395838435899e+03
1.363604298722645126e+03
1.408748636954168433e+03
1.392478288637924607e+03
1.301410955479938593e+03
1.466684170797936076e+03
1.461080519395482042e+03
1.181060533160969499e+03
1.211764397443997723e+03
1.402848730793282357e+03
1.403078839264545877e+03
1.439313714454170849e+03
1.514966341016262732e+03
1.323484501798358679e+03
1.407163337975104696e+03
1.497299329174908507e+03
1.658625279284325416e+03
1.190343634226399899e+03
1.465388252927398980e+03
1.469920363211773747e+03
1.356605314302845272e+03
1.219033906620148400e+03
1.193883933467473980e+03
1.244081172329582841e+03
1.542699147966269038e+03
1.371319353278598328e+03
1.274488821600016081e+03
1.651228969672707990e+03
1.309001723656897411e+03
1.338572520301703207e+03
1.441702497013916854e+03
1.510283514936015536e+03
1.346221461585262205e+03
1.270863279803465957e+03
1.588226598308742723e+03
1.413510955787979128e+03
1.444166589771653435e+03
1.256826993959891979e+03
1.202534000178557108e+03
1.425839566467859640e+03
1.319286988546787597e+03
1.305717857406568783e+03
1.206257964244724462e+03
1.446564881544218906e+03
1.575635712849127231e+03
1.323557438610250074e+03
1.371329350038141683e+03
1.335319398509751636e+03
1.305095422880348679e+03
1.414560049709373061e+03
1.298203632961173298e+03
1.344786280667416577e+03
1.456698891811232897e+03
1.410440030942456133e+03
1.347634529853601180e+03
1.417185818639719400e+03
1.204412102776250322e+03
1.439121958611093305e+03
1.200540692406678545e+03
1.335299032974687634e+03
1.353018184226859603e+03
1.224499521747590052e+03
1.144860463138772502e+03
9.569901226547801798e+02
1.014010388345825731e+03
1.129261507038252830e+03
9.276976437948961802e+02
1.119383460252524401e+03
1.078034965449076708e+03
1.289424443482196466e+03
1.071849210216029633e+03
1.392149818785263506e+03
1.252482361991429570e+03
1.001025367710657292e+03
1.099421146220482569e+03
1.096101507092572092e+03
1.181887931767979126e+03
1.135026699561170290e+03
1.212624370046182548e+03
1.300889888392397552e+03
1.273465981546083640e+03
1.148338537223528874e+03
1.415647505175172910e+03
1.177917987333549263e+03
1.384961723755532830e+03
1.296358084446876092e+03
1.303946065999140501e+03
1.275877604938656987e+03
1.210765716156424787e+03
1.322671462887338748e+03
1.261011777757597883e+03
1.313639040045337879e+03
1.254105012087950854e+03
1.185915530272627393e+03
1.256247311480205099e+03
1.343520287525521326e+03
1.404900145329203042e+03
1.279914033790316125e+03
1.358456869996849264e+03
1.304536713437343678e+03
1.251740462151006568e+03
1.346359867632625765e+03
1.345765069988525966e+03
1.235117852204377414e+03
1.410564253976138616e+03
1.303277396452910125e+03
1.398860821545896670e+03
1.292151485323062616e+03
1.244836218693970750e+03
1.329667618386683671e+03
1.308752633607431562e+03
1.529674727921565136e+03
1.476354029878852998e+03
1.451104534141102476e+03
1.376239347676110356e+03
1.280949727779432351e+03
1.194900033640622496e+03
1.333542986869013021e+03
1.433022791942170898e+03
1.267717063593164767e+03
1.277672275085856199e+03
1.361887329637856510e+03
1.234252436626537019e+03
1.387212116087922141e+03
1.358121457423003903e+03
1.337947576868087253e+03
1.237770114771150020e+03
1.306021634360895177e+03
1.290018975565623805e+03
1.264845095589432731e+03
1.335869345036694085e+03
1.279517983672546734e+03
1.347595369815496497e+03
1.312672894919963255e+03
1.234667713546406276e+03
1.294334708903168803e+03
1.309299729968316342e+03
1.305117242822228718e+03
1.405475549297010275e+03
1.244133302885107014e+03
1.551121316380069175e+03
1.403285929736343178e+03
1.295625285119306454e+03
1.432563200869421735e+03
1.362313953755823377e+03
1.429883908116402836e+03
1.329609466516946213e+03
1.255359784245748870e+03
1.232761241682861964e+03
1.451808242970961828e+03
1.449672961780755713e+03
1.270761703824471851e+03
1.307391571620313698e+03
1.345703677610549221e+03
1.302429226010729963e+03
1.465143600551584768e+03
1.375876410817028045e+03
1.513602063336349374e+03
1.322442271097329012e+03
1.550176351894927393e+03
1.399380165822943809e+03
1.325468807892497807e+03
1.461506552800584359e+03
1.497638192488779850e+03
1.417544850494522507e+03
1.478793653031437998e+03
1.171507052035907236e+03
1.412116811314860115e+03
1.488924665313699734e+03
1.300000602518882943e+03
1.348320649178146141e+03
1.305405064729022115e+03
1.498398913245706808e+03
1.189917231323119267e+03
1.513471963294631223e+03
1.361468295428186366e+03
1.279005543798934241e+03
1.430651722684917104e+03
1.337212494263390681e+03
1.422324182298536698e+03
1.252761908120782891e+03
1.331103996595208855e+03
1.372708078297761404e+03
1.684136566478034183e+03
1.644866157395390474e+03
1.579240309976751405e+03
1.557653774090991647e+03
1.413251014912281335e+03
1.501446602960063956e+03
1.465866447296119759e+03
1.677409541699581723e+03
1.528976985875933678e+03
1.439513658012522683e+03
1.484777741123347823e+03
1.492096470073070805e+03
1.525813221689590591e+03
1.583445365393120483e+03
1.518713074370728236e+03
1.450288773674928507e+03
1.524317966907240816e+03
1.565433017899151309e+03
1.349965795712950239e+03
1.387237973524129075e+03
1.403050822357506831e+03
1.593592983375327094e+03
1.425349696316299287e+03
1.368054205945974900e+03
1.561910834843288512e+03
1.483947896493117696e+03
1.448064224668186625e+03
1.284627377762273227e+03
1.433803555930409630e+03
1.562776741398639388e+03
1.497599143190931954e+03
1.478878513201172836e+03
1.493123759617514679e+03
1.374573397906388436e+03
1.469953646190306017e+03
1.513169770834218298e+03
1.488004316540485434e+03
1.593723417685466302e+03
1.383346136713975511e+03
1.422988838065992695e+03
1.359497073575806553e+03
1.520387858564227827e+03
1.529600715015106061e+03
1.419319753231853838e+03
1.593536844099439350e+03
1.534581583695885229e+03
1.437334243374612925e+03
1.547118659464189022e+03
1.508224747625602049e+03
1.459953992557036599e+03
1.551489136223319974e+03
1.504676972587996488e+03
1.631686818410199749e+03
1.452192918764989372e+03
1.466123195800076246e+03
1.540569109862162804e+03
1.329924535778062364e+03
1.669272406101679280e+03
1.662605861993261215e+03
1.448516804642305260e+03
1.642630910621500107e+03
1.599469876555884639e+03
1.595483298616471529e+03
1.476119547726350220e+03
1.510076312575815791e+03
1.622350292568834902e+03
1.641915883997739911e+03
1.708289875838413536e+03
1.292738683982402790e+03
1.390491451479510943e+03
1.468050794944938389e+03
1.444133076260770395e+03
1.574083424724005681e+03
1.601040162924223750e+03
1.545145743687495951e+03
1.614173578929995756e+03
1.516866213904060942e+03
1.487525560510682226e+03
1.663348489314856124e+03
1.617763318026213028e+03
1.702272201410004527e+03
1.579700838825547180e+03
1.563666156430484079e+03
1.460380056591370248e+03
1.618476063120800518e+03
1.462821691158498425e+03
1.455222067346903941e+03
1.786742641066105989e+03
1.601840811599635799e+03
1.738377850373598903e+03
1.606433977638909482e+03
1.755108167886148749e+03
1.548909088382541540e+03
1.794185089870843967e+03
1.414585971180952811e+03
1.729485587269231246e+03
1.716312410499636826e+03
1.589154638792140076e+03
1.687696590732227378e+03
1.619919035092940703e+03
1.640598784018281776e+03
1.658285034762193845e+03
1.740126673247087183e+03
1.512725944436269174e+03
1.559913140892960882e+03
1.505239115492006704e+03
1.793992973798668572e+03
1.645675862752092144e+03
1.584036609916871839e+03
1.772440026036355903e+03
1.610082575694177649e+03
1.713338132373397912e+03
1.802988735597001778e+03
1.680756699961338654e+03
1.727724188676322910e+03
1.795062419471277963e+03
1.678003259166374391e+03
1.460392310770865606e+03
1.554571330598944769e+03
1.881524290689167856e+03
1.506549561338440071e+03
1.552772159955896996e+03
1.497743259638628160e+03
1.605975807639535788e+03
1.603875523647716363e+03
1.691638585037514986e+03
1.689920128539033840e+03
1.672210278604853329e+03
1.593043728343595831e+03
1.457083290339270206e+03
1.412054148708216189e+03
1.671883054636945872e+03
1.709600241848829000e+03
1.820250196884724119e+03
1.562926616676282265e+03
1.601057177078959285e+03
1.492669008388232896e+03
1.470443413746413171e+03
1.589112323365402972e+03
1.603795259340401799e+03
1.551623513640300644e+03
1.525500111206179554e+03
1.604112338833298736e+03
1.639939507231190873e+03
1.555532680456317848e+03
1.419681290813144415e+03
1.657158059305599181e+03
1.577118945338482945e+03
1.698976693664850018e+03
1.722906405683648472e+03
1.531561497170799839e+03
1.567145167899590660e+03
1.498205682750794040e+03
1.616898356885852081e+03
1.494958287119845863e+03
1.608039278601401747e+03
1.444715140036358434e+03
1.327718570262968797e+03
1.410974646797521928e+03
1.565460749285315160e+03
1.574183937812151726e+03
1.689651767304688519e+03
1.595846734091592452e+03
1.660290472173132684e+03
1.760614276337616957e+03
1.592380698206249690e+03
1.615868168448576398e+03
1.572476244397561914e+03
1.494430374789524194e+03
1.493430184770745200e+03
1.612158223813177983e+03
1.436416218559790195e+03
1.605054957337848919e+03
1.557749641428377799e+03
1.487418915046642951e+03
1.521486080744581159e+03
1.640082429698406941e+03
1.627104301587452483e+03
1.561411404379125770e+03
1.663259410692416850e+03
1.521657731545796651e+03
1.680618338891131543e+03
1.554492406102782525e+03
1.658371052215769623e+03
1.488814759210872353e+03
1.646845716034225461e+03
1.768073428876022945e+03
1.799933773427751930e+03
1.772339221896016625e+03
1.647765998559130821e+03
1.585523463092288921e+03
1.818263863943725028e+03
1.851549165594755323e+03
1.902809808245820705e+03
1.812182671106335420e+03
1.719792563683268781e+03
1.690111206230127664e+03
1.545381227340026271e+03
1.734638568107452556e+03
1.304359349586919734e+03
1.524522818000452162e+03
1.794993860507537192e+03
1.865190924129044561e+03
1.796960855201007689e+03
1.896990168503848508e+03
1.652028568819978545e+03
1.705644293602597600e+03
1.731148510314588066e+03
1.651049229373688149e+03
1.812522414111093894e+03
1.782492164131446543e+03
1.763289940965210690e+03
1.513172166959912374e+03
1.811053691141329637e+03
1.391269874457447258e+03
1.756694447308047529e+03
1.758041922924277742e+03
1.011950906724359697e+03
1.608495085912574496e+03
1.825982362528952763e+03
1.842817301178488833e+03
1.824960090958556066e+03
1.747966022844533654e+03
1.529458921759325449e+03
1.740496265050158627e+03
