-2.660926996074725594e+03
-7.901558140251947862e+02
-7.542472036587199682e+02
-7.689053484556708327e+02
-8.757068747040488006e+02
-9.127197440415209257e+02
-7.985490091505065493e+02
-7.424156471188510977e+02
-1.283666720032223566e+03
-7.818501331498794116e+02
-8.678456356188880818e+02
-8.952293556603743809e+02
-8.836458844604455862e+02
-9.185873627252437927e+02
-9.140929835832549770e+02
-9.092833419475447272e+02
-9.645374494179259273e+02
-1.139047681937376183e+03
-9.760488980960574281e+02
-1.172123518158930892e+03
-1.060310385793343357e+03
-1.030953285788640869e+03
-1.409203744474778205e+03
-1.108942388849362942e+03
-1.247917492536515510e+03
-1.077115584617614331e+03
-9.208186022986569697e+02
-9.075152949593503990e+02
-1.031109372794811179e+03
-1.047346198099516414e+03
-9.212799541096734401e+02
-8.161708144312943887e+02
-7.798439573840909134e+02
-7.481817806053267077e+02
-8.254252919840315599e+02
-8.358892240106191593e+02
-9.373409059760975879e+02
-9.405605282679480297e+02
-8.463410996099570411e+02
-1.223425904029723370e+03
-1.257849297064999519e+03
-6.110560159369855455e+02
-7.860782893625097358e+02
-7.656975858963064638e+02
-6.455919394175477919e+02
-7.718451882253995109e+02
-7.036746384746807053e+02
-8.116295766189874712e+02
-8.043815663891674603e+02
-8.279568122888424568e+02
-8.246634846462902715e+02
-8.380270212462351083e+02
-8.748081806025818423e+02
-7.379543292717373788e+02
-6.419216579095843827e+02
-5.040797178816274595e+02
-9.175440776816114976e+02
-7.253543722947779315e+02
-8.160648858072843268e+02
-1.238539391601960460e+03
-7.639526589716251692e+02
-8.350220509858081641e+02
-7.308955203826960769e+02
-8.380020924105812128e+02
-7.069937790986761001e+02
-7.460170604580700910e+02
-6.587860442033805839e+02
-2.064421872915263975e+03
-7.081749730606964022e+02
5.200893025530144769e+02
-7.029190504172843248e+02
-4.114092652363805769e+02
-7.339547141357559212e+02
-5.361486608993077425e+02
-5.604082806525319711e+02
-5.890048143417119491e+02
-1.146550300709840258e+03
-9.021693271442796913e+02
-8.842345304022254595e+02
-1.176716502926793510e+03
-8.553670963444759536e+02
-5.771941837327426583e+02
-8.352243120190787522e+02
-8.234372945162790529e+02
-7.310815271505753117e+02
-9.530515625459996727e+02
-6.742640768198605201e+02
-7.242343832341722418e+02
-7.789140229808483582e+02
-5.844882777315839348e+02
-7.528975893551642002e+02
-6.531126750146838731e+02
-7.970877515725720741e+02
-7.952978060321109979e+02
-6.835963272233441330e+02
-7.016351104232107900e+02
-6.476928730347194687e+02
-7.079243605787165734e+02
-1.016734449121945090e+03
-8.794281062550485331e+02
-6.162695718789891544e+02
-8.103190629292660105e+02
-7.710945992509095959e+02
-7.310147604166635347e+02
-7.539297756204451844e+02
-8.375694708196975853e+02
-7.887280270642385176e+02
-1.115704511917739410e+03
-7.508329004679384298e+02
-6.353165347800137397e+02
-8.466125080185607885e+02
-7.345252182793458360e+02
-8.723498172375680042e+02
-7.807199162492635196e+02
-8.001865098971259158e+02
-7.545289248142145198e+02
-7.750148524025580627e+02
-7.565607292120049578e+02
-7.416634707708353744e+02
-7.296033459847483300e+02
-9.376813585615677766e+02
-8.535069510679928726e+02
-7.575660337379862312e+02
-7.842275710502705124e+02
-7.780324678173200255e+02
-6.551682023735862685e+02
-6.960668894345832314e+02
-6.430756239370239200e+02
-8.468928638372623254e+02
-8.703453431588437752e+02
-9.142726727255746937e+02
-7.926786154492101559e+02
-7.748001090224344125e+02
-6.869825946509579353e+02
-8.513376556082716888e+02
-8.890496407853685241e+02
-7.103041113141587175e+02
-6.162720629393745639e+02
-6.870087724819904906e+02
-6.782423184212181013e+02
-1.204247276956984933e+03
-7.814743938200743969e+02
-9.173371400951156147e+02
-8.192779030200766783e+02
-7.189940724006061146e+02
-9.356052699340112895e+02
-6.131880810096605501e+02
-1.052494671541107891e+03
-7.321705290105210224e+02
-7.147121958970108153e+02
-7.187394231528137425e+02
-6.473150468733570051e+02
-7.931080929169621641e+02
-7.648678246129210265e+02
-5.222261712033030108e+02
-7.432091284896881689e+02
-3.348503824096229096e+02
-6.624219436972646236e+02
-9.354406015401909826e+02
-5.614503375693676617e+02
-8.969374649986129953e+02
-4.138575844878328667e+02
-6.564431044230025236e+02
-6.757645238385076709e+02
-9.418700333522206165e+02
-4.732972660403462442e+02
-4.521118539367124072e+02
-8.539479662369278685e+02
-1.257683514613406714e+02
-6.640182365694772670e+02
-3.744501862967744046e+02
-5.107318401459318693e+02
-6.307183437801286345e+02
-4.284032308937668176e+02
-6.089091891530256362e+02
-5.823195122532189316e+02
-1.161521731015105843e+03
-4.959450476386204514e+02
-6.058803271118515568e+02
-4.661867479481079499e+02
-1.216706354235723666e+03
-1.091282846006197815e+03
-5.406424464607312075e+02
-8.739783121815955838e+02
-8.162735205945705275e+02
9.647913989307548377e+01
-7.930278271908439365e+02
-1.336249859796974533e+03
-8.091187923830773343e+02
-4.212236377205657618e+02
-5.075605492036690407e+02
-8.472588319969337363e+02
-9.210413835428423681e+02
-1.251420697459908752e+03
-1.345384804920672423e+03
-9.358263471484398224e+02
-1.379253877215816601e+03
-8.944802903083286765e+02
-9.716834947693622553e+02
-7.460378063492915999e+02
-1.162374683834880898e+03
-1.329277909853294659e+03
-8.263432926616141003e+02
-9.372281576166823243e+02
-7.705870209890039177e+02
-8.402847717138507733e+02
-6.118531292089555791e+02
-6.870034066321481987e+02
-6.122610419966781592e+02
-6.267140422994548317e+02
-1.198844072888098708e+03
-6.760585069647504497e+02
-6.748142648159969212e+02
-9.424470210876847887e+02
-7.421157236079773156e+02
-6.634660069544954695e+02
-6.353925110310939317e+02
-1.089981911927420697e+03
-9.494025082725324864e+02
-8.722647007124880929e+02
-7.271204378239248172e+02
-1.030644704871943759e+03
-1.322373503927089132e+03
-1.066065031059310286e+03
-8.652143780728868023e+02
-9.114796771398351893e+02
-5.360143225377865974e+02
-1.156660934096324127e+03
-1.485850992805839724e+03
-1.165653240031454061e+03
-2.002105572055534594e+03
-1.030979232620313724e+03
-3.819206780584102034e+02
-8.980587471064477540e+02
-4.008459245305758714e+02
-7.409811935298464505e+02
-5.106527148390463822e+02
-4.487889039705739833e+02
-4.100898613518829734e+02
3.163910807589707019e+02
-1.011025442292406638e+03
-8.898532096694940492e+02
-4.959752620917728905e+02
-8.711596973078238761e+02
-6.614103181501291147e+02
-6.130642458458696638e+02
-6.911415752497017593e+02
-7.028433721605807705e+02
-3.707830993308072038e+02
-6.357458348447132721e+02
-5.654755488646251251e+02
-3.809669946537333658e+02
-9.564566151663123037e+02
-4.270132386169825054e+02
-1.081835439093606283e+03
-6.193282202652140995e+02
-4.863330990761555768e+02
4.487681078190927906e+02
-1.185902369244283392e+02
-1.064725334699309997e+03
-4.276975410995397056e+02
-2.946631008746087446e+02
-7.240547455303878905e+02
-5.298302613388352711e+02
-6.236506087119028052e+02
5.916757973707381097e+02
-4.859118142206869493e+02
8.550540980318407946e+02
-4.114280075794019353e+02
-4.752304886865468916e+02
-5.219337682842743789e+02
-5.226577811587130782e+02
-1.088941816404474594e+03
-4.183699303322900391e+02
-3.661080751109785751e+02
-1.617607179625215394e+03
1.479849693833584183e+02
-6.600175044474103743e+02
-1.536494921042663464e+03
4.901986857332585714e+02
-9.259143423923785576e+02
-4.633456040563308420e+02
3.798786393610397027e+01
-1.409221254538095991e+03
-6.202888037906951695e+02
1.986834445677681913e+02
1.322757868281186404e+02
-1.666248608054065471e+03
-9.509428247155710778e+02
-4.976359508224258548e+02
-5.017943387224263461e+02
2.539780287661060356e+02
-3.503582385013710336e+02
3.480948838493881112e+02
-4.537279390224845770e+02
-7.594748017929325670e+02
1.582734271729256648e+02
3.540671041523236795e+01
-8.225767832407149172e+02
-1.275316320747624843e+02
4.051074482163820676e+02
1.165831028400162950e+01
6.784770157540352784e+02
-3.336940175421441950e+02
-1.060357901652152350e+03
-1.482827646352180295e+01
3.845587292016113565e+02
1.930097269387922267e+02
7.292118054778782152e+02
-1.091582357960687204e+03
7.365470373789946734e+02
3.486619584509002152e+02
3.580368760762640932e+02
6.302999029094272032e+01
-4.126777828712135943e+02
6.177408826787640237e+02
7.426433915878437801e+02
9.442032550509570683e+02
-1.703942411662889356e+02
2.013595951096672820e+02
8.639538064517184921e+02
9.712590184031563467e+02
8.623425266506833395e+02
6.234897152231595783e+02
1.224763172125171195e+03
9.334494958423192656e+02
-9.244298379985716565e+02
1.071090230767127650e+03
9.474579604920224938e+02
-2.711030624688087300e+02
2.784658655064602613e+02
1.028114413746934815e+03
-1.000074681368914753e+03
9.158009942686352360e+02
-5.106732779114888103e+02
5.981856190889193385e+02
4.081910208560205433e+02
7.704772565262478565e+02
-1.066725581933378180e+03
7.262683333570304285e+02
8.063396239434498511e+02
5.817090304760506569e+02
1.096989711979261983e+03
3.457178113972611300e+02
1.528871068981127337e+03
7.152088502943332742e+02
9.463328162976238218e+02
5.812958965179821007e+02
9.382315321556842491e+02
7.105384621087795267e+02
-9.046191283862038972e+02
3.694422271180916368e+02
7.628014355545462877e+02
6.498636573556482290e+02
4.702247478941005738e+02
8.956262701267667126e+01
-1.222114758618115047e+03
-7.111539130265298354e+02
-1.875491759848120637e+03
-2.202412304272655547e+03
-2.637522048382599678e+03
-1.751007632826444251e+03
-8.276925487982604182e+02
1.228195456099423950e+02
3.088643048652422181e+02
-1.877369498049298500e+02
3.828194083211980114e+01
-1.562766061606804442e+02
-1.294029502774943921e+03
-1.952639074104575911e+03
-1.420330608988606627e+03
-1.007344637139914198e+03
-1.008709878423372174e+03
-2.194913054507980178e+03
-2.852489559837654269e+03
-2.502954022808980881e+03
-2.315147509666955102e+03
-1.037876163210741424e+03
-1.881242653870162258e+03
-1.579505507374248509e+03
-2.184622993989434690e+03
-1.399305786301405760e+03
-1.161345649548758956e+03
-1.986891265641955670e+03
-1.585507587820349499e+03
-2.722124542856459811e+03
-1.207520426716536349e+03
-1.293722732469617313e+03
-2.952756089181519656e+03
-2.285462923703646538e+03
-2.219807455784254216e+03
-2.101346060155196483e+03
-1.099651217508036325e+03
2.668949742694331562e+01
-4.205754388450861825e+02
1.724039277019249425e+02
-1.137951097823880900e+03
-2.187083124171812187e+02
-6.929945996435228608e+02
-2.972653633419122343e+02
-1.137160136332847060e+03
-9.478405855777394891e+02
-4.878793794940672228e+02
-6.129292317973547597e+02
-8.850117361124853232e+02
-6.532083448138215545e+02
-8.282408468670236346e+01
-9.062284947252680922e+02
-1.597830044645075418e+02
5.441071388047163282e+01
-9.985746728445825511e+02
-7.376428437332913290e+02
-7.748216022439186190e+02
-8.204921645162088453e+02
-1.253805729325996253e+03
-1.018832755802097608e+03
-2.858892007146276342e+02
-9.030384866847326748e+02
-8.701870182618116587e+02
-7.692793877896270942e+02
-2.132496323838070964e+02
-1.619712408276654969e+01
1.268214962068979048e+02
-5.563703706759953320e+02
-1.046659080494014006e+03
-3.673579705429950195e+02
-7.527278292044230739e+02
-1.149686186530383111e+03
-1.133691246369260853e+03
-9.581479817215596313e+02
-8.514743309747087778e+02
-1.278570054943255400e+03
-9.734003191460756170e+02
-1.034253662178102502e+02
-4.335662289921523325e+02
-2.319122148651096609e+02
-1.181256963888956477e+02
-3.174443530008139192e+02
-4.381214793246556383e+02
-7.617540666407377330e+02
2.708361895905408119e+02
-7.070976623481203660e+01
-4.204499727631130668e+01
-2.855109827615075346e+01
-4.075349163761157456e+01
4.515073704143459850e+02
5.787953303270450078e+01
8.922251622417108763e+01
5.620230713810670409e+01
2.220044786686324301e+02
-5.600769488952090569e+01
-1.022187297586234962e+02
-2.962782333242698485e+01
-2.059595052130479758e+02
1.201947244799723080e+02
2.447473022748014841e+02
-5.546016544087765965e+01
-2.570928774815620272e+02
-2.493126251145679362e+02
2.153997680428591366e+02
-7.249917658620398697e+01
-6.223209493759142674e+00
-2.021150550516389899e+02
5.570472510858797932e+01
2.431080289351528734e+01
-2.188350378597758947e+02
3.015893534669526161e+02
-3.403651395993491633e+02
3.978185805818425251e+02
4.890321624582867344e+00
2.276879825233193060e+02
-1.234180402777805341e+02
1.143065668029859978e+02
1.987688286828683317e+02
2.390921302338868770e+01
3.078870217619338518e+02
3.316573292648066626e+02
4.378006035882498850e+02
2.969131630431133431e+02
3.173923375656541452e+02
5.531525069334187492e+02
3.954301189874438478e+02
3.435252964552598769e+02
4.293296320114654918e+02
3.992770269643590382e+02
5.291659061831396684e+02
8.932990582583345258e+02
6.729073371584663619e+02
4.780103231031370115e+02
5.556738366949273313e+02
4.322935319767216811e+02
6.159910958010513014e+02
5.077225335356896494e+02
4.663213529256690322e+02
4.221919728202348097e+02
6.664367444703151477e+02
4.689311437235569429e+02
8.667035185782085591e+02
4.243782649553476745e+02
5.453832454091366344e+02
1.211160868460287020e+03
9.160613938883716401e+02
5.736849424664220578e+02
4.346052780922312877e+02
7.909434390068781795e+02
-1.826727318892380936e+00
6.217784282285542758e+02
-2.412946288552317924e+02
6.753241490878181708e+01
-1.973050824390658136e+02
-6.477620619751141930e+02
-5.533014567599125257e+02
-6.523873270331131380e+02
-6.679428745020726410e+02
-8.569700209445809378e+02
-5.518308928856291686e+02
-3.624954348037638283e+02
-3.426059294749983906e+02
2.269279723364871018e+02
-6.845873658150647145e+01
-8.286319267344151740e+01
-3.129893100728334048e+02
-1.070177006862448934e+02
5.952953713705971950e+02
4.343475249813330947e+02
5.020069024117677827e+02
4.605258389514425517e+02
2.914522120010186086e+02
-2.143397205380688320e+01
5.671175949628375292e+02
3.073042789809018132e+02
6.372560804336364981e+02
5.996542028128080801e+02
8.763622544591351016e+02
1.023177103271779515e+03
9.927338612152570931e+02
8.474107170983994592e+02
9.390398533200894917e+02
8.646015587901202935e+02
1.012981337830478310e+03
7.975394707407567694e+02
7.647611484717115218e+02
9.164405013495763797e+02
1.221791370695249270e+03
9.614602471943437649e+02
7.697309484701886504e+02
1.050036185397546205e+03
1.296785348074397461e+03
9.897781349428928479e+02
1.051755864861709597e+03
1.066812978294492268e+03
9.371350552009951116e+02
8.562679064365547674e+02
1.075985093659621953e+03
1.117715898401896766e+03
1.205407325009286751e+03
1.095152028880906755e+03
1.164188477849703531e+03
1.056574380704449140e+03
1.090813013431862373e+03
9.935124056548962699e+02
7.631395947736094740e+02
1.326250152569934926e+03
9.846471022290593282e+02
1.041515354172086063e+03
7.362744572486435573e+02
9.938150187560632958e+02
7.918206275041671915e+02
1.008744580684284756e+03
1.029080574318562412e+03
8.218693437676214444e+02
8.130720855401857534e+02
6.077278192534500931e+02
7.300301271200878546e+02
5.703217606810517282e+02
6.349459629345383291e+02
5.523491828491922888e+02
2.254385442376278093e+02
2.618888281586885114e+02
2.518631884212153409e+02
1.974684908446100167e+02
-1.472743999778706936e+01
2.748440680961045928e+02
1.512295741013080033e+02
4.567049246585310129e+02
6.319465649276544355e+02
7.084970086286595006e+02
9.053628740756863635e+02
7.747297965188698754e+02
-7.812603099845600809e+02
-2.058689246703557956e+02
3.941774135480861787e+02
4.017703180626565995e+02
4.436808097289933812e+02
4.522520817241219220e+02
-2.009358919360595905e+02
5.448894779084540687e+02
3.526376609471477650e+02
4.619919351842545439e+02
4.132702073084543599e+02
9.632397558247888014e+01
1.769826646742308185e+02
2.524108527370927391e+02
3.228186709666304637e+02
3.312229291729452711e+02
5.180533234670053844e+02
6.208312121246508468e+02
3.715680035434014599e+02
3.471986459790559820e+02
3.568443181850557266e+02
5.698647177276967568e+02
4.665302097237847647e+02
4.650414058014544594e+02
3.361531542636685117e+02
2.815039734311605457e+02
4.534657488360431898e+02
2.467877834301239659e+02
5.808459814950701912e+02
3.503355277203170317e+02
4.573660774193748466e+02
5.479760596581498930e+02
5.384823717434464925e+02
6.227138428449225103e+02
9.647954450007224523e+02
3.870156857044905792e+02
6.949414422567914471e+02
6.620530597315254226e+02
6.500228054615198516e+02
3.424267199293791464e+02
5.482099788331196351e+02
5.057700857791833187e+02
6.970619731677535356e+02
8.996858435581043523e+02
8.052040734314723522e+02
6.308151165550892756e+02
5.519970507098684038e+02
8.226798449298303240e+02
-7.549164494019146332e+01
4.467306487100920549e+02
3.267278249569387754e+02
4.964227089699235762e+02
4.511632664637307926e+02
5.668529031825216862e+02
3.803623300394586408e+02
4.811309082201373144e+02
2.396202405796931885e+02
6.905005243297052857e+02
6.336194528030059701e+02
8.358635991107029213e+02
6.153705681838858936e+02
6.575657907745838884e+02
6.159444267433473215e+02
8.936789974109402692e+02
1.093278140562402086e+03
1.024212283928434317e+03
7.894370068396444822e+02
7.358715694835907470e+02
4.709720687129153021e+02
8.531935567169383603e+02
7.267542975097153430e+02
5.536973622279317624e+02
2.609088353815438950e+02
9.855151905526732889e+02
5.349657122388729249e+02
3.919505468453810408e+02
3.382884013418425866e+02
7.313776699771452741e+02
5.587465331049885435e+02
6.084589777499957108e+02
6.972186879573624765e+02
6.340811911414580209e+02
4.975438689540708310e+02
7.385310968070369881e+02
8.729681929455140335e+02
8.133327026571600982e+02
8.884985287479169074e+02
7.833075108378382083e+02
8.079451474587400526e+02
7.149893949626492713e+02
7.319149118984576035e+02
6.518492941017872226e+02
8.818826720695874428e+02
7.598857976207735874e+02
7.906643768281311395e+02
6.642214892206241075e+02
6.556210000786470573e+02
6.940703844029744687e+02
5.168129223484843351e+02
7.140184908605504006e+02
8.063317230556305049e+02
7.069877799893509973e+02
1.018938123757382300e+03
8.226775620196556247e+02
9.454662120551956832e+02
8.703215795640668375e+02
8.569129664122444865e+02
7.902241814985967494e+02
9.539565681846430607e+02
9.791428281505009181e+02
8.682976437286745295e+02
9.508884862683935353e+02
1.137723226785527686e+03
8.049418946580915417e+02
9.734754091134977898e+02
1.053855748438247929e+03
8.548215730016813723e+02
6.923949015083405811e+02
9.072670968781274041e+02
8.614062898001624262e+02
3.627747254044970759e+01
8.328634488413428016e+02
7.653275914046495245e+02
9.031076877522621089e+02
4.448940951242930737e+02
7.243013779151098106e+02
9.693238683996603413e+02
7.165883621040596836e+02
1.029418889560342677e+03
7.649565462714241448e+02
8.792610735401453894e+02
9.802250075419570976e+02
1.129852353002373320e+03
8.608870993346977230e+02
9.658966556626086231e+02
1.006832019801570596e+03
8.427600991306428568e+02
9.182993493170155261e+02
1.114080433228244601e+03
9.695089200813644084e+02
1.004518235940111367e+03
8.287542564949254711e+02
1.017022861498953716e+03
8.606318176060656242e+02
9.357348718673424628e+02
8.567389815283837606e+02
1.219983559597310432e+03
1.097993855189644819e+03
9.621850991123236554e+02
8.054742657571997597e+02
1.113045101322877372e+03
9.537056797785656954e+02
8.533706039283280234e+02
9.272133768028546683e+02
9.154624305630673007e+02
9.860276330075403166e+02
1.183470565958126599e+03
9.881766220376050569e+02
7.910622333976120899e+02
8.828781383734741439e+02
1.254848852863493903e+03
9.106888726321244576e+02
7.631952346942176746e+02
1.010376054910946664e+03
1.194202434874453729e+03
1.114776596410255024e+03
1.038209695543003136e+03
1.018786992026423036e+03
1.332808860189095412e+03
1.103304046023706178e+03
1.207846163175443053e+03
1.065565519120435738e+03
1.209202482661646627e+03
1.345688702497613122e+03
1.355360925551912942e+03
1.237224115695110640e+03
1.054373574014113274e+03
1.122605393810130863e+03
1.273044275764171971e+03
1.209114977407873312e+03
1.222467279592577825e+03
1.388780024960757601e+03
1.321700018752009100e+03
1.341664883188337399e+03
1.253999344369239907e+03
1.307663515266550348e+03
1.278832223480054381e+03
1.420057189204227825e+03
1.237417493581672261e+03
1.300402644798590245e+03
1.079074142267564639e+03
1.204908473323832141e+03
1.260164793402963369e+03
1.253398706013486844e+03
1.440218400410664799e+03
1.343693441568753315e+03
1.408672118075270191e+03
1.249273216024327667e+03
1.333715486430954797e+03
1.263595755685795211e+03
1.104853875163642670e+03
1.409783046729394073e+03
1.265590436707048411e+03
1.310932414919946041e+03
1.387299132995361560e+03
1.330525019387526982e+03
1.296317387642170388e+03
1.181050604583763061e+03
1.075311226254186522e+03
1.108272506500061354e+03
1.366285963629394018e+03
1.284320043605766841e+03
1.163023641578728984e+03
1.100393766610017792e+03
1.248075792282286557e+03
1.377408038048916296e+03
1.128628330360716063e+03
1.134047775478617041e+03
1.245901045064403661e+03
1.483537512043681318e+03
1.156774756907027950e+03
1.071852016742627029e+03
1.190139895322301527e+03
1.095253788743490304e+03
1.266863175449770551e+03
9.517265647360252387e+02
1.211997868097234459e+03
1.293128668762971301e+03
1.283889377721721758e+03
1.200143746599656652e+03
1.113681180177406077e+03
1.117853910065359059e+03
1.208796630699187062e+03
1.132004493373578725e+03
1.175978877435667982e+03
1.406826670155006013e+03
1.250907505605287952e+03
1.118380245050628446e+03
1.098661926292511453e+03
1.066915932277308002e+03
1.166488131766395327e+03
1.021466132771841899e+03
1.269412712077595870e+03
1.317510358832193106e+03
1.085285125124767319e+03
1.274587409770025261e+03
1.294594610813098370e+03
9.909614082761219152e+02
1.157899511375262136e+03
1.282491349099000217e+03
1.377675489426879494e+03
1.339634444749513477e+03
1.207220144612549802e+03
1.152655397802135894e+03
1.278202701051992108e+03
1.311483452961224430e+03
1.269328632770183958e+03
1.126981969952038980e+03
1.282338558949107437e+03
1.177785558835399343e+03
1.103307017590800569e+03
1.253517652926788514e+03
1.078569832367262279e+03
9.814439607129854721e+02
1.181917462464609571e+03
1.117315801145909745e+03
1.147745403801542352e+03
1.103493754657896034e+03
1.023628900924656136e+03
1.104559250601195345e+03
9.699014639986584143e+02
1.081632611804533781e+03
1.087098640289534387e+03
1.095985419738387691e+03
1.022570438959194803e+03
1.117953658873040467e+03
9.863073493153476647e+02
1.104690747419789886e+03
1.191190763507503561e+03
9.575072063777665790e+02
9.224783720701882430e+02
7.362348482106526717e+02
1.068121076125261425e+03
9.467960720597766340e+02
9.313724582991682155e+02
1.043903128226618492e+03
1.006538669253405033e+03
9.612534382787289360e+02
8.096012569471009783e+02
1.005646801723517797e+03
1.065528751042174235e+03
1.065928517135769425e+03
9.625187924771940970e+02
9.062676940171498927e+02
1.153049229653797511e+03
9.601020170782464902e+02
1.076802487783742663e+03
1.025379893036224985e+03
7.964041243885588983e+02
8.678377331081505872e+02
1.055314764049634960e+03
1.080416286229462912e+03
1.128661200907834882e+03
1.145808006397273175e+03
9.555934764764978127e+02
1.026891879628976085e+03
9.967935881298562890e+02
9.342244141767820338e+02
1.087592935913760812e+03
1.083891688048568994e+03
1.044564461399886113e+03
1.017627759607759458e+03
1.157009130263102179e+03
8.742606584630980251e+02
9.718820422793628495e+02
1.097632524781089160e+03
1.165548597838125261e+03
1.090402557234540382e+03
1.004484712912318741e+03
1.096419082324889814e+03
1.141119083089571177e+03
1.029533753745565491e+03
1.042363712837254070e+03
1.068970089991623809e+03
9.021473615653071647e+02
1.216216169973315800e+03
9.574823304862146642e+02
1.187851511583845877e+03
9.641107133395140636e+02
1.007065689556706957e+03
1.099355641979770326e+03
9.752395113144712013e+02
1.167372912582890649e+03
1.034638859232233926e+03
1.104497504926921920e+03
1.223772608025067939e+03
1.144136014243366844e+03
1.083238908941810678e+03
1.003200288270802275e+03
1.106682728906557259e+03
1.059936411352234018e+03
1.215951239281284643e+03
1.046029107812207030e+03
1.238098051346502189e+03
1.269491220598450582e+03
1.092795015513644103e+03
9.854463016371454387e+02
1.078945264952342768e+03
1.091843698843787706e+03
1.052207812164030202e+03
1.029645175703588620e+03
1.041372421001925886e+03
1.039985216399410547e+03
1.014969977165425689e+03
9.285625798804164788e+02
1.066899917658842469e+03
1.118820125339733977e+03
1.153215519231788903e+03
1.039068761788257689e+03
9.609407884685842873e+02
1.150087586443195050e+03
1.073623595429438410e+03
1.031676242321766040e+03
8.914123613423603274e+02
1.040880355371543601e+03
1.093621385053436825e+03
8.614439978835118836e+02
1.007167336162168340e+03
9.784116349742249668e+02
1.083688469439536675e+03
1.070523229653344742e+03
9.734019285561581682e+02
9.562533112135371312e+02
1.034742905385477115e+03
1.156299326794759281e+03
1.081538858521729708e+03
9.509812848842138919e+02
1.033095912885012694e+03
1.028795967814012556e+03
1.098348874012737042e+03
9.998904926319322612e+02
1.216494363334750233e+03
1.140748939339960771e+03
1.101033188265408398e+03
1.068075421227760671e+03
9.532125930894692374e+02
1.118614488846044424e+03
9.255540937937598756e+02
1.044039665043205787e+03
8.590270887581456236e+02
9.403436558690779066e+02
7.959779566663836476e+02
1.010856847298279604e+03
1.141621815061597772e+03
1.056681141565737562e+03
9.566438519721098146e+02
1.087136952745556073e+03
1.101137678629363108e+03
9.710266469656185109e+02
1.000845517284018229e+03
9.871485300958054268e+02
1.030272154310815267e+03
8.910218367680482743e+02
9.733537569452549860e+02
1.022838553687962872e+03
9.474931365828739445e+02
9.319307251797065419e+02
1.054897604553856809e+03
8.714393956864204256e+02
1.112523986501200397e+03
9.792439845688967353e+02
