-2.317926996074724684e+03
-6.691538309223429906e+02
-6.462473923253866133e+02
-6.004087109115823750e+02
-6.455321276818677916e+02
-7.657869366440028216e+02
-7.789245578311106328e+02
-6.681399536588296542e+02
-6.970799724245151765e+02
-6.657805178717844683e+02
-7.237919995199970344e+02
-5.250134731438236031e+02
-4.110890990424779829e+02
-5.303207512088561089e+02
-4.295603884011793525e+02
-7.643053216536588934e+02
-7.051783092833472892e+02
-6.049072122946884065e+02
-5.074937311719741047e+02
-5.998524167900909561e+02
-4.205398585936891891e+02
-7.199109768244903762e+02
-1.299442092112100227e+03
-7.728099599299338252e+02
-6.398727416792272606e+02
-9.412268788294597925e+02
-6.123843315477242868e+02
-3.150171696533921022e+02
-6.561988568530703105e+02
-7.289247813645797578e+02
-4.444556514450074474e+02
-4.784219218223311145e+02
-5.478502187325952946e+02
-5.529622312547123784e+02
-6.503872949489176563e+02
-6.487371996899663600e+02
-4.073953362357482888e+02
-7.506624712565189839e+02
-4.658102116965322352e+02
-7.899195762450558504e+02
-6.834259196665140053e+02
-5.379691212339279218e+02
-5.868541682450849066e+02
-5.594874182521411967e+02
-6.139159919309157658e+02
-6.005234229803314747e+02
-6.175258795729545227e+02
-7.928437334549264506e+02
-5.867311690841532936e+02
-7.605089966050622934e+02
-6.878614601029678397e+02
-5.973174949931903939e+02
-6.390797062486851701e+02
-5.975007506858304396e+02
-5.803213117888952866e+02
-7.081678555706226916e+02
-6.770546127713012083e+02
-5.102316676684008598e+02
-7.308547261091687233e+02
-4.274469772366694542e+02
-5.789808624172619602e+02
-6.070172620073232110e+02
-5.912405341189987666e+02
-4.973253418643364512e+02
-5.672561911646113231e+02
-5.857462114386498797e+02
-4.242227196628489310e+02
-6.384921484500405313e+02
-4.864160197961805920e+02
-5.023101997474731775e+02
-5.923939161818778985e+02
-5.921361883653806899e+02
-5.602208842813615775e+02
-7.136953987643588562e+02
-6.379657163408238603e+02
-5.660563577688245687e+02
-4.852912063611035478e+02
-5.301481088478163883e+02
-6.103882609935106984e+02
-4.951742325907584927e+02
-5.595525841627940054e+02
-5.797931047882254916e+02
-4.274703676183681864e+02
-5.955099861452896448e+02
-4.409551631008439472e+02
-4.725013466319475128e+02
-5.189628072710693232e+02
-6.367136896275599156e+02
-6.165367560634800839e+02
-9.082028465331120515e+02
-6.495643486339380388e+02
-7.305714488189221356e+02
-7.167859835802394173e+02
-7.476745213577737559e+02
-7.768264992818610608e+02
-8.567263408626722594e+02
-9.560540127936787940e+02
-7.270613386840266230e+02
-7.670523846952131635e+02
-7.457502914771123415e+02
-1.079526107963855793e+03
-8.202933364113910102e+02
-1.640634893028521219e+03
-1.253557005262313396e+03
-8.224757092453478435e+02
-1.047441951982571481e+03
-1.102310864422180657e+03
-6.192553437783018353e+02
-7.294617631207563591e+02
-7.766824072839351629e+02
-9.282634733380704120e+02
-8.632178303535267787e+02
-9.741990589760758894e+02
-8.693923238756929095e+02
-1.058054125097158476e+03
-7.285262412634277780e+02
-6.430253848817800417e+02
-7.664293889285767136e+02
-6.604598980874434346e+02
-6.936607813958160023e+02
-7.422066425725515728e+02
-6.140145874898455531e+02
-6.370724534489555708e+02
-5.561625542251025536e+02
-8.530560473602309912e+02
-6.676520361137158943e+02
-7.537234177912162068e+02
-6.767225412538191449e+02
-6.647494941480302941e+02
-7.441648380194019410e+02
-7.977991251801149701e+02
-6.543999838930558326e+02
-6.436321472700327604e+02
-8.702368515783807652e+02
-6.196344707816682558e+02
-5.905055319357666122e+02
-5.999094547449187758e+02
-6.008081099961232212e+02
-7.458971254889075908e+02
-7.315805944074568288e+02
-7.438488502990442157e+02
-7.415337044847365178e+02
-4.778507754446555964e+02
-5.837367106670085377e+02
-4.520786297332182357e+02
-6.487948156604140877e+02
-6.682512485518057019e+02
-6.639334609390232345e+02
-4.288522008919995869e+02
-6.069449813802850713e+02
-4.127261716071518549e+02
-6.732010539235332089e+02
-6.162957161197001597e+02
-6.635885438248346873e+02
-7.544365372931224556e+02
-4.846857515858829402e+02
-5.436741159828588934e+02
-4.997191247575765374e+02
-6.041694442651273675e+02
-8.256439833183894734e+02
-6.063506840621159881e+02
-4.893312016265337547e+02
-6.982232462606320951e+02
-5.189400658166118774e+02
-5.871461966833214774e+02
-5.517650063220278298e+02
-6.761422704045912724e+02
-4.603815780805452391e+02
-7.179927381749556616e+02
-5.339959347827189049e+02
-6.249583306550956650e+02
-6.677803303448951056e+02
-6.124919026286374901e+02
-7.779499709824450520e+02
-6.483585961119451895e+02
-1.231942559906846100e+03
-7.468686282461651444e+02
-5.734446833787879996e+02
-5.088799462899177684e+02
-8.582383299019477363e+02
-7.381422385029667339e+02
-8.287579910289477994e+02
-5.809122042493504523e+02
-5.876820802910359589e+02
-5.151525571110588544e+02
-4.688046035173590553e+02
-5.626582079887925829e+02
-7.983684025381148786e+02
-8.008110049907580787e+02
-9.202900389129704308e+02
-4.322136580956295120e+02
-6.341507179468437698e+02
-8.084483606607533375e+02
-1.037455075266326048e+03
-4.896551740377923352e+02
-1.268074296695454223e+03
-4.132581293237428781e+02
-5.493234458417645101e+02
-6.354580189055456003e+02
-5.344442547764925848e+02
-8.745465270679819696e+02
-9.370236348094191499e+02
-9.428630287955395488e+02
-7.901357644992956466e+02
-6.600430900908960439e+02
-8.068464984108088629e+02
-5.467708696862785018e+02
-7.093304001550519615e+02
-3.872248358606856300e+02
-6.106673907083350059e+02
-6.314198052547865245e+02
-7.211015406774378107e+02
-3.211570154249874349e+02
-6.351587522148319067e+02
-7.750522065925117658e+02
-3.123555739538724652e+02
-8.521201113989249052e+02
-6.249381260045258841e+02
-2.921629735773405514e+02
-6.314550765255041824e+02
-5.053992599823587284e+02
-5.863831884320202334e+02
-4.583741937337791796e+02
-6.103002560347179042e+02
-5.024577198773433793e+02
-1.544967482243047243e+02
-7.250577273149114035e+02
-2.504763162273635544e+02
-2.113984482570742216e+02
-7.220970737735161720e+02
-5.720887088880658666e+02
-4.862046296558254426e+02
-6.884062784645844886e+02
-7.099408343488219089e+02
-5.658020097468892118e+02
-2.049494136483003786e+02
-7.746061829007726374e+02
-2.997671108781603380e+02
-1.499096249739857001e+02
-2.569072682716356439e+02
-3.863311337452124690e+02
-1.318382151481942515e+02
-3.197111416972618372e+02
-5.946881971363976049e+01
-2.404713288010389931e+02
-4.887138566527693229e+02
-7.453779734335572584e+02
-2.782537900561510469e+02
-1.527601317661005851e+02
-5.195502493363032954e+02
-8.611064805142028433e+01
-2.192871725166805277e+02
-3.780920134832437611e+02
-1.366716711530329462e+02
-2.120820339857569365e+02
-1.312303275015851227e+02
-3.714865355114267231e+02
-1.587318144225867513e+02
-1.812419297613579090e+02
-4.337589963723394817e+02
-1.612430838583113086e+02
-2.643173788090584821e+02
-6.198851470387436393e+02
-1.652191310815247220e+02
-1.743856797907811256e+02
-2.378712334698339532e+02
-3.784053605804054996e+02
-8.605688889198836478e+01
2.521713790232685426e+01
-9.778038468702283126e+01
-5.609002692612591545e+01
-2.756046225636059717e+02
-2.096533402427906481e+02
-1.859975887659560101e+01
-3.204379476676123772e+00
-1.411411717347791637e+03
-5.104608195657563385e+01
4.977237602922414794e+00
-2.068411603618851018e+02
-1.054468905607025704e+02
-1.367189268644230538e+02
-5.723531195785267300e+02
-1.449515483754423713e+03
-2.956815491198559585e+02
-1.382937262814022233e+03
7.952586531436197959e+01
-1.317157863446409010e+03
-6.636547754021140690e+02
-7.724915818887090779e+01
-2.807794551668354188e+02
-5.918875189461986963e+01
-8.102202177503656912e+02
-5.456537884327530037e+02
-3.968302442887893449e+02
-2.659439961230177119e+01
-6.769443071048588934e+01
-1.562950831455439982e+02
-1.304227957262351993e+03
-3.737763747363997027e+02
-1.479141873734227829e+03
-1.391359967864496241e+02
-6.264540621398316489e+02
-6.274187234524102763e+01
-6.578865981049601430e+01
-5.181061426145060977e+02
-6.438996428949099027e+02
-6.210833445230647385e+02
-8.233702798219187002e+01
-3.899093126361787398e+01
-1.839982428854920329e+02
-4.643875882711428744e+02
-1.787871196940026550e+02
-6.709659872726915637e+02
-3.570019051244122466e+02
-4.702142675695949947e+02
-1.731790212903426891e+02
-4.483792280844115226e+02
-1.297842378287842564e+02
-4.961125221571367092e+02
5.191480837075661725e+01
-1.679655791690213107e+02
1.983253854363547930e+01
-5.107079064030721156e+02
-2.721204345846114165e+02
-3.813184711879218298e+02
-6.777224592685288371e+02
-2.524484230856753015e+02
-4.237260220095228647e+02
-8.203517520172798072e+01
-3.168760886954296438e+02
-2.760808564319498828e+02
-5.568677890756626994e+02
-3.568935992592615207e+02
-2.956577669868811427e+02
-2.290038212840597680e+02
-4.096360010916220631e+02
-3.412078325166842774e+02
-4.604067890374333842e+02
-8.757518551885246438e+01
-1.779866704624065221e+02
-5.264216371941024590e+02
-3.191229740955519674e+02
-2.362517067195694835e+02
-8.124488535559133595e+01
1.261923637649646253e+02
-7.761123953074825295e+02
-7.688855729571307620e+02
-5.266751728380091890e+02
-1.936980513572957534e+02
5.190770690021926157e+02
8.144112994628321758e+02
2.088395260593284775e+02
3.582661457328152323e+02
-1.551468899699681288e+02
5.248637809186287484e+01
-1.023470915209544614e+03
-6.226009329051120744e+01
-5.169416453811099927e+02
-1.969085786539551179e+02
1.144929139672322208e+03
1.368763788496174811e+02
8.785865590467496986e+02
-5.514344677839203541e+02
-6.182537062041931222e+02
-6.183290443427977152e+02
-1.217563384224387619e+03
-3.848987464711878488e+02
-6.443095823338421724e+01
-8.185783195177390326e+01
-3.808915769359089154e-02
4.201664819473378998e+01
-3.321810654323879248e+02
1.734308853213469774e+02
-1.073383464292573535e+03
1.655118826231656897e+02
-8.152628254355719264e+02
-1.207722967031620783e+03
-1.280611940735726193e+03
-1.697435832531473352e+02
-1.137900184598550823e+03
-6.902916296776271565e+01
-4.629412564204977798e+01
-3.025789849694632494e+00
-1.079918640885052127e+03
1.737932083249207835e+02
-9.352724421660282417e+01
-2.902824528474687327e+01
-8.036543599614967661e+02
4.896482953802964744e+01
-1.353592931173582656e+03
-9.089578883994821581e+02
-1.146418397322558178e+02
-1.425676773556650687e+03
1.140052749712734794e+02
-7.618243712478600855e+02
-1.518165985796163682e+02
-1.329116637869838769e+03
-2.056041208628610661e+02
-9.418448526843678792e+01
-6.197975059317817568e+02
-1.117954197636476692e+03
-7.708378388605278815e+02
-8.719889771645116525e+02
-9.825939690026535800e+02
-8.117188104764994705e+02
1.012369827413183998e+01
1.538508082988100227e+02
-1.173702552944784202e+03
-6.258996513479901296e+02
-9.718807329535095505e+02
-8.806052356621914896e+02
8.606867721968653484e+01
-1.204514659269163303e+03
-7.315223712229243347e+02
-1.182646092552176469e+03
-1.207267576674904149e+03
7.518275592392994611e+01
-1.048683526101141979e+03
-1.040072070693956618e+02
-8.401949062548519009e+01
-8.951773513382663623e+02
-4.134139967685389365e+02
-1.088728734742481265e+03
-5.592008279225980232e+02
-6.873858465036655616e+02
-3.484969636987074750e+02
-3.718304074042109164e+02
-3.478435595393527819e+02
-6.783628947355132368e+02
-5.273602587470479648e+02
-3.699914024767554110e+02
-7.110089569614702896e+02
-2.819278997561053757e+02
-2.639027109114357472e+01
2.932506353831807360e+02
2.144273678409688273e+02
4.010613312355047810e+02
6.679212312680602963e+02
7.306078992826210197e+02
8.305953111429612363e+02
4.502414568849391685e+01
4.246825165123610191e+02
3.041719266596148259e+02
5.597084255901685310e+02
-2.653922641314844100e+01
1.321057695746367244e+02
5.802708388253336125e+01
-4.943071524500649616e+02
-1.069132184778501937e+02
-1.133383676631073627e+02
-6.663845884569028613e+02
-7.208840544492313711e+02
-3.967840761484965810e+02
-3.607135679113188758e+02
3.514300571013507124e+02
-7.753839503943260070e+02
2.657327974883788784e+02
-7.701748178186250016e+00
-4.315826305448325115e+02
2.153902851369957716e+02
-1.986922654522655307e+02
2.399850610147793759e+02
-1.561866617292679109e+02
5.688287344211062191e+02
-3.372648170529313347e+02
-1.055731928967933584e+02
-5.189151700200178539e+02
4.053813089781019130e+02
-2.466542160625975839e+02
-2.098748334359048329e+01
-5.999694027137594503e+02
-7.006542182217685877e+01
-4.129101743539884524e+02
-8.146130479957613488e+02
-8.213569599519354369e+02
-1.199860583299929885e+03
-8.411295974626218594e+02
-4.158416045465586990e+02
-2.395432394175060722e+02
-4.390730003435814979e+02
-4.878729580971081532e+02
-9.792363952095197988e+01
-8.486432669946993883e+02
-4.643857175519839302e+02
-2.101147806474416200e+02
3.745591987667521039e+01
-3.696294398418512515e+02
-5.866628632753646571e+02
-4.854979023495893671e+02
-4.575381695588149569e+02
-5.182297709281397147e+02
-4.920086745825660728e+02
-4.442048775270897067e+02
-7.179603307052560695e+02
-9.949112661859276159e+02
-8.881540040573614760e+02
-6.710714725840822439e+02
-8.386139657017718037e+02
-4.697104673195170790e+02
-3.793796932434638052e+02
-5.427121971475224882e+01
-2.453591706835914010e+01
-3.879703702511037591e+02
-2.888481551098871023e+02
-3.501716674459380556e+02
-2.281493248621287648e+02
6.024421061932685006e+02
-3.864261777606230339e+02
-7.091314312788456391e+02
-4.091681390060903141e+02
-4.503571117672308333e+01
-5.402260199616291629e+02
1.247966327455510793e+02
-2.755091425749014888e+01
4.040500682500189669e+02
-8.369350179358575588e+02
-2.071701517031639810e+02
-2.975889278440110957e+02
1.679640891263834419e+02
-4.742455402564337987e+02
-2.451810357663661080e+02
-1.051193285174764753e+02
1.762494072308848558e+01
-4.386309182552909078e+02
-5.629651202060567812e+02
-3.568034039361996292e+02
-1.839895463975928465e+02
-2.391239401237612583e+00
2.405782739787037201e+02
-5.015626422047591859e+02
2.320274713704658609e+02
-2.970732567708114402e+02
-4.215461275068832947e+00
-4.264633414135645353e+02
-1.714982229673029224e+02
1.866954792305851640e+02
-1.287211338626059103e+02
3.297041274514439806e+02
2.016074632815457903e+02
4.511583872848986516e+02
9.805304887560037059e+02
-1.171611143226260481e+02
1.029821867996483206e+03
-1.686183222904359980e+02
4.787095750646936949e+02
4.661935582531706928e+02
1.669755457435996959e+02
1.021681374074986195e+02
-1.129370338564036444e+02
5.098790290528844480e+02
6.653815876436001417e+02
6.638860300938835053e+02
4.897498802555403472e+02
1.917685415900039629e+02
2.386605684721815805e+02
4.947404241127484283e+02
7.223733575055512119e+02
-2.471491332457688372e+01
5.203619468659321683e+02
1.594772828476841369e+02
6.758009336514410279e+02
3.866013604726389872e+02
4.761613409040688225e+02
6.173173902438581990e+02
7.824730682515971694e+02
5.821761129315027574e+02
5.433570090646907147e+01
6.113181997123585916e+02
5.204400310740832083e+02
5.672010643637936482e+02
4.046622479276629178e+02
5.251421952838679772e+02
4.665270590605219354e+02
4.161160096013650218e+02
3.846399115143853464e+02
4.510061300008619014e+02
6.884542431319608795e+02
4.911241560222468934e+02
4.583899261581432256e+02
-1.410215222013603693e+02
1.251916735062651043e+02
7.698872780829826752e+02
4.733014061818798837e+02
2.463467602706957678e+02
4.070700435665306145e+02
3.118329599036792388e+02
3.724814551531973166e+02
3.896759366822640800e+02
7.486669184846771259e+02
6.528500558665870130e+02
2.753814415238925335e+02
9.913239436433839273e+02
4.788194077753195188e+02
1.802657481476367991e+02
7.051883985977058273e+02
4.999183135988131426e+02
7.548739194440322535e+02
9.488828144016346187e+02
1.078625822762997359e+03
9.098277395958866691e+02
1.132240121755869950e+03
6.823163859547282755e+02
9.501452141543107928e+02
1.093501735542253300e+03
8.659344275600433321e+02
9.441249746551628732e+02
8.577217404502669069e+02
6.524472892673118167e+02
6.067955743561915369e+02
6.333586044130488517e+02
-7.210458798289587321e+02
4.334983685575881509e+02
5.544911545387527667e+02
5.380592978447099313e+02
2.441860524982526499e+02
4.121204436194431651e+02
3.802256017772549512e+02
4.371433844264986419e+02
4.468717301334526155e+02
4.896964252147599836e+02
3.732448840317817940e+02
4.535002444822707730e+02
-7.686149886527198305e+02
1.233478616689602347e+02
4.825358590881876353e+02
4.211257906460592721e+02
2.411159317143797409e+02
1.541096955746738502e+02
4.048563735648884858e+02
3.588514957968800445e+02
4.267175464876301021e+02
2.344025645787267820e+02
8.678393165103651654e+02
6.566391856478707041e+02
8.135194530243570625e+02
6.621642417982956204e+02
8.463406528051448277e+02
9.657422394250188518e+02
6.395790419286452106e+02
1.032575914020417940e+03
9.161842948121733343e+02
5.373361503322108774e+02
1.045368889717556158e+03
6.586281427042450787e+02
7.623185946206576773e+02
1.040502443093117336e+03
6.516043679173484406e+02
1.128059897337126131e+03
8.183378621296153597e+02
7.441472106963856277e+02
1.037541850861444800e+03
8.211508137072589761e+02
8.882450105549355612e+02
9.732356139569635616e+02
6.987929238851688751e+02
8.943092807358329992e+02
4.848990929135059105e+02
8.222009668957641679e+02
3.521661624398312256e+02
5.228533530926682715e+02
2.417591639903437795e+02
6.939779236140640251e+02
1.748754978553185424e+02
6.725698342812568171e+02
6.105161785001066619e+02
6.199609536581751854e+02
6.360322791118680925e+02
6.907997635838529504e+02
5.397669971341624660e+02
4.694889713425297941e+02
6.245225327460796052e+02
7.394141383980108913e+02
5.223146413672574226e+02
4.833729242001851389e+02
6.634616367959251875e+02
7.822021788975880554e+02
6.463506818852863489e+02
7.987116540616776774e+02
6.785880011895900452e+02
7.217867257393812679e+02
9.854133360903987295e+02
8.722177087349567728e+02
-2.138955223499443150e+02
1.018587141503881412e+03
7.266821260274325596e+02
8.469324618364182697e+02
8.338378136881685805e+02
7.455167755114387091e+02
7.472790872506122923e+02
7.459207879171774493e+02
8.383377321801060589e+02
8.292362046462505987e+02
7.495550649778870138e+02
9.471467649797602917e+02
1.103510561228926917e+03
-1.406740004922919979e+03
1.027563667494455785e+03
1.030217630249667309e+03
9.620341109199858920e+02
1.049315211436098707e+03
9.041019136621300731e+02
9.343898989884419279e+02
1.088936072589752484e+03
1.250665652594167796e+03
1.081276417026323088e+03
1.623846168931080740e+02
1.239570073722211987e+02
-9.189076393618171323e+01
3.606519656468320250e+02
2.014485142343270923e+02
-3.504433094956751233e+02
4.655819616612438949e+01
1.170841131193513093e+03
1.057931238217129703e+03
9.679826337441397754e+02
1.007824349734534280e+03
9.948109059978348796e+02
1.117830770651297826e+03
9.657226734310395386e+02
1.049179968430845520e+03
8.182871220967855379e+02
1.024410216014518028e+03
9.262700126019245772e+02
1.088159172289066646e+03
9.724680219035847131e+02
9.135215285712534978e+02
1.066765173393932855e+03
9.503886743157381716e+02
9.381713289460878968e+02
1.047525628036563148e+03
9.722161626885343821e+02
1.016361243204685934e+03
1.093917651526812506e+03
1.061790368837763936e+03
1.003614350522551945e+03
1.006511774431590084e+03
1.175457620160433407e+03
9.973532571977451653e+02
9.764100775609404081e+02
1.081263919769271524e+03
1.017360862544244014e+03
1.199329708630220694e+03
1.214055200562659138e+03
1.028312262461646696e+03
9.945043144323268507e+02
9.834903756098026406e+02
9.537354968234415082e+02
1.036176004695353640e+03
1.111041718672218394e+03
8.455608623309566383e+02
8.691131985024491087e+02
1.009967417129183332e+03
1.154987800307919542e+03
9.859561804858572032e+02
1.103288885448737119e+03
1.272330127469540230e+03
1.182963945627631347e+03
1.179911461713057633e+03
9.124934888634277286e+02
9.939978431559227374e+02
9.183509115998112975e+02
9.421785012387872484e+02
9.620313529397664070e+02
1.017757272043149896e+03
9.167767950384391042e+02
8.705420633642445409e+02
9.528752819435306947e+02
1.027503182247793347e+03
1.070897749725131916e+03
8.598259497604864237e+02
8.548567460308165664e+02
9.474075878935541368e+02
8.342034289867964389e+02
-6.478817107326533460e+02
8.776742289280130080e+02
9.773048048997957267e+02
1.080115256958450573e+03
1.070441867972006548e+03
1.304147365045550941e+03
1.255620504398689263e+03
1.094143725617935615e+03
9.732470077067764578e+02
1.140633618015344609e+03
1.106865005248196894e+03
1.174844143838299942e+03
1.039438046344942222e+03
-6.688444194893251051e+02
1.162233837924474756e+03
1.029248118324369216e+03
1.328284710519880946e+03
1.114923954708651308e+03
1.333468608445827158e+03
1.095210156349988210e+03
1.176282244284890339e+03
1.329914043663155553e+03
1.364981391615188841e+03
1.193783964796466762e+03
1.297560281474336989e+03
1.191945515044941658e+03
1.194478260668399116e+03
-7.179473609596867618e+02
1.267174573887007227e+03
1.121109747523061742e+03
1.106592242797904646e+03
-6.619799894581753961e+02
1.220780771454162050e+03
1.367331338657351125e+03
1.445196562330123470e+03
1.327284338802838192e+03
1.351181363269772646e+03
1.395748277511355809e+03
1.252565896093009314e+03
1.260839662338634525e+03
1.498795263041873341e+03
1.283285353104913838e+03
1.281541173680128622e+03
1.489377921069878084e+03
1.381752063483302663e+03
1.342005558509490356e+03
1.050665014319700731e+03
1.317619053683310995e+03
1.176046165457110874e+03
1.205045931057971302e+03
1.373163219432065944e+03
1.307102716667064669e+03
1.419420206662371811e+03
1.289277506657078220e+03
1.170471833252956685e+03
1.030381053767479216e+03
1.318526245938814327e+03
1.270985539322926115e+03
1.495012011540275125e+03
1.325229139374641591e+03
1.038039652185347222e+03
1.373826355291393156e+03
9.964713149866298636e+02
1.327782868259823317e+03
1.353232475376699767e+03
1.470999546080739037e+03
1.277913423592089885e+03
1.269526668107058867e+03
1.321337203717565444e+03
1.354917059690271344e+03
1.195362330703851285e+03
1.344772873495625618e+03
9.996043538572182570e+02
1.352786898245840803e+03
1.438469151928098427e+03
1.170703476193412371e+03
1.205755807010273656e+03
1.155330949529936333e+03
1.303860077497589145e+03
1.445154221185098322e+03
1.215158415282086253e+03
1.238024011931099494e+03
1.182611982216427350e+03
1.012949913738036457e+03
9.936751171767789401e+02
1.208947895991809901e+03
1.365651589256373882e+03
1.237894947461341644e+03
1.085837497273453664e+03
1.155069904737098568e+03
1.006888569934060115e+03
1.028031180264988734e+03
1.257856309283523615e+03
1.334658693217637619e+03
1.355909711075196810e+03
1.264446805006543627e+03
8.954302597352132125e+02
1.260443128539080590e+03
1.441880528689164294e+03
1.523729066681812583e+03
1.406345473535435758e+03
1.086707794711469887e+03
1.352241716598101902e+03
1.428372094594212058e+03
1.245703055501263179e+03
1.320359296591286011e+03
1.439503387748968635e+03
1.476015669608002554e+03
1.329644249606107678e+03
1.253027150806189411e+03
1.541305891697627658e+03
1.183638257664973025e+03
1.204154269415674662e+03
1.439045559821875258e+03
1.177988667260696957e+03
1.282298048935693259e+03
1.436536509994706421e+03
1.528919135757243112e+03
1.345549843190305637e+03
1.207887666349584606e+03
1.281043381909936443e+03
1.314676885717560708e+03
1.353033167418746416e+03
1.341298685379262906e+03
1.213390944747340200e+03
1.312793957100181842e+03
1.350294548499645998e+03
1.297228110351149780e+03
1.319942834821824590e+03
1.341550741094560863e+03
1.408406878290193617e+03
1.537684344018393858e+03
1.358943091679162990e+03
1.370696394983775008e+03
1.409764842936420564e+03
1.338356394143447687e+03
1.575358547736176206e+03
1.375227483825908848e+03
1.423800268882561340e+03
1.566836541617368312e+03
1.395344948976444812e+03
1.498053535419425771e+03
1.343255631194732587e+03
1.425606901157280845e+03
1.369479929053756905e+03
1.420292799040123555e+03
1.424602414054268138e+03
1.527019609246967548e+03
1.517482152628169388e+03
1.356091771904772258e+03
1.462045728571487416e+03
1.320076762592230580e+03
1.281691654621304224e+03
1.467684615092840204e+03
1.292063230471386760e+03
1.408668267403672871e+03
1.402208409860268375e+03
1.403454022724557490e+03
1.320398527925281996e+03
1.551390481653714915e+03
1.110280316798954800e+03
1.224186458641978106e+03
1.162046887308296846e+03
1.187385244737768062e+03
1.293653239083690551e+03
9.648165874578205603e+02
1.208098635657304158e+03
1.124685236633346221e+03
1.446281579593409106e+03
1.442717391903036969e+03
1.451778971580827601e+03
1.484151200626966101e+03
1.245009985829682137e+03
1.371246100371931789e+03
1.402596598344957101e+03
1.149002805489003094e+03
1.339003022019302989e+03
1.362236389171502879e+03
1.441955602272233591e+03
1.442654757251261799e+03
1.277681600966241604e+03
1.243031925541967894e+03
1.010518916765617973e+03
1.046811940957685010e+03
1.224418667356381320e+03
1.571840867472719310e+03
1.202795009132447149e+03
1.282048220207100030e+03
1.558763429487611347e+03
1.218655779925028583e+03
1.495372640114745991e+03
1.420361863098872618e+03
1.323321110873153884e+03
1.198696424287337777e+03
1.362821592158664771e+03
1.036609362868852713e+03
1.491832901576979566e+03
1.253839119589739539e+03
1.332599037387559292e+03
1.425612696566804516e+03
1.447689901114999429e+03
1.152071050902769230e+03
1.360127347401498128e+03
1.287488550265381946e+03
-7.303459302410740293e+02
1.111663567628330838e+03
1.226693990290460761e+03
8.975635266237762835e+02
8.176270975308514153e+02
9.939220038249255822e+02
1.200555250497138104e+03
1.325928455427034578e+03
1.135762388407846856e+03
1.372682701511844698e+03
8.945981666975225153e+02
1.125668553054741324e+03
1.207158831753472896e+03
1.294139671814649546e+03
9.904528051860186224e+02
1.215716432100227166e+03
1.103630954761764315e+03
1.253027582034641455e+03
1.288176893334595889e+03
1.209681991321418309e+03
1.324344844091411233e+03
1.352644793648756149e+03
1.207547803241070596e+03
1.365904155365787119e+03
1.121512969680942888e+03
1.075478849845148943e+03
1.265526134970944895e+03
1.359612709296422736e+03
1.181101075144962806e+03
1.168195737123424806e+03
1.319546792574038136e+03
1.283057358625600500e+03
1.540020217039777890e+03
1.339041241776817969e+03
1.310024649390995592e+03
1.224343897467256738e+03
1.020359830383700910e+03
1.467434296843914353e+03
1.378641432370923667e+03
1.315265042029238884e+03
1.299878236812179239e+03
1.215112307313041583e+03
1.147283068743847025e+03
1.167680783818329473e+03
1.310519221190755388e+03
1.114166875666537862e+03
9.226730537318649112e+02
9.586156513593178943e+02
8.009525100773228132e+02
1.051234066334749514e+03
1.011930420417707637e+03
8.891753607436706943e+02
8.906951497557884068e+02
7.314898002248606872e+02
7.914076478799970573e+02
1.115291986638084381e+03
8.666443592299019656e+02
1.287631426385343502e+03
1.177727351439489667e+03
1.088762585759123340e+03
1.129081162819779593e+03
1.179105953995292111e+03
8.965086174942952084e+02
1.112519393632380343e+03
9.952048810464565349e+02
1.054977630857307304e+03
1.060498106673888287e+03
1.107316070492605832e+03
8.087017741815292311e+02
9.357312000911654195e+02
8.618601567654609426e+02
8.802000110933313408e+02
5.698365617895640298e+02
7.765234471664897455e+02
1.060668815469256970e+03
1.144273065883758818e+03
9.941277752060843795e+02
1.120748090703972593e+03
9.325563347510798167e+02
1.421219690702791922e+03
1.002167433656423214e+03
6.381545781696037238e+02
8.311040994675896627e+02
1.128417927550723107e+03
9.509137335923420551e+02
8.502834392928275520e+02
1.147437623960717474e+03
8.441582119300604745e+02
7.790298457098357403e+02
7.925233353916820533e+02
6.964901360243372892e+02
1.072907555940099883e+03
1.029975550394858374e+03
1.143238128420102157e+03
1.089568279677489954e+03
1.106765216722388004e+03
1.214356153422819261e+03
1.356608170401047346e+03
1.044385630705701942e+03
1.190372443362127797e+03
1.187710199847411104e+03
1.177324419796901111e+03
1.055130630109326830e+03
1.187461892036584004e+03
1.391791496122321178e+03
1.485053680096945072e+03
1.347623189898623650e+03
1.305392735065302531e+03
1.453852065310677062e+03
1.209317325144737197e+03
1.230143415687708512e+03
1.325907239506620044e+03
1.253486456395719415e+03
1.316413882260751961e+03
1.303594943432934770e+03
1.280004714370867077e+03
1.123165354876654192e+03
1.200752134842496616e+03
1.167227707533227431e+03
1.194656235460155813e+03
1.246062616483195370e+03
1.236389318569768193e+03
1.176753588013002172e+03
1.518117245875663912e+03
1.400894229880068224e+03
1.318755552636203902e+03
1.153680658436779140e+03
1.168432566542658606e+03
1.146898327796447120e+03
1.217506663523757652e+03
1.339560440574832455e+03
1.387563547928474236e+03
1.495589070713208002e+03
1.223194143446793532e+03
1.238797744692873493e+03
1.292260302981495670e+03
1.238412633948563325e+03
1.236197926081918695e+03
1.351784559397642170e+03
1.450242839171432252e+03
1.282265536310972948e+03
1.343485082883940095e+03
1.432266538516120590e+03
1.297949369510748966e+03
1.242128554149466709e+03
1.462963469287356475e+03
1.141683224022248851e+03
1.513565878475885029e+03
1.571954297717130430e+03
1.090566079605126561e+03
1.204531703587182619e+03
1.493579578595962630e+03
1.314659522179806117e+03
1.250867804941606892e+03
1.267976742481004749e+03
1.247248761957197303e+03
1.058933079856639324e+03
1.106710451795542895e+03
1.183483148170360892e+03
1.306882030173228713e+03
1.238529001667750890e+03
1.012685970129947691e+03
1.150808127263120696e+03
1.149957534418869045e+03
1.383359991179365807e+03
1.411883283356457468e+03
1.166318789659010008e+03
1.280260764730953952e+03
1.221080322286025194e+03
1.156642537857793741e+03
1.250383485453314051e+03
1.206444355052019318e+03
1.320186355869647741e+03
1.391410504149195958e+03
1.273005394265693894e+03
1.155810876931418306e+03
1.363170989193823289e+03
1.207225869424808934e+03
1.261047030548493012e+03
1.266904949022420624e+03
1.181433639470581056e+03
1.390668361507321606e+03
1.191085492565140157e+03
1.127695465004775542e+03
1.419744951945340972e+03
1.219205903325258532e+03
1.241558171481154204e+03
1.446627648980687354e+03
1.227108512705318390e+03
1.213905079290105050e+03
1.198836326955420645e+03
1.249816759932386958e+03
1.233877154784757522e+03
1.353832638374898806e+03
1.362459245348101604e+03
1.154465444307200187e+03
1.422576415052575612e+03
1.300441475527266903e+03
1.385146432039776755e+03
1.327225002784431808e+03
1.275408553083807647e+03
9.480985603215048059e+02
1.579622574718746137e+03
1.353608149623435338e+03
1.523894904355950302e+03
1.798036108220460846e+03
1.417451096041292431e+03
1.629987740576142187e+03
1.538048189478221047e+03
1.339398614076157855e+03
1.392381579347101251e+03
1.394524278037265276e+03
1.403600187510626029e+03
1.228934456344038836e+03
1.485207724011452456e+03
1.334117481280990887e+03
1.616500144291078414e+03
1.288138301710911492e+03
1.287336005865256084e+03
1.223092992503402229e+03
1.446715247328541409e+03
1.619572563405441997e+03
1.520170304024816232e+03
1.600779938840042632e+03
1.298432512014756185e+03
1.349887194572180078e+03
1.371469516690228602e+03
1.320818058274782516e+03
1.299737289163801051e+03
1.452930343874246773e+03
1.216333219848030012e+03
1.095512645009301650e+03
1.474858902077794482e+03
1.345315179571751514e+03
1.384972908785678328e+03
1.261256070180537790e+03
1.471075161351704992e+03
1.395742646634974790e+03
1.324560939845543999e+03
1.322742544722144657e+03
1.490924418181095689e+03
1.528235785620772958e+03
1.549084247519080236e+03
1.291386167471830504e+03
1.546021743881770362e+03
1.514859128780497940e+03
1.466388371355604932e+03
1.438514188613610713e+03
1.564983353465083383e+03
1.485168871087887737e+03
1.490178630888516409e+03
1.386058609734972833e+03
1.601674124609224236e+03
1.209766320066798016e+03
1.028930727674915033e+03
1.555095928540057002e+03
1.653081951169995136e+03
1.401597659331236855e+03
1.507701975295061857e+03
1.655394805630657402e+03
1.557947314460731150e+03
1.531178971548125219e+03
1.510739410480858623e+03
1.455277044437408222e+03
1.490302476650302651e+03
1.521509489721670434e+03
1.514076003052424312e+03
1.564422763366227628e+03
1.316304851890993632e+03
1.316917006573446997e+03
1.511954876885071826e+03
1.417302371779577470e+03
1.507739081311190830e+03
1.571402751200618013e+03
1.426554586596829722e+03
1.398756320416830704e+03
1.403201125985450744e+03
1.478421141873328452e+03
1.456975289895250398e+03
1.419836934450995159e+03
1.440019134684451274e+03
1.242668123445418587e+03
1.594487679366394559e+03
1.547172355039791910e+03
1.578815038448521818e+03
1.366099671960973410e+03
1.527181343680335431e+03
1.331975190640916480e+03
1.607885359250491774e+03
1.366816423488844976e+03
1.479998918563194366e+03
1.425024674485807282e+03
1.345855346492143326e+03
1.523297607457872800e+03
1.338542424595607599e+03
1.494816989972046031e+03
1.494441739213291385e+03
1.684268733886234486e+03
1.563118658828742582e+03
1.541238217799383847e+03
1.485224063111220858e+03
1.458780309095878465e+03
1.642104714884171017e+03
1.610321096843763598e+03
1.543656867100495219e+03
1.309111203489306035e+03
1.372569521230425835e+03
1.388933793551435883e+03
1.300917290141674812e+03
1.341529344129995025e+03
1.396098817318731108e+03
1.475290009987759277e+03
1.396492054004295824e+03
1.375745809059138537e+03
1.330922184068227807e+03
1.127024961811628145e+03
1.120507299196952090e+03
1.148282458228881751e+03
1.143379768853257474e+03
1.233831855036275556e+03
1.028115930426316936e+03
1.088762436642119837e+03
1.044495984484270366e+03
1.062723073194474864e+03
9.009408854489792020e+02
1.102311743016390210e+03
8.948783888617676894e+02
9.973974319296385147e+02
1.056803980222943210e+03
1.053796129439543620e+03
1.083674906432333046e+03
1.013848862369076301e+03
1.092974686455875826e+03
9.771595818751986826e+02
1.098923248286843545e+03
1.005648823795321277e+03
1.132807282503465558e+03
9.813040265714076895e+02
1.000098513970331283e+03
1.080579994533887884e+03
1.127076262049380148e+03
1.180004775496207003e+03
1.056338613911267657e+03
1.097035045159793071e+03
9.096144033373097955e+02
1.100834772538841435e+03
1.032960246501891561e+03
1.085256649784583715e+03
8.918485180713743148e+02
1.154692508952233084e+03
1.057023584214416815e+03
1.082520264267908033e+03
9.546959318303096325e+02
1.097348432492561415e+03
9.980684782226509242e+02
1.145062565965259182e+03
1.189175524572458244e+03
7.694162716964810897e+02
1.023307556071145768e+03
1.133606557819112822e+03
1.035958291411405753e+03
1.114716180842014637e+03
1.104645357054833312e+03
1.185724739100406850e+03
1.270249443278189574e+03
1.115117233981235586e+03
1.148635552196958770e+03
1.098370358107753646e+03
1.127885703153178156e+03
9.865812971663669941e+02
1.188547486408467194e+03
1.074422255824252716e+03
1.207266364500366763e+03
1.249104400949376895e+03
1.006626124169345644e+03
1.106085947503559510e+03
1.052289995074020226e+03
1.032435413235597707e+03
1.124248988961860505e+03
1.064234431356414916e+03
1.066512789359024055e+03
1.053108458101409497e+03
9.911060577580893778e+02
9.081367923991873568e+02
8.335963257573052942e+02
9.277506264317573823e+02
8.513421673217460466e+02
9.606060671468641203e+02
1.176165287859082582e+03
9.902586443116767896e+02
8.757836056740965205e+02
9.666918323781726485e+02
9.985471145396323891e+02
9.104894346530397797e+02
1.034201942031538010e+03
1.135636664384457390e+03
1.064345097941956737e+03
9.600745463332854115e+02
1.040488578900295124e+03
9.125648164094078538e+02
8.848891428053223080e+02
1.157174981911574150e+03
1.016364556335294310e+03
9.979138604176930585e+02
1.104496436096524349e+03
8.194765386884570262e+02
1.033942016187222634e+03
1.051898532795703886e+03
1.181084815295973840e+03
9.686695973426203636e+02
9.448071360538325507e+02
1.132539455631043666e+03
1.026414139018241940e+03
8.962692929882600765e+02
1.134497394971284166e+03
1.189575833913197130e+03
9.346904987684522439e+02
1.008324199862786259e+03
1.153326551078527018e+03
1.040530308428095168e+03
1.203170096802258740e+03
1.081039153807410457e+03
1.224087552149745079e+03
9.387780123977464655e+02
1.171871473712521720e+03
1.157671351843223420e+03
1.015396970863264755e+03
8.380085435921498629e+02
1.124762553099021261e+03
1.116650140646537011e+03
8.377908873174934570e+02
1.169742557360332057e+03
1.140948260000168602e+03
1.030060183514257005e+03
1.113699685269932615e+03
1.061644325329823005e+03
1.462439420258313703e+03
1.177173607897517968e+03
1.274352710248489075e+03
1.264983441214897994e+03
1.409950920480869854e+03
1.277140775250489696e+03
1.348054758622533427e+03
1.273088923386258557e+03
1.129414577154345125e+03
1.065863734800842167e+03
1.189948265508517352e+03
1.389766643975469833e+03
1.531167034790936441e+03
1.312474415230842624e+03
1.511448785199278063e+03
1.225434507993554917e+03
1.601866789817515155e+03
1.525064945957434475e+03
1.101373467543473453e+03
1.278613999578165931e+03
1.495251740883083585e+03
1.357407163321756116e+03
1.471079309442453450e+03
1.364499726262737113e+03
1.193893096499623198e+03
1.269712847378070137e+03
-5.654593784996341128e+02
1.343818836007387745e+03
1.381419179050088132e+03
1.383621985477668886e+03
1.068704429883418470e+03
9.842170542448840251e+02
1.188965684191414311e+03
1.178680081973080405e+03
1.306356573892378265e+03
1.094602311221625769e+03
1.132343317263896779e+03
1.174370038445651289e+03
1.053738940996396423e+03
1.205518027142571327e+03
1.485856193174216514e+03
1.069567415906328506e+03
1.322877732176640620e+03
1.102931314820762964e+03
1.198779637052462931e+03
1.205017959692595696e+03
1.158693726784153114e+03
1.284283888473300067e+03
1.230849928503083902e+03
1.044990496302046495e+03
1.073482038611010012e+03
1.156813424894666014e+03
1.243935057508020009e+03
1.278878483497314392e+03
1.182750149561466515e+03
1.327287094491488915e+03
1.345902292652441474e+03
1.141652840008027397e+03
1.303687365265476274e+03
1.373393717165180760e+03
1.234323103180323642e+03
1.299375400863844106e+03
1.216220088703619922e+03
1.356799063268924556e+03
1.316739930116331834e+03
1.184859343387955505e+03
1.523641536024077595e+03
1.531373961235112347e+03
1.393311918945672915e+03
1.344990716757838072e+03
1.272398882342735760e+03
1.527764793605248315e+03
1.424109367167199480e+03
1.458035876297829873e+03
1.432521105574118565e+03
1.558014786951571750e+03
1.370783961652326752e+03
1.154641869905155772e+03
1.412668705500843771e+03
1.432082917693006948e+03
1.444336946252522011e+03
1.307537337016946140e+03
1.457028083652601254e+03
1.364805573351419071e+03
1.590378944236919551e+03
1.379327906735461056e+03
1.396105578120041628e+03
1.340997966371549182e+03
1.535599404488085383e+03
1.343425359568514068e+03
1.373975979328756466e+03
1.347513133496110186e+03
1.517828567873191332e+03
1.370215576103672674e+03
1.542607362650861432e+03
1.278285305857588583e+03
1.500274012919504230e+03
1.373214584253529210e+03
1.432119768994946526e+03
-7.028519931204417617e+02
1.670491786073094545e+03
1.451925903272032429e+03
1.361010890547504459e+03
1.551445477821866461e+03
1.336034685330422690e+03
1.395084318064994477e+03
1.332872068225534804e+03
1.460723751345181199e+03
1.452915477220252797e+03
1.417329362495306896e+03
1.450575033891228941e+03
1.501816974538567138e+03
1.604983550951486450e+03
1.441289518051594541e+03
1.431067534922577806e+03
1.304658333538516899e+03
1.426944458362384012e+03
1.604904739779453848e+03
1.507749254439569540e+03
1.608972406698934947e+03
1.417233632966737332e+03
1.454272557133186638e+03
1.541443924157762694e+03
1.317521438784923475e+03
1.433930998136625249e+03
1.491070685359201434e+03
1.463852685126018059e+03
1.374148342058582102e+03
1.446742434678545123e+03
1.509396963806055510e+03
1.394555189961328324e+03
1.320539160955740044e+03
1.484553745275454276e+03
1.448125788377868048e+03
1.336646033538618894e+03
1.249127279491267018e+03
1.384899585158395894e+03
1.378669213830660738e+03
1.383058080273142423e+03
1.378747725689627714e+03
1.272276255421579663e+03
1.483364478689622047e+03
1.209648572711288807e+03
1.279326980345039829e+03
1.326551769214943533e+03
1.347001357622032629e+03
1.165624411941178778e+03
1.295102707477323293e+03
1.268208420719942524e+03
1.532343890645942338e+03
1.298971208631531681e+03
1.504378096610852481e+03
1.297840656283588032e+03
1.276518236236332996e+03
1.366589252076178127e+03
1.393043805161981709e+03
1.161027217257760185e+03
1.444821844962023306e+03
1.519380005669182083e+03
1.339429800507866503e+03
1.393657782597826781e+03
1.249558682769907364e+03
1.168658609522808320e+03
1.280519946341807099e+03
1.319003448361428582e+03
1.252289548916451622e+03
1.174338652788263516e+03
1.347884594402841458e+03
1.277222833402925744e+03
1.335053441061776311e+03
1.259630334973384834e+03
1.004938116640034423e+03
1.352491763280983378e+03
1.336541308050432235e+03
1.152393928756612013e+03
1.453178626114357712e+03
1.202174318060833912e+03
1.348521550613141699e+03
1.320539565938811620e+03
1.457787222747789656e+03
1.419624932083379463e+03
1.228420622413739693e+03
1.303119959920507881e+03
1.264581168022756628e+03
1.429516077889737517e+03
1.202127995128307248e+03
1.210490101039253659e+03
1.384826690891735552e+03
1.390794770570197443e+03
1.188464793453536231e+03
1.442083049912933575e+03
1.342986992595012225e+03
1.362986410165836105e+03
1.391162799396853416e+03
1.503338929573945279e+03
1.555701642530567369e+03
1.276330520407068661e+03
1.355511918497860052e+03
1.344936016884015771e+03
1.467050269772591946e+03
1.450576409405929553e+03
1.371716560219483654e+03
1.199991971314921557e+03
1.279586286591870476e+03
1.422324416111638811e+03
1.383026687300053936e+03
1.305791869287930467e+03
1.439483627384546935e+03
1.448167718510880604e+03
1.385785701882503417e+03
1.380774603991244931e+03
1.530619305628792063e+03
1.447428969342289292e+03
1.490380236044299636e+03
1.421643100087713719e+03
1.316202050060001739e+03
1.560595188286682060e+03
1.391964662736131686e+03
1.446670726678013125e+03
1.366058077819404161e+03
1.436967434445676645e+03
1.627008094199920606e+03
1.479584519547881428e+03
1.476987014078147467e+03
1.442743740186021796e+03
1.465388650273102712e+03
1.406007282697049732e+03
1.351758329141287277e+03
1.565047341826765887e+03
1.438848216478338145e+03
1.371341223018268238e+03
1.318266543221653592e+03
1.673140221228715973e+03
1.488837230554177268e+03
1.409652258249826900e+03
1.454803527499866277e+03
1.608251189538824519e+03
1.461863562142757701e+03
1.364083277206766525e+03
1.537259520707054889e+03
1.595450576582031090e+03
1.296667576701189319e+03
1.575129964248361375e+03
1.783324802672054375e+03
1.663328534537851738e+03
1.649613381523636690e+03
1.534806522900294112e+03
1.690700914375773436e+03
1.618719337397232266e+03
1.552229743222649631e+03
1.798408657546921859e+03
1.677236565754779804e+03
1.836897125458991241e+03
1.814912461476375711e+03
1.633662542411108461e+03
1.665221054982489477e+03
1.668500053701937986e+03
1.725064047047670101e+03
1.743329286667423048e+03
1.654432690783262842e+03
1.610533827159568773e+03
1.576870180446134782e+03
1.700832309923618823e+03
1.616944781729442866e+03
1.697023846045762866e+03
1.728030543321062396e+03
1.682142736939311362e+03
1.611798673418503768e+03
1.617037788952307665e+03
1.617441561807704147e+03
1.740446705621864567e+03
1.752292368373187401e+03
1.558634665542833318e+03
1.485338966402606047e+03
1.493965771749697296e+03
1.604315032022718924e+03
1.551706130040349990e+03
1.437312053817950755e+03
1.419455854310977884e+03
1.648486926403337293e+03
1.562286130804514414e+03
1.571840326606108420e+03
1.737028356355013784e+03
1.499104032674102200e+03
1.573091126696021092e+03
1.617877555952897637e+03
1.681082367358215379e+03
1.595330888285961009e+03
1.640582791750443448e+03
1.657084570717058568e+03
1.619226100374091857e+03
1.514945025855183303e+03
1.651536171615392277e+03
1.596923560428607516e+03
1.440874508346765651e+03
1.402883985255072048e+03
1.595417584287301906e+03
1.616176961966031058e+03
1.617008895755844151e+03
1.511805914319639442e+03
1.498293049264247429e+03
1.372820912686323936e+03
1.566881647277669799e+03
1.523036987123229210e+03
1.501498339389552712e+03
1.504305529719902552e+03
1.481475191269059451e+03
1.502338180003371917e+03
1.487668972380167816e+03
1.533635048982283706e+03
1.515274268340563594e+03
1.532349198058757793e+03
1.493558727462928118e+03
1.384850980578530425e+03
1.471506055056106106e+03
1.538010190350298217e+03
1.586002510973389690e+03
1.338630710472948067e+03
1.595656671103699409e+03
1.517508151195812388e+03
1.247845945552265903e+03
1.503621269632064468e+03
1.394510305312245237e+03
1.483670242941166407e+03
1.309104307794022588e+03
1.216591954342914732e+03
1.249361031805945913e+03
1.437274179236464533e+03
1.452743732333489106e+03
1.478217765806674834e+03
1.318765402934756594e+03
1.343315523732031807e+03
1.373815484181136299e+03
1.407833754984162624e+03
1.234110879099116801e+03
1.382359157312032266e+03
1.401259996708963172e+03
1.591466254967176155e+03
1.210236563250012978e+03
1.365738894136044564e+03
1.457868323147031788e+03
1.457721707313001161e+03
1.336429400992142291e+03
1.299782115624684593e+03
1.358501490087883667e+03
1.467582194966935504e+03
1.306508346983926913e+03
1.505649600797564972e+03
1.444595631261208382e+03
1.471491585910107915e+03
1.336762328580158510e+03
1.448345788198891796e+03
1.425000492063099955e+03
1.481421609859977480e+03
1.463447500793013887e+03
1.538597522241823299e+03
1.330604637829982721e+03
1.463090896691472153e+03
1.571925066023510226e+03
1.495263488974435859e+03
1.399976721257641429e+03
1.475181762136457564e+03
1.481333226633432787e+03
1.523214818926556063e+03
1.592634237201674296e+03
1.604906711971536424e+03
1.488001722535327644e+03
1.604574401171901172e+03
1.481216549360311092e+03
1.446093350153127631e+03
1.479949928634582420e+03
1.549157115513182816e+03
1.556724745531289500e+03
1.468607875575582284e+03
1.498091050262025647e+03
1.603968345853252231e+03
1.476555280318538053e+03
1.505760227913553535e+03
1.506277976108452322e+03
1.385513206550086807e+03
1.485344817369548537e+03
1.408548138552169576e+03
1.391525058723492293e+03
1.467548487615202703e+03
1.430285043946408223e+03
1.447333081152685281e+03
1.488344450383025787e+03
1.529460190429989098e+03
1.426833479356260568e+03
1.395159339405717674e+03
1.375110307636734660e+03
1.414943646259707521e+03
1.428856229219090437e+03
1.390616875713761146e+03
1.382403147356879344e+03
1.456518792678288264e+03
1.382715316765434181e+03
1.380151531889231137e+03
1.431633723898837161e+03
1.466098591256028840e+03
1.541544424199028072e+03
1.495098246338099898e+03
1.276020856207840552e+03
1.465373838498700479e+03
1.461582694417496896e+03
1.307176455957585858e+03
1.482466078140682839e+03
1.292771295788593079e+03
1.329532641893224763e+03
1.463298438544147757e+03
1.496965572615978544e+03
1.413468634487137251e+03
1.340423418937847600e+03
1.464598187494555987e+03
1.440776170170811383e+03
1.476522033618600290e+03
1.529766305894961306e+03
1.450724091748536921e+03
1.595709318745569362e+03
1.514218790421292169e+03
1.486057142841961877e+03
1.551366021522349911e+03
1.550906157003267481e+03
1.512019055010362081e+03
1.504812891616129718e+03
1.553287611338251963e+03
1.520609911654123607e+03
1.494724056648755322e+03
1.695891409288214163e+03
1.472046495494573264e+03
1.696429301006185824e+03
1.444371057316574706e+03
1.632885251514185484e+03
1.717151651615626406e+03
1.611005895790309978e+03
1.469034469572747184e+03
1.517944538686319675e+03
1.680750023194596906e+03
1.545197743078806525e+03
1.638470412363942614e+03
1.615088128473201323e+03
1.569085432961395782e+03
1.600164530016010303e+03
1.623945884052078782e+03
1.457801585934158084e+03
1.684646354213309451e+03
1.784140100167241371e+03
1.517539714382195825e+03
1.583439561664910798e+03
1.704696921064130493e+03
1.578852964189138675e+03
1.657268112787333848e+03
1.736065335158128164e+03
1.771047381345932536e+03
1.758822740871649330e+03
1.630300351640864847e+03
1.787365653972587779e+03
1.731799751565826227e+03
1.592753361271012182e+03
1.674636778811646991e+03
1.580934841092021088e+03
1.725581140636342752e+03
1.685268541950128565e+03
1.831794610297274176e+03
1.747042110373486366e+03
1.760847937646657556e+03
1.689088401388758939e+03
1.716163308128579729e+03
1.755913730445150577e+03
1.765214865881434889e+03
1.628673632420427566e+03
1.701937811655335054e+03
1.932582555300595914e+03
1.749144681342397234e+03
1.731383644996589965e+03
1.674139566135440646e+03
1.616353000852018340e+03
1.739506250054919747e+03
1.902007659197463909e+03
1.542897520762351633e+03
1.803708007679890670e+03
1.799280510486378262e+03
1.681632271648806864e+03
1.693697635884568854e+03
1.509283466395476580e+03
1.722158869647605798e+03
1.690716171303595502e+03
1.560173133714108872e+03
1.721160141816923442e+03
1.817848639959292996e+03
1.757010872303289943e+03
1.548678865999213258e+03
1.844119259020390928e+03
1.630978028636363206e+03
1.503764784290040552e+03
1.727507948358373824e+03
1.797865742942381985e+03
1.912118629372200985e+03
1.490106384151689781e+03
1.721724183932482902e+03
1.781920045846910853e+03
1.705386918355458874e+03
1.560672774318367374e+03
1.613334828464156772e+03
1.632699903743760615e+03
1.577687137098046833e+03
1.616146770162129087e+03
1.676626372132399865e+03
1.778945682013698615e+03
1.563645893579862786e+03
1.523869192952017102e+03
1.690478811265465538e+03
1.544235867229407177e+03
1.688125488931901600e+03
1.785180976692310651e+03
1.619665369814623773e+03
1.790725580931836475e+03
1.538281832983394452e+03
1.793684842154322723e+03
1.666609279867666373e+03
1.580166615779575295e+03
1.504528561176561652e+03
1.776832215137063031e+03
1.634680584587917110e+03
1.723326845753534599e+03
1.722152234806295382e+03
1.824219475916733245e+03
1.666829874358139477e+03
1.601486715872683817e+03
1.704273979117137742e+03
1.592134811713411409e+03
1.527125258279847458e+03
1.611653526368659641e+03
1.533768646458605872e+03
1.554093418196844596e+03
1.862868493830784701e+03
1.547228675907261049e+03
1.687991599069157928e+03
1.750132442756939327e+03
1.643507838636045790e+03
1.716444794772810610e+03
1.794924433243368640e+03
1.669096247953574220e+03
1.621127312861658766e+03
1.621352738118531079e+03
1.471008876435313141e+03
1.864944801621344141e+03
1.547518242646850013e+03
1.670762886741468947e+03
1.614368646376926790e+03
1.624095241762865498e+03
1.647908887457609126e+03
1.723077784860802012e+03
1.669202623376814472e+03
1.608990259510753276e+03
1.655657560447132710e+03
1.751958047832467855e+03
1.558868345146380989e+03
1.610302462584570549e+03
1.476891898117841265e+03
1.541274073470857275e+03
1.527920182585660768e+03
1.580869982153591081e+03
1.514421938546775209e+03
1.718572296444653603e+03
1.749551479768404988e+03
1.652970566028143821e+03
1.660573683931311734e+03
1.660468243991973395e+03
1.679669347658137212e+03
1.651593803239721183e+03
1.589354049985533493e+03
1.415886502460464044e+03
1.533644707941771003e+03
1.414102584130634114e+03
1.641555669768280950e+03
1.617950972822841777e+03
1.524196580261123017e+03
1.542028065417053767e+03
1.548208580152119566e+03
1.561583065691888805e+03
1.467445953622639763e+03
1.551821060445148532e+03
1.469663805181081898e+03
1.499563532580606989e+03
1.452556802754596447e+03
1.312660382158567927e+03
1.549630585657021811e+03
1.515628831961030755e+03
1.404327280981325885e+03
1.463016345656195426e+03
1.523488431724466182e+03
1.468777085035932259e+03
1.580285741792472663e+03
1.432646156873485324e+03
1.437865266336849345e+03
1.667373680416196976e+03
1.593566859007294852e+03
1.535514086323723404e+03
1.518752454109029941e+03
1.507147582745114732e+03
1.505024330821229114e+03
1.612637991051636391e+03
1.603055890801746500e+03
1.513458549267092167e+03
1.539927603074842864e+03
1.684144024325451937e+03
1.602966566766595861e+03
1.445275932062883612e+03
1.666393174626259679e+03
1.593083435204183843e+03
1.488644011337295979e+03
1.484855351659126882e+03
1.535176896639535926e+03
1.635179489283883186e+03
1.747709954302377355e+03
1.577530136821455244e+03
1.440353733414087174e+03
1.595606103724465811e+03
1.550858385427287431e+03
1.672484408638210880e+03
1.481525320986068891e+03
1.675888142327425612e+03
1.510034967815250639e+03
1.617895381686777000e+03
1.593558498739363586e+03
1.567001701579600194e+03
1.687038244963225679e+03
1.608411634281317220e+03
1.578671073240489477e+03
1.603564595969955235e+03
1.526607426994023399e+03
1.649128749695835722e+03
1.496873950756466456e+03
1.507113531261242315e+03
1.643469674579937646e+03
1.514469413093774165e+03
1.540923170574025107e+03
1.519026470176847397e+03
1.655006721268220645e+03
1.547191160792356186e+03
1.518939998121586996e+03
1.553408489939121637e+03
1.624355898566502219e+03
1.383864353181998013e+03
1.508486633441013510e+03
1.552399819697052862e+03
1.456296918862823304e+03
1.586979644466574655e+03
1.627200697809237681e+03
1.629901219889474760e+03
1.492999406539657230e+03
1.540418314880786056e+03
1.385580760735151443e+03
1.494670455231510005e+03
1.444740484977693541e+03
1.512857941944228287e+03
1.474723463362509847e+03
1.668884194941439546e+03
1.654400931436399333e+03
1.525159957633636623e+03
1.472256391129082658e+03
1.453698340995104900e+03
1.504467492918507332e+03
1.572142110008769578e+03
1.468874754909013973e+03
1.539305461500829097e+03
1.611521690998034273e+03
1.582926606470343359e+03
1.566420785647130742e+03
1.611076866346257930e+03
1.737462655248720239e+03
1.551889716612899065e+03
1.581851884646637245e+03
1.590758109480274015e+03
1.759743418493673744e+03
1.559760805784383820e+03
1.657357939671445365e+03
1.691459095954610120e+03
1.609504006026916159e+03
1.729541624745646914e+03
1.700458873165209525e+03
1.728894177649764742e+03
1.578331142142348654e+03
1.635709617215688922e+03
1.715420194680961231e+03
1.858062419662414641e+03
1.677274166428338049e+03
1.579157191140896430e+03
1.868590637779036570e+03
1.589580582086718550e+03
1.587236283913490979e+03
1.749254578599695833e+03
1.636133959542122284e+03
1.930076161384173702e+03
1.939766309030293087e+03
1.788775957229734331e+03
1.687178218491773350e+03
1.834669039440528650e+03
1.687504018655986101e+03
1.781400445079499605e+03
1.824448597785704578e+03
1.879591983661389804e+03
1.821452045434514503e+03
1.840581580525926711e+03
1.773946168737443259e+03
1.788203106747450420e+03
1.779697335758791723e+03
1.758681368865074319e+03
1.980129460011459514e+03
1.847074342099444038e+03
1.851369940044310169e+03
1.804809948645644909e+03
1.821584908025824234e+03
1.786268319717159329e+03
1.708306087228143952e+03
1.754503272380210092e+03
1.679173036059120932e+03
1.701286884832580654e+03
1.793910685868993824e+03
1.827511189529411695e+03
1.707218445440799314e+03
1.710461137184787503e+03
1.637600125999266993e+03
1.710357578700472686e+03
1.636716691903462106e+03
1.552954830027759726e+03
1.804180908911981987e+03
1.616638989610071803e+03
1.611220239862280778e+03
1.608261949737967143e+03
1.599389086133223373e+03
1.699601270124783696e+03
1.680621658631848277e+03
1.726821809865135720e+03
1.569118004580474690e+03
1.663706493882705217e+03
1.755909042672614760e+03
1.768554253132079566e+03
1.708052112149290679e+03
1.733518136486711683e+03
1.557675059662874446e+03
1.699899729546450544e+03
1.587484378459617574e+03
1.618939346167856684e+03
1.546818182358373178e+03
1.533369187653107701e+03
1.585953524935523546e+03
1.594060935354773164e+03
1.591440810935521085e+03
1.649928967299705619e+03
1.648445086321784174e+03
1.524798664335595731e+03
1.610798956813329369e+03
1.640507917269127574e+03
1.458501116597515875e+03
1.412322977458523155e+03
1.537387618092413277e+03
1.441559621944593118e+03
1.628086900782453540e+03
1.497345889557539522e+03
1.503039935211008469e+03
1.686475858375132475e+03
1.456890266451371190e+03
1.445916151640068620e+03
1.566163657402266381e+03
1.496601280166094512e+03
1.525821367155360576e+03
1.679650801825599501e+03
1.529028423829314306e+03
1.485137183365629880e+03
1.432873900102913694e+03
1.615023069235616504e+03
1.486114392804107638e+03
1.632535214194898799e+03
1.534646769141985033e+03
1.447212857351513094e+03
1.545773632726875576e+03
1.617568598574915995e+03
1.421261350486538959e+03
1.698465482015647240e+03
1.486627504322948198e+03
1.561151160559429627e+03
1.403433960427519651e+03
1.578307352843262379e+03
1.640663913251212080e+03
1.558998365585696774e+03
1.467339034245774883e+03
1.517269693480623800e+03
1.538791140672358779e+03
1.450357182748394507e+03
1.643462393985815424e+03
1.540689438495669492e+03
1.537871591325577810e+03
1.518236582961828844e+03
1.566082545044401286e+03
1.619464451179545449e+03
1.524861639981290637e+03
1.606218809558843986e+03
1.536902257231585281e+03
1.580367610720670882e+03
1.602920079411451297e+03
1.473908962663183047e+03
1.642980938839022656e+03
1.435186131446138916e+03
1.608209955097901002e+03
1.537196161980392162e+03
1.531342808919465824e+03
1.526576855633801642e+03
1.476613186597639015e+03
1.635090237055754415e+03
1.559030662526922242e+03
1.459956602460731347e+03
1.476880952443784281e+03
1.605074716855498082e+03
1.469194518962317943e+03
1.644700120016225583e+03
1.403338779505382490e+03
1.465658071618954864e+03
1.598531516971776455e+03
1.498027272750138764e+03
1.393265542814791161e+03
1.416273730625764756e+03
1.562597367820668751e+03
1.633408945632058021e+03
1.604720667918166782e+03
1.448420845232653846e+03
1.624288440658712489e+03
1.442692238670717870e+03
1.523439955225196627e+03
1.513760273058530629e+03
1.465676569144736504e+03
1.453292875287378138e+03
1.633386698331432626e+03
1.498716830907986377e+03
1.523939349720975088e+03
1.550155590833572660e+03
1.535952376083098216e+03
1.487649883392944275e+03
1.685802570574778883e+03
1.495461136096010023e+03
1.572711061406599356e+03
1.612598898026580855e+03
1.560589389743890024e+03
1.540403134958006603e+03
1.459221520774676492e+03
1.482621854072208862e+03
1.532311446802510773e+03
1.466858086235728479e+03
1.494621197902517679e+03
1.610986669712633784e+03
1.602601240776074064e+03
1.476953553715382668e+03
1.599264610527998229e+03
1.536671085168693935e+03
1.595667782197560200e+03
1.483755741625799828e+03
1.652498962343922585e+03
1.423927858356758861e+03
1.551521704507282720e+03
1.604599575831271068e+03
1.621511187235098078e+03
1.475893079527316559e+03
1.643770391204202042e+03
1.605557981936344731e+03
1.564879107156681584e+03
1.594913602411210150e+03
1.474658155989242687e+03
1.564457421889683928e+03
1.596662736196710284e+03
1.372147828965016060e+03
1.551624531252196903e+03
1.548468592919194407e+03
1.588835822163736339e+03
1.685747510057530690e+03
1.531738149809291144e+03
1.488808737309904700e+03
1.586490259880399663e+03
1.627162618072739178e+03
1.540606977249556621e+03
1.585648182486117094e+03
1.583409609140930797e+03
1.442113674359965444e+03
1.634103455173634757e+03
1.611658481652429600e+03
1.436207252781185616e+03
1.541967497432008031e+03
1.516984480557224970e+03
1.604454210293754386e+03
1.638689916150749696e+03
1.603245687364151081e+03
1.689388490718032017e+03
1.530810773253110483e+03
1.609810504095869874e+03
1.656892888488764356e+03
1.596512830916276471e+03
1.700595108245200208e+03
1.524931989203368175e+03
1.612859550750512199e+03
1.613688671511505390e+03
1.720771850688359109e+03
1.612771340903582995e+03
1.477450983090977388e+03
1.581635119690904503e+03
1.578614748062250555e+03
1.675963449127669492e+03
1.644687343172608280e+03
1.623795982682448994e+03
1.681227169863780546e+03
1.494206577379980899e+03
1.568269123848276195e+03
1.572296238199579875e+03
1.670830152743668805e+03
1.528951827198018009e+03
1.520599420853414586e+03
1.560186646056366953e+03
1.565831405640689809e+03
1.646238002797885656e+03
1.544245079679372793e+03
1.633859495790976325e+03
1.443008668255651173e+03
1.558743437176161024e+03
1.459864135363847254e+03
1.585284984274318049e+03
1.673065940901285558e+03
1.458721505515247827e+03
1.460974191872600841e+03
1.578077053276477045e+03
1.567768932392225452e+03
1.500123516631482744e+03
1.465488731796677712e+03
1.711056778124784387e+03
1.555122769132617805e+03
1.509026592353533943e+03
1.674540707984578148e+03
1.661114513082157146e+03
1.469581708376749930e+03
1.575802949989309582e+03
1.578586453816067660e+03
1.417706271086779452e+03
1.602653005107685203e+03
1.528156203711292846e+03
1.491655003873835540e+03
1.563970700393122570e+03
1.569987643948298683e+03
1.653988857725286380e+03
1.584656308773806586e+03
1.544538701816590219e+03
1.470106808950574987e+03
1.548563628530675260e+03
1.605782616583211393e+03
1.740622328917384948e+03
1.558368861201233585e+03
1.502136109601068711e+03
1.597331211511933361e+03
1.426314918148135121e+03
1.463171490728301023e+03
1.520454538371503304e+03
1.553573603594637916e+03
1.559256649627955767e+03
1.611016821597189846e+03
1.543076025148380722e+03
1.532665748149692263e+03
1.525779065910369354e+03
1.590512479856799473e+03
1.627224558695670112e+03
1.493922906964355661e+03
1.390500848307463912e+03
1.495547260269137496e+03
1.430781322653140705e+03
1.605421994074457189e+03
1.628291297321799220e+03
1.581753041535812599e+03
1.571909738742432182e+03
1.522169468654578395e+03
1.594998750060084603e+03
1.575990274828604015e+03
1.583066742599296049e+03
1.497619240953588815e+03
1.702743756936145019e+03
1.480064517793099185e+03
1.508858447662904382e+03
1.656646476256640426e+03
1.463225854287455149e+03
1.535314205173448045e+03
1.500502322983326167e+03
1.498978109417487758e+03
1.596425678528017670e+03
1.502176123604213899e+03
1.543392379545921813e+03
1.629272621231245694e+03
1.509423065503881162e+03
1.434738456425055119e+03
1.546509248897769794e+03
1.628584893792019329e+03
1.659590297610817061e+03
1.635641426501711521e+03
1.488431348459788524e+03
1.559519930284644488e+03
1.595971939091826243e+03
1.630441353196892123e+03
1.679207548793575597e+03
1.550545075395912363e+03
1.557924373387938431e+03
1.553115856324885954e+03
1.657030821470487354e+03
1.596971760260464634e+03
1.712962921632028156e+03
1.687957763782846996e+03
1.580526550550460342e+03
1.644804465650223165e+03
1.498549152671562297e+03
1.474031898397483701e+03
1.617351241475880443e+03
1.482124588112234278e+03
1.513960966437581192e+03
1.612298986676281402e+03
1.487521609474397792e+03
1.576453311032911415e+03
1.561804386042149190e+03
1.613959155798062966e+03
1.565705154447187624e+03
1.590359390729068537e+03
1.609530372959832675e+03
1.641593348425445811e+03
1.499104157527368670e+03
1.640807954054266474e+03
1.463550425136964122e+03
1.491270379387379990e+03
1.705930890218717195e+03
1.685890481102179365e+03
1.701843612480443653e+03
1.729092328092144271e+03
1.721885901183298301e+03
1.654047834347336220e+03
1.679976628723453814e+03
1.610482208677268318e+03
1.496795298588207970e+03
1.540141753022899820e+03
1.681962306869575514e+03
1.576071293471793751e+03
1.599096177457872500e+03
1.677247616842818388e+03
1.620909974595296262e+03
1.616047801905632468e+03
1.534146383111760315e+03
1.525163327765183340e+03
1.743709676475481501e+03
1.606452293402319356e+03
1.500348727877207466e+03
1.464612633366126602e+03
1.705122354940493551e+03
1.739893649471997833e+03
1.717160858562919202e+03
1.558785957110486834e+03
1.719414029317114455e+03
1.708556517834498209e+03
1.826181905443623009e+03
1.667864427760161107e+03
1.663824789338062374e+03
1.679276321776607347e+03
1.687953275844932705e+03
1.865302664316137225e+03
1.674374448895915293e+03
1.731931150096508645e+03
1.579297109799911823e+03
1.634319531521125327e+03
1.561367594838369087e+03
1.690734636414710167e+03
1.659862655830644371e+03
1.610840210285018657e+03
1.709369304806384662e+03
1.716207151776862247e+03
1.545991701076064373e+03
1.692401258335312832e+03
1.596444976002587055e+03
1.720143187077765333e+03
1.748178126471586666e+03
1.550041568952675561e+03
1.699541532265903243e+03
1.713615937720533111e+03
1.671557692462904242e+03
1.687216669489443802e+03
1.581249915017672492e+03
1.672685682590724809e+03
1.761703675473125713e+03
1.587558649174154198e+03
