-2.317926996074724684e+03
-6.691538310450316658e+02
-6.462473923590963523e+02
-6.002040126275941248e+02
-6.451742790026971761e+02
-7.656712681051201344e+02
-7.879873505444022612e+02
-6.026438626102593616e+02
-7.412860376541464120e+02
-6.203459609555271754e+02
-6.800988090620519415e+02
-7.268545744458215268e+02
-6.761736276556721350e+02
-6.903643291681031542e+02
-5.491315336895980863e+02
-5.102255271984499814e+02
-6.123780832375088039e+02
-5.223473159237119035e+02
-4.265438157727486441e+02
-6.659297934739008724e+02
-5.612628303163455712e+02
-6.832161165938864542e+02
-6.499496308422612856e+02
-5.439313260135777455e+02
-6.346667456919926735e+02
-6.892460789207552807e+02
-6.124008358439332369e+02
-5.717661137861197176e+02
-5.523517711096849325e+02
-5.893228039374339460e+02
-5.673676851681092330e+02
-8.287628996742532763e+02
-1.102842309523960466e+03
-4.936906809933343538e+02
-1.027828799693271549e+03
-6.282024197521805036e+02
-6.440959781962553734e+02
-7.291569916010797670e+02
-6.285644406078556585e+02
-6.694340980682355848e+02
-4.925980116496160122e+02
-6.859642678443922250e+02
-5.878495809640346579e+02
-6.179649303673401164e+02
-5.536625127133909245e+02
-6.226324967436427187e+02
-5.560100077639486926e+02
-6.907266956216934659e+02
-6.419382029825487734e+02
-6.569033582105347477e+02
-6.070803532734482815e+02
-6.487912441895412030e+02
-6.249627479790699454e+02
-6.163302138962652634e+02
-4.943956184098985318e+02
-6.892371537250876372e+02
-6.795604190269284572e+02
-5.658557186956138594e+02
-7.028147753792212598e+02
-6.038325403051652529e+02
-6.171635166999975581e+02
-7.104128387921415424e+02
-6.590954489273038917e+02
-5.520975110380029491e+02
-6.565123370082948213e+02
-5.678209448164412834e+02
-6.320061151304912528e+02
-5.917953858064390715e+02
-6.216800743878619642e+02
-5.639138119579183694e+02
-7.578783552676550244e+02
-6.001329786764571281e+02
-5.426062472161538608e+02
-6.704260025118117028e+02
-6.711187497120906755e+02
-6.979418715705731984e+02
-6.235258350059013992e+02
-6.161782704709213476e+02
-7.160876987329152144e+02
-7.254561361639490542e+02
-6.522954892827300455e+02
-6.679685780158730495e+02
-5.866944479600128943e+02
-6.438119000748681628e+02
-7.042121841792820760e+02
-6.631208153087911796e+02
-6.677308531669976901e+02
-4.998775262118316505e+02
-7.109346950736020290e+02
-7.104892663890824451e+02
-6.796890366302957318e+02
-6.910893212910824559e+02
-5.909518910405681709e+02
-6.771600989421147005e+02
-7.252029550295040963e+02
-5.818417005049735735e+02
-6.090238513516210332e+02
-6.545893061294449353e+02
-5.529695483548658785e+02
-5.485627403700950708e+02
-5.660051331766471776e+02
-6.597011929991447232e+02
-7.077363790703050199e+02
-6.904273289406903586e+02
-5.991087464948307115e+02
-1.020078086608005947e+03
-6.051513401835641162e+02
-6.569713756977455432e+02
-6.608924109935818478e+02
-6.223324780152017865e+02
-6.815342335624713996e+02
-7.073467878218915530e+02
-7.768220829694492977e+02
-4.947210616708703128e+02
-5.443428218045294216e+02
-6.759421818312533787e+02
-7.298085727018903981e+02
-7.334549865588580815e+02
-5.997278612880556921e+02
-5.692640737276663003e+02
-5.548344880636385597e+02
-6.474198291863506256e+02
-6.979687827790636447e+02
-6.620112585242272871e+02
-4.704845381830305087e+02
-6.077879704907963969e+02
-6.084395465979433766e+02
-5.845589307772847860e+02
-6.129810154385047554e+02
-5.642780855729230325e+02
-4.819980587369140039e+02
-7.592317328827721212e+02
-5.915137784877880449e+02
-7.691141699658251127e+02
-5.076714694050418757e+02
-6.524383377796622199e+02
-5.875574700383538129e+02
-5.004172550727806765e+02
-5.873980071099427960e+02
-6.373770192768979541e+02
-7.353707185876901349e+02
-6.749319073459297442e+02
-6.595292119888312072e+02
-4.852430583520498431e+02
-5.085035631023010865e+02
-6.492161494531967492e+02
-5.119602626623891410e+02
-4.779159126840509657e+02
-5.750335554332574475e+02
-6.488701398977766530e+02
-6.103779651699202304e+02
-8.222808943426897486e+02
-7.106916390042994180e+02
-7.376286894490031045e+02
-1.352664206506760593e+03
-6.273849932274679304e+02
-1.086199877912056763e+03
-5.239840032688725842e+02
-5.143373269470442892e+02
-5.859255750328862860e+02
-5.782502054547538819e+02
-6.373312943311973413e+02
-7.036375561522581847e+02
-8.567076220275534979e+02
-7.186946473148580026e+02
-1.346572306863988388e+03
-8.015177628976467759e+02
-6.468899208429230612e+02
-4.746861368179552301e+02
-5.913651400542506735e+02
-4.764819320155850733e+02
-3.877998865263800212e+02
-7.357972710507508509e+02
-3.773829429274189806e+02
-1.546392827082146084e+02
8.218328112666935112e+02
-2.622151965192963416e+02
-5.387063120389199185e+02
-1.689820745587443866e+02
-5.612607105144279558e+02
-6.531471141677005221e+01
-1.399308383997452836e+02
9.542923529973120367e+02
-2.633990876705404389e+02
1.651152254309079410e+02
-3.139682396042376240e+02
-5.063925684445727029e+02
5.807561937254852182e+02
-8.141255047929541888e+02
1.305599026693656924e+03
-3.547243741242276656e+02
-1.648997244585181079e+03
-4.636154437689414181e+02
-3.586569613475754750e+02
-5.878046983722641698e+02
-7.298687572022041650e+02
-3.728159316939793371e+02
-7.338799790708613955e+02
-6.154316816969962929e+02
-5.932939597061908898e+02
-9.785104381539669021e+02
6.755299424466140863e+02
-1.453137689498253621e+03
-6.715348370917033662e+02
2.520403586885915814e+01
4.568656594097674315e+02
-4.044068195525659917e+02
-8.359537431905152971e+02
-7.379990550445793360e+02
-8.163000070062616942e+02
-1.008803978694031684e+03
-7.156481209981955089e+02
-7.116599451378441472e+02
-7.584372453460273391e+02
-5.310485788901173692e+02
-7.774490449588223555e+02
-2.044301422035152314e+02
-8.130530440022517951e+02
-8.729598748770016527e+02
-9.183213858556863443e+02
-4.945055910793032581e+02
-4.779632303295911697e+02
-6.913152949648055028e+02
-6.472196097657115388e+02
4.837179517206710102e+02
-4.588218956581587804e+02
-1.751559675490117911e+02
-8.160561137109236824e+02
-3.992822313723025331e+02
-3.376691112515878785e+02
-6.577860723592525574e+02
9.510600559026096334e+02
-4.367363490896008216e+02
-7.196581908617778254e+02
-4.259296452926627126e+02
-4.314680957132883350e+02
-6.286505426554386986e+02
-9.843619167440292586e+02
-1.755723723390066652e+03
-7.863720756238667491e+02
-2.709545293513360775e+02
-6.347714140210423466e+02
-1.277147147022265699e+03
-5.104171494076969111e+02
-4.671803259661200514e+02
-6.943109116763174598e+02
-6.001071179672289873e+02
-5.887837494181312650e+02
-7.087744712995764758e+02
2.451351333923995242e+02
-6.851698949799447291e+02
-4.417849809950440090e+02
-6.937049307137352798e+02
-7.695304175143817247e+02
-6.137895342590938981e+02
-1.962969483630708396e+02
3.883988906006172783e+02
1.048399360553441966e+03
-8.950451198425088251e+02
-7.248040362718257938e+02
-1.295898358764114562e+02
-4.214574277978648524e+02
2.934903644635874116e+02
-4.225167907787757713e+02
-2.305613877606294011e+02
-7.541631850055255200e+02
-2.358562168128794383e+02
-7.813086720187538958e+02
6.284100408991782842e+02
-1.770171019947671027e+02
-1.534698085453614453e+02
-5.482126141902558629e+02
-2.146165674146403148e+02
-1.953138634833150604e+02
-3.894037446086102818e+02
-7.354833282118654552e+02
-2.386705628330631157e+00
-1.256139382572966497e+03
-3.508802549192628248e+02
-1.100083577429302750e+03
-3.090542772224376904e+02
-8.579521624641255073e+01
-8.516107617510859029e+01
-1.471525823889536014e+03
-1.386887228748266352e+03
-4.409425740617558631e+02
-1.483917541844208472e+02
-1.216551022084831402e+03
2.542125976151059490e+02
5.399244906461506162e+02
1.404478607266055121e+02
-2.675379465893577162e+02
9.798929396227356392e+02
6.259945605151820018e+02
6.962550058694803283e+02
1.235732343038979707e+03
1.145409838741620888e+03
-9.348139973795154845e+01
1.096610125660921312e+03
-1.671544839416669959e+02
-4.347084549728215848e+02
8.533904217918742461e+02
-3.923849902582967957e+02
1.045170814364533726e+03
1.302669439326013389e+03
1.057009737054441757e+03
9.135095757769893225e+02
8.572674269515889591e+02
-1.853181418796852427e+02
-3.681896974843892849e+02
-1.843158776368207157e+02
2.458073886996070030e+02
-2.825053116540194083e+02
5.516113970797371167e+02
-2.779463302440028087e+02
-4.062663235341543100e+02
-9.143225863752122677e+02
-8.846715577352327387e+00
-2.549093278696515767e+02
-2.480216364707661114e+02
-9.454496190854895303e+02
-5.733564912284060711e+02
-3.716332269614642883e+02
6.202608447924461643e+01
-5.204495741821690444e+02
-2.657729429920967732e+02
-4.268140603958064503e+02
-6.297503919206446881e+02
-1.017506975926079349e+03
-2.798148517418204619e+02
-7.675217011696102531e+01
-4.879695458519315707e+02
-3.102105603904367968e+02
-7.625582645802496700e+02
-4.074233374041145908e+02
-7.736610500652498104e+02
-2.498059072733936148e+01
-1.221017389646422089e+03
-1.013717585453221545e+03
-1.182855924234932559e+02
-3.858322389440669440e+02
-3.275105078004056622e+02
-3.421910180073356855e+02
-1.032074940239265572e+02
-3.952702748732906457e+02
-3.056192192789357023e+02
-8.925282288399816935e+02
-5.270475873982632464e+01
-1.511304589160662317e+02
9.445497256316053836e+02
3.011687533713964058e+02
4.726077307345302643e+02
-1.593390934434545159e+00
8.437799681547517139e+02
8.612477321990407972e+02
3.616021926416928522e+01
-1.165027386860345189e+02
2.171871251945595134e+02
-2.001581500951218970e+02
1.235854128656077791e+02
3.937250113501617079e+02
1.404439361581293610e+02
7.184598687618777149e+02
7.026789235772279198e+02
-2.708323534462859925e+02
9.262940897131625206e+01
1.789033707554130785e+02
1.010912647119472467e+02
2.349351652466249902e+02
1.544164100223000844e+02
-9.579288761662496654e+02
-5.829819693166729877e+01
-9.947456162335004137e+01
2.229164780380088473e+01
-1.756927601174214431e+02
5.410185791299193170e+02
5.110965029147582328e+01
3.634485214746782731e+02
-4.628471765269711682e+02
3.163443308909389771e+02
4.320482694603263099e+02
1.834366488461088238e+02
5.683640254491033375e+02
3.080083815499578463e+02
7.678344010039380692e+02
6.176083592864870297e+02
6.666324976991978701e+02
8.006118476496419589e+02
7.470351842125285202e+02
8.995674946795211326e+02
1.100278083386131584e+03
8.114325033074248950e+02
6.713394251698694006e+02
7.676168962287601971e+02
1.112509041570714089e+03
8.419479472053812970e+02
7.293016381609819518e+02
7.596343554882544140e+02
6.090020170215346980e+02
4.079355976312974690e+02
6.861706149860136748e+02
8.037353251608957407e+02
-8.327587401289041509e+02
9.168655917929294219e+02
4.008938947131869668e+02
6.300987843679596381e+02
3.452702112993052879e+02
6.832633196718337558e+02
8.606345903531781687e+02
8.097684302707079951e+02
6.202034812066834775e+02
8.844140442357372649e+02
5.797337783580505857e+02
6.225141413009881717e+02
3.422329379827488083e+00
6.777120997356464613e+02
7.537861064819246621e+02
3.926656162843204925e+02
6.608985702430111360e+02
-1.083074307188664989e+03
-9.305636619929532571e+02
7.528923955481051280e+02
9.175115602413670786e+02
4.325595962618994577e+02
-3.112412366144006910e+02
6.515719733048003945e+02
8.987892104898205616e+02
6.134118768207757739e+02
6.358042246633373225e+02
3.208966154472819881e+02
4.248634358119050489e+02
6.372790963512229609e+02
5.630105077380451348e+02
5.031418455909166596e+02
-3.498387299712360345e+02
6.542973331951695855e+02
3.209526059979826300e+02
-4.683103018535085766e+02
2.241202302511005655e+02
4.428655927561517274e+02
3.718442964563615760e+02
5.961137053017163225e+02
1.860781295545011460e+02
-9.537945369905656889e+02
5.253528205071875163e+02
-5.393460596094382709e+02
1.455627131806898547e+02
2.251231424778580958e+01
-7.369470990340934691e+01
1.240768694007870465e+02
-6.669163117028901411e+01
-1.887753278615777219e+02
-1.181624121399494527e+02
-2.112808719855576101e+01
-6.270860131011451131e+02
-6.195636508591593383e+02
-6.656144478309862507e+02
2.007726951105850617e+02
-3.085515194307709521e+02
1.123226835021266936e+02
-3.598132660239261327e+01
3.164020116465887611e+01
3.473431121252119738e+02
1.980882915933192407e+02
1.069681237145989314e+02
-4.441112499353158682e+01
-7.734132388417884840e+02
-6.039843643284043537e+02
-6.790072222360829528e+02
-6.020911971036438217e+02
-2.570719415298107151e+02
-6.418521530173717338e+02
-2.755845154991108075e+02
-4.361480702802953715e+02
-4.652460989265044873e+02
5.420886626855619284e+01
-2.082581336124621316e+02
-2.355966089358905720e+02
-3.466161112951135692e+02
7.168361193447954065e+02
-5.104645025770720963e+02
-1.028723949774793027e+02
8.748753195839537966e+02
1.391710574671773202e+02
-2.103874809388943277e+02
-5.386903459446206455e+01
5.623599178682491129e+01
-6.492922108343333321e+02
-8.260440628024242926e+01
2.250798216073089009e+01
1.690732241565384015e+02
2.566386929771549035e+02
-7.604336609466733989e+02
-1.930874931620986104e+02
-5.194138107002137303e+02
-2.158203932311185724e+02
3.342236883840652695e+02
-2.787624870311845484e+02
1.432557660517199736e+02
1.890154615670162457e+02
-1.027747642747089998e+02
1.286759348041809972e+02
-5.354900496406376931e+01
-1.691844032144663856e+02
-3.889521102372316932e+02
-3.474204793847357564e+01
2.331336225701142553e+02
-1.632392351696828996e+02
3.478083004650159182e+02
1.595284543265385651e+02
-3.852863415653566221e+02
-3.853001928867352035e+02
-1.742457709730967963e+01
1.716745461153276722e+02
3.371411682161767942e+01
2.352112565284496952e+02
-3.095101104217317811e+01
1.395641151893804590e+02
2.751934813145551857e+02
6.986904802699008314e+02
6.486030647105551452e+02
3.219056800677340107e+02
5.210544949078839636e+02
-2.972054887803880092e+02
4.989554332964409014e+02
6.978818597906386003e+02
8.623236307354657129e+02
1.163896084626009269e+03
8.929014554912812400e+02
8.351083760656264303e+02
8.694651405977405147e+02
8.273280472347228169e+02
5.826448380482738685e+02
6.026485441315254548e+02
7.055543572896806381e+02
8.806411160214224765e+02
6.627736714457566904e+02
8.310231507625089762e+02
8.308135348251690857e+02
1.108648595586541205e+03
5.395466874440973015e+02
1.151024291934416851e+03
1.297808105748991466e+03
9.805740154600157439e+02
1.279631341271352994e+03
9.609589256537640267e+02
1.145864781497563854e+03
8.890023786104368355e+02
1.127123646254318146e+03
1.258019511773252816e+03
9.901176204369862717e+02
8.530952358413513821e+02
1.155680868201164913e+03
1.314105896744777283e+03
1.261001141950488773e+03
1.365049361140793280e+03
1.118437778708650967e+03
1.306296003627008076e+03
1.388526067285545878e+03
1.257642256472620147e+03
1.427853640207216131e+03
1.430495438269850411e+03
1.451616429332636244e+03
1.701560912626298432e+03
1.389887667395198378e+03
1.492548462058126916e+03
1.428068087237568534e+03
1.320825914987144188e+03
1.364612416674789301e+03
1.535687353071369216e+03
1.343972313520856460e+03
1.170494398780252368e+03
1.392826762331183318e+03
1.232597789837653863e+03
1.230884361402193008e+03
1.437802266638488618e+03
1.196140239500099824e+03
1.366065361702517066e+03
1.415677822461891537e+03
1.309255469767648947e+03
1.323575639860549472e+03
1.413625589005738675e+03
1.497347150700086331e+03
1.381347757352642247e+03
1.309724401338673033e+03
1.350857525761757870e+03
1.179293982959920868e+03
1.283429635024811432e+03
1.316286853102384384e+03
1.517140429490924362e+03
1.139578814451393100e+03
1.359898175690743074e+03
1.319296608862241328e+03
1.258053339006750775e+03
1.319796486582825310e+03
1.270651824388745354e+03
1.417543587125793238e+03
1.293558069657591432e+03
1.443442628618611252e+03
1.306036332486406081e+03
1.162055339942188084e+03
1.326436181943312477e+03
1.447908769744636629e+03
1.368678394973760533e+03
1.280267026675921898e+03
1.438132148462625537e+03
1.492381205678708511e+03
1.364693838358547055e+03
1.315780052389146476e+03
1.758459281816298471e+03
1.541649326147746251e+03
1.502865358154248725e+03
1.534581961392694211e+03
1.564114374676457828e+03
1.305511612672454703e+03
1.387053387024042422e+03
1.254448173321474997e+03
1.284773803927462950e+03
1.506403904743936209e+03
1.244471122728606815e+03
1.262053518064670243e+03
1.200783412299865631e+03
1.324016348004012798e+03
1.166457992694465702e+03
1.153923109657316672e+03
1.168477805266977612e+03
1.161396159419494552e+03
1.125767711282701157e+03
1.034330634276900810e+03
1.084557281795510789e+03
1.032644015288966557e+03
1.111388103456994941e+03
9.952748498848393410e+02
1.112919017461612611e+03
9.135012725861757872e+02
9.880464396050207370e+02
1.085944087761153241e+03
1.200473132197671930e+03
1.200936982055550743e+03
1.291016842809330228e+03
1.028779558882540641e+03
1.041908056836670085e+03
1.119458544635563840e+03
9.971894109078634756e+02
1.177573305165724605e+03
9.670382389411676058e+02
1.229143597192723973e+03
1.166456423475857719e+03
1.293755766539956994e+03
1.157285546902827491e+03
1.155089922661862829e+03
1.147375331357063942e+03
1.098720631659459286e+03
1.035652149472396786e+03
1.251056988354265286e+03
1.098163771227287725e+03
9.982614668589898201e+02
1.115519939490376601e+03
1.169002924133267925e+03
1.104702728846981699e+03
1.086948475713915968e+03
1.046114560033222688e+03
1.050455801424133369e+03
-6.792583677543511840e+02
-6.031457934499940166e+02
8.659251987358865108e+02
1.084777370479698675e+03
9.952612647779990311e+02
1.130084803973285034e+03
1.002218486985054597e+03
1.090269438231830009e+03
1.111850807451911805e+03
1.123283577631752905e+03
-5.994186834899210226e+02
1.226999008544504704e+03
1.196914203445210660e+03
8.916386559576933450e+02
1.165273082376287221e+03
9.498868562276621788e+02
1.395972421016801036e+03
1.348924224846443622e+03
1.172722093077837371e+03
1.341039062984280690e+03
1.118088624308015142e+03
9.464819668373113473e+02
1.410288608227980149e+03
1.242359071516223821e+03
1.213088959108709332e+03
1.298176026167773443e+03
1.211377765332860690e+03
1.097639771978044791e+03
-2.528661382693649557e+03
1.170777021002769061e+03
1.282841948330890318e+03
1.458882583090987282e+03
1.299518426422180710e+03
1.237901872368483055e+03
8.839388499447877621e+02
1.088214794238248487e+03
1.293910815089160224e+03
1.129876297666295613e+03
9.369617365876357553e+02
1.200507962502263126e+03
1.188875835433783550e+03
1.322707286288106388e+03
1.146354461262118548e+03
1.396711439594941794e+03
1.407083345218689374e+03
1.463408288081288447e+03
1.441428876098984347e+03
1.452498827391468240e+03
1.272409989621656678e+03
1.402749251895178304e+03
1.419464991954565903e+03
1.173084005360004767e+03
1.520742239137709021e+03
1.179949654187070564e+03
1.376740780036818933e+03
1.258407818669952121e+03
1.142123584347437372e+03
1.240751884990934286e+03
1.309462783641076385e+03
1.422602200764292093e+03
1.273729034540599059e+03
1.068162180448394110e+03
1.109541375407346322e+03
1.102625187516892083e+03
1.045468033429109482e+03
1.381916786418475567e+03
1.450866404024857957e+03
1.266546824349684357e+03
1.154579071532053604e+03
1.303573180886183991e+03
1.429605905938966771e+03
1.337740726478139095e+03
1.143322373645862172e+03
1.296219055053925103e+03
1.178367821901891375e+03
1.004373829500426382e+03
1.339604344056247783e+03
1.364846796106321563e+03
1.318647674288000189e+03
1.579779895353303118e+03
1.171698475845570783e+03
1.368650490031798654e+03
9.465919540665405520e+02
1.358450752000918555e+03
1.152271963935835402e+03
1.315290630432456737e+03
1.173063808536388024e+03
1.241298727029072325e+03
1.046636626826136307e+03
1.402840396090113245e+03
1.119561056195141191e+03
1.270058463288120038e+03
1.281374552629566779e+03
1.219034071425659477e+03
1.219321022437579586e+03
1.261898409886247464e+03
1.190511958836469830e+03
1.268965036749786350e+03
1.332400811029162924e+03
1.188107263224849930e+03
1.208211732707786496e+03
1.420257758354224279e+03
1.268511185493442099e+03
1.381468852134433064e+03
1.141322506805838202e+03
1.475116865398875234e+03
1.408808934963259844e+03
1.563534490644405196e+03
1.484789812669667754e+03
1.361280574586357943e+03
1.310793886648362331e+03
1.236861026766998748e+03
1.422726711021302663e+03
1.314435417682572279e+03
1.356031975670864540e+03
1.514092559273962706e+03
1.172188051982276875e+03
1.291180157893710202e+03
1.246028690045424582e+03
1.243318462068721601e+03
1.097230649615216407e+03
1.406733442567874590e+03
1.260438333612219594e+03
1.390363575417427910e+03
1.319146736751722528e+03
1.525352307695458421e+03
1.538236497356622976e+03
1.317242260527111284e+03
1.197380161674841474e+03
1.419935099682102418e+03
1.321982761899381330e+03
1.754362314581630699e+03
1.386878455372547478e+03
1.440214685003100385e+03
1.267524523504919443e+03
1.411300004121589382e+03
1.500420448530470821e+03
1.794402124848743824e+03
1.235002292693646268e+03
1.528136923586541798e+03
1.494622956561253204e+03
1.506823129586026198e+03
1.425935964812802013e+03
-3.859935765262162022e+02
1.350491594604504598e+03
1.541737666681524843e+03
1.406888503280920759e+03
1.513558517557572486e+03
1.396052320941395465e+03
1.207501410625913877e+03
1.458606562106902629e+03
1.290479743556065614e+03
1.462486904354690978e+03
1.556735934549343028e+03
1.373075734778877177e+03
1.591802419920902594e+03
1.442014203888682459e+03
1.495193176424729018e+03
1.534435166569478270e+03
1.462836784637769142e+03
1.575938576579757182e+03
1.373402227521186205e+03
1.415905302876165706e+03
1.491453704826296416e+03
1.368539747342183318e+03
1.434989310016513400e+03
1.387871720597861895e+03
1.325521874377710219e+03
1.521160461052019855e+03
1.421733143811579794e+03
1.418736601171606708e+03
1.477594706822406806e+03
1.347184411754589064e+03
1.453735719893149962e+03
1.472441400561332557e+03
1.410885602621136059e+03
1.387652994676055641e+03
1.490210589381494628e+03
1.295719130709156843e+03
1.404753013343841531e+03
1.379810572758470244e+03
1.287022604413576346e+03
1.266212497129587291e+03
1.333095168348231027e+03
1.487707617831556945e+03
1.454759885540931464e+03
1.380301230557120562e+03
1.270421240199697195e+03
1.225028282983730378e+03
1.476651486847700198e+03
1.290234780491336096e+03
1.409645234425625631e+03
1.342124597991265546e+03
1.356670453175170451e+03
1.383760119512952315e+03
1.556198621499215960e+03
1.344737863283904971e+03
1.644163285953880631e+03
1.411950357636573926e+03
1.408012646940237801e+03
1.464231526312806864e+03
1.348710803476060391e+03
1.462426919276942499e+03
1.409946882807298152e+03
1.261376303179745491e+03
1.308013407493146588e+03
1.460090536830022756e+03
1.431196078004968967e+03
1.369737232747352664e+03
1.379420921339818051e+03
1.506287910983497568e+03
1.407068895633566171e+03
1.399209554374642948e+03
1.599530928405688655e+03
1.304930983323149121e+03
1.543187417408200190e+03
1.421194973302917788e+03
1.394158745374713362e+03
1.356021580457733762e+03
1.388425336314841843e+03
1.480741419870620348e+03
1.270470023337507200e+03
1.521784579253067022e+03
1.386299080364459314e+03
1.361124337266909151e+03
1.355706554140527487e+03
1.430517483245434278e+03
1.580083481386093808e+03
1.433604463328799966e+03
1.410990102347944230e+03
1.520638600819882640e+03
1.356557775081504587e+03
1.336102055755166475e+03
1.528104746705549132e+03
1.157820648473850270e+03
1.491716113756598588e+03
1.303677291652084023e+03
1.251581737009574681e+03
1.034157521515992357e+03
1.084356042400771912e+03
1.460542496683278614e+03
1.157869291506957779e+03
1.278777995951169487e+03
1.210836993343129961e+03
1.016216540064629953e+03
1.146605011096118233e+03
1.144103474209593742e+03
1.251923879927282314e+03
1.265702046247008866e+03
1.426932796901844085e+03
1.389314086392343597e+03
1.443938682328005598e+03
1.518357101167096971e+03
1.524244464852715964e+03
1.425300767233925399e+03
1.446050619922911437e+03
1.343857235292526184e+03
1.618706573538496286e+03
1.358150319401798924e+03
1.311440702561112630e+03
1.530295460737024314e+03
1.359929020092073870e+03
1.638267670106972673e+03
1.509984388716172361e+03
1.517271303761927129e+03
1.550036764968294165e+03
1.550144032740819284e+03
1.643702745304949303e+03
1.575137061323466696e+03
1.639651898848678684e+03
1.722747794516934391e+03
1.503317005103225256e+03
1.676220682850671892e+03
1.749481904907088165e+03
1.690305200541228260e+03
1.791264690376301587e+03
1.828451542215756945e+03
1.672172704496562346e+03
1.509499151483417563e+03
1.623880872224244285e+03
1.644044711359032590e+03
1.899470020981285415e+03
1.567006737859438772e+03
1.544735551165664901e+03
1.723763699790064948e+03
1.736117249011608237e+03
1.703815124215270316e+03
1.550999945651410144e+03
6.230738727404980182e+02
1.579264039747381958e+03
3.261186865560621300e+02
1.484665973417822215e+03
1.747058421389282330e+03
-5.987079414373437203e+02
1.526965593355345391e+03
1.748944760095493393e+03
1.548615158064061234e+03
1.618766203753088121e+03
1.733224737193975670e+03
1.579351054493072297e+03
1.654071852139023349e+03
1.621676888780487388e+03
1.764113872184777847e+03
1.580383563346500068e+03
1.658216599180007051e+03
1.689998324435781342e+03
1.708216813734702328e+03
1.506962584524783551e+03
1.546216984970765225e+03
1.578136184838884674e+03
1.644682891553603213e+03
1.615656838278541727e+03
1.718387955732443288e+03
1.686957477671921652e+03
1.632813567564926416e+03
1.687638843961402699e+03
1.628529034004507366e+03
1.662035722419414014e+03
1.800379638311133704e+03
1.638020348418018784e+03
1.595084267330649482e+03
1.653997249909456741e+03
1.378542996217657446e+03
1.483453180556115285e+03
1.482187855657007731e+03
1.679164151549289727e+03
1.652203993075857852e+03
1.419151185116814077e+03
1.749940119641762521e+03
1.601556528712543695e+03
1.694028543476764071e+03
1.625511230683346639e+03
1.920377323440777218e+03
1.610450229197146427e+03
1.465709351676252254e+03
1.622503090054991617e+03
1.434149920968213110e+03
