-2.317926996074724684e+03
-6.691538313741664297e+02
-6.462473903136665285e+02
-8.493664733902093076e+02
-6.737516691446271579e+02
-6.993764765360813271e+02
-6.505552143736098287e+02
-6.879170023058100014e+02
-6.822721377203367865e+02
-7.049328080810828396e+02
-5.970177338479068112e+02
-6.262028754700584159e+02
-6.937554827791777825e+02
-6.224395785297504062e+02
-7.096425315484978000e+02
-5.543251924556412860e+02
-7.194605990421201795e+02
-6.494585818880633497e+02
-6.583404544107700076e+02
-6.514006870094023043e+02
-6.540896465127826787e+02
-6.771910033852921060e+02
-6.925589799037937837e+02
-6.867561484437976560e+02
-1.068197921000454699e+03
-7.029217719606988339e+02
-6.375577972772454132e+02
-5.839511616521377846e+02
-7.436518804183614293e+02
-6.292576607129976765e+02
-7.190576452850172018e+02
-7.835825283130894832e+02
-6.516195452494821438e+02
-6.100996012167747722e+02
-4.759598794939187769e+02
-5.174145468516408073e+02
-5.995352249089366978e+02
-5.539081031353285880e+02
-5.547894548393784362e+02
-7.082995871336472646e+02
-6.282431245337861583e+02
-6.166066920030580150e+02
-6.453631262081428304e+02
-6.305178477739920027e+02
-6.123199021969959404e+02
-6.338964235730234122e+02
-6.319379158403811516e+02
-6.300840571326414192e+02
-7.790249526652162331e+02
-7.561293232440883685e+02
-5.252474121694781388e+02
-7.169974982174339857e+02
-5.900275217431360488e+02
-7.782105959907390798e+02
-5.965189490331559909e+02
-7.696323595002623961e+02
-5.955286017244632149e+02
-8.372416800397444376e+02
-8.107253980561503113e+02
-6.301109960680598761e+02
-8.132556022733056125e+02
-6.454151489353794204e+02
-6.579660590714067894e+02
-7.146546446001519826e+02
-6.482281811307259431e+02
-6.267636360645776676e+02
-6.608680207116489100e+02
-7.220539403723303167e+02
-5.696557313496771258e+02
-6.919298207536116934e+02
-6.723841032874847770e+02
-4.765675939238517458e+02
-6.791095929561764706e+02
-5.100314747403754723e+02
-7.633167129006734513e+02
-5.182229347968334423e+02
-6.960867238566382866e+02
-6.164156133186189663e+02
-6.484344355663522492e+02
-7.455571504893912334e+02
-6.739395855569759988e+02
-5.690849911620771309e+02
-6.413333234401966365e+02
-6.883859788218611584e+02
-6.514758436914661388e+02
-5.782702412881714054e+02
-7.704423184646841491e+02
-6.603948246111106073e+02
-6.406977553622324422e+02
-6.417708934297517089e+02
-5.520908040616120616e+02
-7.277376791202365212e+02
-6.679684233118421162e+02
-7.476918652729347059e+02
-6.276779534448606910e+02
-6.830539365900930306e+02
-6.208374745363076954e+02
-6.796329207775013401e+02
-7.444381457101679871e+02
-7.076770184258618883e+02
-7.432186697444329866e+02
-6.410390190795340004e+02
-6.892053650241931564e+02
-7.478736331557694257e+02
-6.999588832258395996e+02
-5.779881200826446275e+02
-6.552927518982867241e+02
-6.160015590614385701e+02
-6.526351665581822772e+02
-6.586427933325276172e+02
-5.982048517959029823e+02
-6.220758977697577166e+02
-5.284296777458191627e+02
-6.435982968651163674e+02
-5.856798593693448538e+02
-6.170719178957942859e+02
-7.609546414727498131e+02
-7.122595266026044101e+02
-5.821379615681656787e+02
-1.091488089796344411e+03
-1.073812529739619094e+03
-8.239356406022911870e+02
-1.056342847951628755e+03
-8.615192675621685794e+02
-5.517443890944484792e+02
-8.493894236306327912e+02
-8.036485945893059579e+02
-7.553213126117477714e+02
-1.129262970761611541e+03
-5.933963478075754665e+02
-8.331104317077894166e+02
-1.126335125809160672e+03
-8.493212494812498790e+02
-1.105584513154553406e+03
-8.682913472842733427e+02
-8.019617987999254183e+02
-8.705535365282773910e+02
-7.177975035399397257e+02
-8.544220084595790468e+02
-7.270042885167767963e+02
-7.714300970912674984e+02
-7.537312009415993543e+02
-8.289784543391790521e+02
-7.133409570592822320e+02
-7.238688561030814981e+02
-8.567992573350966268e+02
-1.092875474137189258e+03
-7.061938173521433555e+02
-1.252385195762020658e+03
-8.142394901098793980e+02
-4.638090064454108870e+02
-6.871347589593856355e+02
-7.790486964906940557e+02
-9.273828037320045041e+02
-1.026006077679112423e+03
-7.366655823031305772e+02
-1.183732449903246561e+03
-8.675536865632849413e+02
-7.340397465263663435e+02
-7.720746940689203939e+02
-1.207484923078337260e+03
-1.039905624460622221e+03
-5.870399884546864087e+02
-6.556918642559554655e+02
-8.929916737692130937e+02
-5.476242572773843449e+02
-6.981857648289926601e+02
-5.932628496398040170e+02
-6.392926912919516553e+02
-7.493734623472981866e+02
-1.208014388653034302e+03
-1.143466556056180252e+03
-6.303942658107791885e+02
-5.778087706095217300e+02
-1.003433587264983998e+03
-9.200643055863815789e+02
-1.060975974328672464e+03
-6.792667909541327163e+02
-8.219996014918300489e+02
-5.218314851007519337e+02
-6.136037255090186591e+02
-6.839556209933220998e+02
-7.390079807378875785e+02
-7.650611720668954376e+02
-7.046321035840715012e+02
-1.713413379161515593e+02
3.298518935523781579e+02
-3.018061666627500017e+02
8.039270698247834162e+02
-4.723208437327172078e+02
-2.696455958702083535e+02
-3.604251432164077187e+02
6.532989031112877001e+02
1.577782014515244953e+02
-7.156961452443511007e+02
-1.026176302472248381e+03
-1.417248501798755342e+03
-5.182380701150220830e+02
-6.845451425894705153e+02
-5.136197531481869873e+02
-5.832948899284980371e+02
-6.520050434544262998e+02
-8.797763912091601242e+02
-7.805716874440738593e+02
-6.400905665763078787e+02
-7.244970581076287317e+02
-4.344498943149883985e+02
-5.415357344519215985e+02
-6.144957490515184872e+02
-7.061602325017856856e+02
-6.858650740241195081e+02
-4.706174474214527663e+02
-1.079639021788102809e+03
-5.090167793652989872e+02
-9.102872200915919620e+02
-6.453558765201464666e+02
-5.009823903903278506e+02
-7.349140836215881336e+02
-2.686925599601582917e+02
-5.087669339743839032e+02
-5.776145038505489993e+02
-5.619125386765589383e+02
-6.020226074267754939e+02
-7.601495334381675661e+01
-6.686944427779897069e+02
-6.349531283556541439e+02
-1.581196892046325956e+03
-6.840921793034202665e+02
-7.630332948243283226e+02
-8.484542406117709561e+02
3.877643370432834047e+01
-5.637749648832085541e+02
-1.045089369090197124e+03
-5.207573992393776052e+02
-6.120011298784683049e+02
-5.134322347658378476e+02
-5.361184857727557755e+02
-6.053410203963742333e+02
-6.132440513458693658e+02
-1.074453608065919298e+03
-5.045266947123561181e+02
-8.861011613736986874e+02
-6.998112092791732266e+02
-5.883928666211421614e+02
-5.650957841824407524e+02
-6.587281900507706496e+02
-9.926796855870618401e+02
-7.909443743583324249e+02
-7.032876961755389402e+02
-7.523522150711763743e+02
-8.698819419285853201e+02
-4.276302606056892728e+02
-4.690357407688080684e+02
-7.663137879823070762e+02
-7.717924204531607302e+02
-6.191945137390761147e+02
-7.601197601139373319e+02
-8.477183637621217258e+02
-1.455416067269480891e+02
-9.489637270616177602e+02
-1.626906905321354998e+03
-9.027327376127371963e+02
-5.666195065869748078e+02
-5.554070184952050795e+02
-4.818172020255450434e+02
-3.970037062458932837e+02
-4.694953562131591980e+02
-1.070173623454540746e+02
-7.351975480040229058e+02
-1.676330688486717690e+02
-4.927590145926566265e+02
1.391968838975379299e+02
-6.879131734067016168e+02
-1.032146716929417153e+03
-7.441438901745843850e+02
-6.894987675894985841e+02
-2.510289105500746132e+02
-7.901551594570560155e+02
-6.280439053270531247e+01
-2.639508311304438166e+02
-7.002936450732718185e+02
-5.904115192968811243e+02
-1.147881495454844298e+03
-1.176361512214566801e+03
-6.762647079259929797e+02
-7.665479093648224307e+02
-8.781719283098535698e+02
-6.839595525523327524e+02
-5.163816289937767579e+02
-7.929958029373439103e+02
-6.690647983687673559e+02
-7.334149727284202527e+02
-6.971166758750501913e+02
-6.049730334461897883e+02
-7.911768009047073065e+02
-7.865621172623525581e+02
-5.586523437611890586e+02
-5.141182293463133419e+02
-9.440747905948014704e+02
-4.297425482717979435e+02
-6.829612049133006622e+02
-5.119122939430897077e+02
-8.322633777632617011e+02
-1.332418291693050151e+03
-5.877253759243811828e+02
-5.279788020740207912e+02
-8.841074771643161512e+02
-3.874293396919243833e+02
-3.833244674871363600e+02
-4.427251921049434031e+02
-7.476800778253776798e+02
-6.906976084782806993e+02
-5.339938575194835266e+02
-4.805743318845060799e+02
-1.148396157825468663e+03
-1.119932538412209624e+03
-2.454412051640201753e+03
-4.098625858756958564e+02
-1.117462955275735339e+03
-8.253661073228889791e+02
-6.143157479352795463e+02
-6.768115293785165250e+02
-5.135874043292201350e+02
-5.918767144712813888e+02
-6.835431760820538329e+02
-6.748237402675637213e+02
-1.991000289550606794e+03
-8.403643778773109716e+02
-8.329507068833772792e+02
-4.929064156333881215e+02
-1.052730576164192826e+03
-3.091266729982695551e+02
-1.009271975841554877e+03
-1.957080635116897440e+02
-8.749140651511587521e+02
-3.288456404224177163e+02
-2.294543582785026956e+02
-4.445009325956274324e+02
-1.060206702507980481e+03
-1.215076678565297016e+03
-7.581910348961893078e+02
-2.107335581109974498e+01
-3.420617847645594793e+03
-7.406109532935233801e+02
-9.249418587012575017e+02
1.976437755532048755e+02
-1.376089264135587200e+02
-4.526923577898815552e+02
-7.233221763022833102e+02
-8.430203698350899231e+02
-6.894593813070497390e+01
-8.463854438291575661e+02
-8.849953907516585332e+02
-2.686033976149270757e+02
-1.270089211330576518e+03
-6.907288442357277063e+02
-7.852775847852492461e+02
-1.026273325409739073e+03
-3.356451733804051685e+01
-1.307319345275756177e+03
-2.828588038704974110e+02
1.570308711129230517e+01
-1.260394000576257895e+03
-1.103509804051165702e+03
-1.067054236333014842e+03
-5.432901983984918388e+02
-7.297386122523927270e+02
-5.844283559757259354e+02
-7.517864557919806430e+02
-4.838682735951228153e+01
-5.075131755343940085e+02
-9.527657005066946567e+02
-7.024258504949716553e+02
-3.175267507603405193e+02
-4.277091611648731373e+02
-5.518517311600926405e+02
-4.849606423508611215e+02
-4.749078890029857121e+02
-1.131467709303630897e+02
-1.724509838718238370e+02
-2.801796637982799609e+01
-2.670258595263563848e+02
-6.172942015064471661e+02
-2.274650634695626366e+02
-3.366161117065726671e+02
-6.405650884057712346e+01
-8.216708839662609307e+02
-6.209510521889638994e+02
-2.260987047265443834e+02
-4.811457934979693505e+02
-1.936546734439916690e+02
-4.500602075304164487e+02
-6.781000628930452194e+02
-6.584941953317536445e+02
-6.737483441126837533e+02
-2.202268687494800474e+02
-2.580544848697710449e+02
-6.536225483133686112e+02
-9.027751036868085066e+01
-5.090481656172504472e+02
-2.689172164795397748e+02
-2.024903056364096301e+02
-6.098850246108145257e+02
-5.860404442888993799e+02
-4.274166400872311300e+01
-3.267704018521316698e+02
-5.335873315461149105e+02
-1.425371443905916067e+02
-5.104955050964048837e+02
-6.822681393101796630e+02
-1.255534452536405894e+02
-6.662841892178382750e+02
-4.758934738456051150e+02
1.425813759104623557e+01
-2.964369833842318371e+02
-6.380156445138783283e+02
-5.868907708259890796e+02
-2.707639448146898644e+02
-3.073415970568873377e+02
-4.547694361708996666e+02
-1.181818495138165872e+03
-7.255686996153725659e+02
-6.150014151059973528e+02
-6.161772296109470517e+02
-6.005767232926604038e+02
-5.973219883807034876e+02
-7.234347800941729929e+02
-3.220961071569929572e+02
-6.730403181465266016e+02
-1.112446351621805206e+03
-8.490406945829015513e+02
-8.385368953640503378e+02
-3.831297817034913464e+02
-5.800620599190283428e+02
-1.221520158039490980e+03
-1.782765170237872212e+02
-3.949188529788870028e+02
-3.983905177207695374e+02
-1.036791697155547354e+03
-5.631327079371477566e+02
-2.942798050530779506e+02
-2.870468129691872150e+02
-9.101417631787055598e+02
-3.491136481343870059e+02
-1.192550614312997141e+03
-2.264813105416728263e+02
-6.269085752790371089e+02
-5.160580683012196914e+02
-1.844853212514590837e+02
-7.106473134647724237e+02
-8.400561636494668392e+02
-1.149599131186767636e+03
-2.753046159933793433e+02
-6.888346082431926334e+02
-3.656002283346172703e+02
-3.353383343775027470e+02
-7.611542661519814601e+02
-2.239871360422781379e+02
-1.714575409782373072e+03
-8.007332033991335720e+02
-2.386940883479216780e+02
-3.323643978055379762e+02
-1.670065740954414935e+02
-4.014332237889173030e+02
-1.267331521263689353e+01
-2.566981233862949011e+03
-6.737654640374067867e+02
-5.663996763021383458e+02
-6.513220337124896560e+02
-1.083509614172249258e+03
-9.448481640623447220e+02
-7.481656910526247657e+02
-2.841469998694894912e+02
-5.802455411876735525e+02
5.089434961176593220e+01
8.786727309446381184e+01
-5.162904486142367659e+02
7.615598655822493868e+01
-5.369041529695447252e+02
9.800372362888420241e+01
1.776109814041183483e+02
-2.843542937518911913e+02
-1.105552678606304653e+03
-3.376057001604442576e+02
-7.198416678056571527e+02
8.770841335942367323e+02
-6.488375602411001637e+02
2.339331093640218171e+02
-5.821856679222414641e+02
-7.945783205371186568e+02
-3.261222685871277349e+01
-1.992384100663502124e+02
-9.347609313117854981e+02
-5.469997413522681882e+02
-1.229932678906228148e+03
4.415683263247749437e+02
4.988351785542331527e+02
-5.441309318534728163e+02
1.292693918992137583e+02
-8.153562382729601268e+02
-9.584454619082026738e+02
-9.750734667455211593e+02
-3.714138701801218758e+02
-6.731449777196583000e+02
-1.872672806802273499e+03
4.502430589366998674e+02
1.485828738443483132e+02
-2.871626711484485668e+02
-3.828889716856490963e+02
7.537336740211161157e+01
-7.457538362532565088e+02
-1.095528344929341301e+03
9.543870204300394562e+02
-4.126926160318188295e+02
-5.460528004350394440e+02
8.668039955321769412e+02
-1.041852134283264377e+03
1.077380466859995749e+03
-3.453099753329580039e+02
-1.358193052055963108e+03
8.523693276515396064e+02
6.982745376758002749e+02
-7.025301074653336855e+02
-1.020315588561152026e+03
-6.752921048805133069e+02
6.201367777479574670e+02
-5.937286820999231622e+02
-5.400875543717752407e+02
-2.314042821934575613e+02
5.525809379650396522e+02
4.781292081355713890e+02
5.966470681361048491e+02
-5.368355069008464397e+02
3.185212687544531036e+02
-1.474360401257342346e+03
-7.685014268021712951e+02
1.609517437328200344e+02
2.169649469740354277e+02
2.322986310035451538e+02
2.877691512351095753e+02
2.797896241077492618e+02
-9.152503348439084903e+02
4.673851225422951075e+02
5.711977555176795249e+02
4.990439396578010474e+02
3.721833833860008554e+02
-1.447712581621515028e+03
4.834472173859816166e+02
4.453294510300823958e+02
4.013280802582244178e+02
4.460528419096057746e+02
-6.891794692858367171e+02
4.850661617089239712e+02
5.349438834390036845e+02
7.621136745691043188e+02
6.595880116640925053e+02
-7.241211798449501202e+02
5.258261426255410242e+02
7.290343201162362448e+02
4.497480236479538576e+02
-7.685315785102790187e+02
1.074416433376645728e+03
-7.604888618298857637e+02
6.306683213175850824e+02
7.200434254492993205e+02
1.011057977155442131e+03
4.988378638076449647e+02
1.579955323047502134e+03
1.701205712038809907e+03
-2.557040074919063954e+03
-8.380609122868954728e+02
-1.562546595184530588e+03
-8.246444286821874812e+02
5.207593931505145974e+02
3.064557159644857620e+02
9.631816468261374666e+02
4.962663459666534322e+02
3.880058131533712640e+02
3.814187294804473822e+02
1.022786763490662906e+03
1.279143731341781859e+03
4.680227825130388624e+02
1.997632500716008508e+02
3.223988043130899541e+02
1.158481486012360619e+03
1.975432417984252425e+02
-1.139309888457517445e+03
1.300525518313660768e+03
-7.929044060175795039e+02
-6.803970263365996516e+02
5.944335929970123971e+02
-9.761936990272561161e+02
6.607205790773455192e+02
6.391855603960831331e+02
4.529414544035864196e+02
-5.799120528801901173e+02
1.262029733488211377e+03
1.017578058532588898e+03
5.981451094236502968e+02
3.871178946345967802e+02
4.189693975355313569e+02
8.538752498158077060e+02
3.728104935158164608e+02
4.820159650384629231e+02
3.089814151867738587e+02
1.063551588300311323e+03
8.179501770100694102e+02
5.667526342110061250e+02
8.084083375328489183e+02
-8.328050045315500256e+02
-5.778637439219376120e+02
-6.783098847706645529e+02
4.696889031418915579e+02
-8.136000165386858498e+02
4.615213592550801991e+02
6.015511999817750848e+02
1.534518302442178879e+02
5.040463237931625144e+02
-7.520306170844168037e+01
5.316704212729340497e+02
1.279303758886547939e+03
-4.162467400455975053e+02
-6.151288256426863654e+02
-1.810744552614553982e+02
5.533910089613211767e+02
2.709334292200155687e+02
1.161132744707773782e+03
1.717510455101066782e+03
1.170835156061062662e+03
1.595533939188699605e+03
-6.910637989549920803e+02
-9.097050154645396560e+02
-6.229839165112741739e+02
1.085312657963763968e+03
-8.496188610601770961e+02
-7.927813786231025688e+02
9.724222868722320072e+02
-8.454989050285997791e+02
8.521072278590263522e+02
1.187839498817384310e+03
-1.009382705834600870e+03
-6.231527374385922258e+02
-7.222638626295763515e+02
-1.014391573489396023e+02
8.966934316424353710e+02
-8.792212463760547507e+02
-1.102160585739057524e+03
-1.492055385522743904e+02
-5.334632550733629159e+02
-9.549933142967328195e+02
-7.167378095663509612e+02
-8.000172204920481818e+02
-7.728439950406661865e+02
-1.257741637711130352e+03
-6.851813556299645143e+02
-7.538301640860082671e+02
-1.015878940972029682e+03
-5.784884198895189229e+02
8.400679485133339313e+02
-1.027417335442542480e+03
7.022400589646229037e+02
7.744574392560117531e+02
-8.209106321775366268e+02
-5.858629191634838662e+02
-5.280598351906435255e+02
1.091696517500063692e+03
9.404019802333890539e+02
6.451217458167481027e+02
-5.600951976541226713e+02
-6.535551476494350709e+02
-9.734367767841170007e+02
-7.508967691491392316e+02
8.213516504657582118e+02
-7.693083226811901341e+02
9.154153659919041957e+02
8.385804206690310139e+02
4.255242738591410898e+02
8.735378546101603661e+02
7.036636946276812523e+02
9.117761919035136771e+02
7.600536887683568921e+02
1.124033329704716380e+03
-7.945571098296592254e+02
8.681618656075221452e+02
-1.415498649305308390e+03
-8.052133822333953503e+02
-6.901634134967075624e+02
8.352315150953101011e+02
1.085867608079389584e+03
9.663677230816622341e+02
1.127642559936343787e+03
1.091677754657051764e+03
1.153730404923485594e+03
8.865804610325234307e+02
-5.845049135150150050e+02
-7.893490912156050854e+02
1.049868070430458602e+03
1.087705665484268138e+03
-6.296347137502172018e+02
-1.138089793908104184e+03
1.019939332215896798e+03
9.354373811681984989e+02
9.524935381048921954e+02
1.079100033889942779e+03
1.181343870132772508e+03
-9.427981594113271058e+02
-6.223484001834193577e+02
6.810986995034570555e+02
1.027395499595265392e+03
9.378542144518605710e+02
1.103477492236976332e+03
-6.055958798416978652e+02
9.542176781287774929e+02
9.893915464476745001e+02
-5.118253702688122075e+02
1.245791440745942964e+03
1.238157103132277371e+03
-5.367767634619408454e+02
1.243541473378988940e+03
8.090507133309200754e+02
1.018883277515177383e+03
1.115597499426022978e+03
1.127430211439808772e+03
-7.015373267569442532e+02
1.078092970857712999e+03
9.579666778880384754e+02
1.303520699360147773e+03
1.224828812172563175e+03
1.180842501128616050e+03
-7.490406244656178387e+02
1.309239057597387045e+03
-5.487445667450112978e+02
-7.901356079707023810e+02
1.199017068492370072e+03
1.166530189474880217e+03
1.174171601533822468e+03
-6.048405600493100565e+02
1.201831645827145167e+03
-7.910598922769461296e+02
-6.166042107340456369e+02
1.360128928258978704e+03
9.271380540850004763e+02
1.185455343539468686e+03
6.532327814306705704e+02
-1.103737178869059932e+02
1.237322468665011911e+03
8.108600303430953318e+02
7.365623562654146781e+02
8.384156776396260966e+02
1.127845292753305330e+03
-5.452119496466834789e+02
-9.743667145104810743e+02
1.250974068270691305e+03
-9.739254968065971525e+02
1.246088175202319690e+03
1.046614710192610801e+03
-6.274134134995812246e+02
1.062985376797549861e+03
1.070006373252168714e+03
9.970121047933207592e+02
-7.486176554831912426e+02
1.120249987376989111e+03
7.542662266704853664e+02
7.825070458740131016e+02
1.080973228845064568e+03
-9.293514254617961114e+02
9.545225860278854952e+02
-6.808444018367049466e+02
9.771639892144785335e+02
1.011853563239935056e+03
9.784072348238098584e+02
-5.974593640179809881e+02
1.022320385780776746e+03
1.076022711837873203e+03
-7.171847686943891631e+02
5.378701416165331466e+02
1.764940135460530541e+02
7.739537477170417787e+02
6.440173174025492244e+02
6.748501553964274535e+02
-5.749446069640132464e+02
3.968316392321787589e+02
2.638046475628455028e+02
3.930478054405015200e+02
1.006166171012255063e+03
-5.876118743978722136e+00
5.622781588427947099e+02
7.296651315397772350e+02
-6.702289162652660934e+02
5.592725018409116728e+02
4.580001561983453939e+02
3.413460153094508769e+02
5.812284894896218930e+02
3.457263098856697638e+02
-7.251593077962636471e+02
5.566024991752478854e+02
-9.518402886288395166e+02
1.061473635760753950e+03
9.921358483847745902e+02
5.011311240403995839e+02
-5.998165158652809623e+02
9.313289285218938858e+02
8.817127984912228840e+02
-7.208497196102345015e+02
8.876547768650779062e+02
8.731455599115857922e+02
-6.251258424143939010e+02
5.933282786781038567e+02
1.212480820143025085e+03
1.133906375299648289e+03
1.280532237066008747e+03
1.490406824801046923e+03
-1.004522500740841565e+03
1.028349950965296784e+03
-6.487397554240756108e+02
1.112431621250688522e+03
1.235550945715718171e+03
-7.746398661422132363e+02
1.092689831912925911e+03
1.361115867220365999e+03
-1.021804129016224579e+03
1.421111564800804672e+03
1.278497257877793572e+03
1.358194673045038826e+03
8.857176157650652613e+02
1.217055266045299049e+03
1.387867745129360628e+03
1.258173543465401735e+03
7.713580368990709530e+02
1.459180687559910893e+03
1.393199548992310156e+03
1.300160120636658803e+03
7.035935894458365283e+02
-9.440144428840914088e+02
1.344685928835772984e+03
1.158047891236868736e+03
1.450991010654536467e+03
1.223691679866858294e+03
1.341548030852923830e+03
1.150905887507026591e+03
9.280665932462719638e+02
7.756156394369879763e+02
1.203397992424521135e+03
1.020269380734332117e+03
-8.559868555868572457e+02
-1.456338862686231778e+03
-4.954446281205396758e+02
1.084754295126120724e+03
1.150020107794627847e+03
1.183313316770351321e+03
1.230098383444152432e+03
1.060807633483443169e+03
1.324618583253840825e+03
1.157523041398833811e+03
1.126987453053774971e+03
1.099896983733432080e+03
9.221461737861984602e+02
1.113014643123801079e+03
-6.115505383222725868e+02
1.003736882518553898e+03
1.082984871028566204e+03
1.096073462119165242e+03
1.150852357751925183e+03
-1.899627357494076477e+03
1.147096205583869505e+03
1.039272359657544257e+03
1.179770314926644687e+03
9.652087699841730455e+02
1.003378956283693924e+03
1.259656946394638453e+03
1.283049461976963812e+03
1.468122699539185987e+03
1.084604612497007793e+03
1.075822803249782964e+03
1.100916141204011637e+03
1.301660665027127379e+03
-5.456436774970740089e+02
1.320391441252135110e+03
8.834666566685548332e+02
-9.234575199443631845e+02
-6.981334487214743376e+02
1.470052237165811221e+03
1.630935550533161859e+03
1.026949073899661926e+03
-4.703552086841355617e+02
-1.032663471115541142e+03
-6.798008414956651677e+02
9.720017940191673915e+02
-9.473044894614502027e+02
-2.397549166735711424e+03
-5.457022339735458445e+02
1.333979044256042243e+03
1.039129766352165461e+03
1.054607989578639490e+03
-5.330433103340146772e+02
1.079990737217831793e+03
-9.322118272209568204e+02
9.660341406689701671e+02
9.645915452747346990e+02
1.128191326760883157e+03
7.620820149977513438e+02
-4.660415511537864859e+02
-6.052706165428223812e+02
-9.544409971219279214e+02
8.563620371408674146e+02
1.327797409162350959e+03
-9.423465823021393817e+02
3.495247731237763560e+02
-1.363059967221530314e+03
-7.242943368523881418e+02
7.314182338478942711e+02
-3.894493098369291033e+02
7.694686814073697860e+02
-8.186880425678121753e+01
-9.923484267276545268e+01
8.282673342278286555e+02
-8.435709439756169559e+02
-1.465583051465159997e+03
-4.766077371893824193e+02
-1.441070439768704148e+02
1.095090111340772410e+03
1.752749744579838591e+02
-9.681700820759010639e+02
6.428743585315685323e+02
7.382902102333231369e+02
-6.655020729435429985e+02
-1.594057726046054086e+03
2.364380098360346949e+02
1.887088989640544412e+01
-2.305943634452852109e+02
3.425191573083184267e+02
4.147900538551516547e+02
-1.146160557542700644e+03
-9.627993839250235624e+02
-5.450501982314174256e+02
-3.997742199664755844e+02
-3.508932958062096077e+02
-1.201710442733410673e+03
-3.157819749987252180e+02
-3.715658062326067466e+02
-7.367322715064532304e+02
-4.771142030384410759e+02
-1.144909578192785375e+03
-1.091729666785364088e+03
-5.152060155753655408e+02
-5.466448559891052810e+02
-3.443949948449588874e+02
-7.883300944395755323e+02
-5.100450122242443172e+02
-1.148195041424138481e+03
-8.209808928230728498e+02
-8.475568216519728821e+02
-9.963584513616143568e+02
-1.499835994531989343e+02
-2.522653290202016478e+02
-8.190704761022764160e+02
-6.059995474866154836e+02
-1.461213512637473514e+03
-1.752231222846457115e+02
-4.781536624540023013e+02
-5.063992471565478581e+02
-4.542503494366730479e+02
-9.561008539019433101e+02
-8.635728850817906732e+02
-2.544120024091309347e+02
2.632447244858599902e+02
-2.504853055979100418e+02
-5.788193173900252759e+02
-6.474819632828910017e+02
-5.418405060576924370e+02
-5.936434188945399910e+02
2.684578047070070852e+02
2.983007764729134124e+02
-8.263964880471241941e+02
-2.438287433597203744e+03
-5.586273746588369704e+02
-5.807326546833912744e+02
-2.748699458338249428e+02
6.015690181922886950e+02
-4.467194048767233312e+02
4.043823574002267378e+02
-9.911055713352724297e+02
6.688026159644207382e+02
6.424981131833998234e+02
5.145100886213066360e+02
-4.727818871121406232e+02
-1.308327910356061921e+02
-6.001261852899871201e+02
4.063847963736368456e+02
-5.137000950706569711e+02
3.642984846656256082e+02
-1.577352682042803451e+02
4.222226857178366544e+01
-2.946136206095734522e+01
6.373239860686546763e+02
2.830402310312009035e+02
-4.922272413282487378e+02
-5.999753154234178965e+02
-1.095310506967534138e+03
-3.513055059268882729e+01
-6.311144293185953984e+02
-6.937581319437116463e+02
-1.615164591515616848e+03
-1.104914034181905436e+03
-4.885417212934771669e+02
-1.090428977637533450e+02
-5.154989666229073464e+02
-4.939986339865861851e+02
-5.172210996058227011e+02
2.200141127313681295e+02
-5.001940672705678708e+02
-4.841826748253845381e+02
6.473668405505836745e+02
-4.914353018253618757e+02
-5.612883058132269980e+02
-2.409297618465890992e+03
5.921494149045415725e+02
1.396401389975451366e+02
-7.736459929102948081e+02
8.371607083610762174e+02
-1.129007085318234203e+03
7.082124201128243612e+02
8.007147807416299656e+02
7.789275383237666119e+02
-4.715238928452232585e+02
6.088757729158509164e+02
-6.993689711773857880e+02
-7.067125684354770101e+02
-8.124851312508120600e+02
-6.248825173044212988e+02
-1.358940313732529603e+03
-7.838953953249372262e+02
8.690277859155144142e+02
7.158325302695509436e+02
1.987685805999969944e+02
1.370158563997789997e+03
-6.663391887379035552e+02
-6.715870617347349025e+02
5.076571030823222230e+01
6.321685945519382130e+02
-1.046755713698546970e+03
1.145655206587717657e+03
8.346682015011081148e+02
1.230151963984392751e+03
8.730808522413051378e+02
9.321433444300091651e+02
7.901317182126945227e+02
9.256252622477518344e+02
1.926660761487613911e+02
7.381022194751860752e+02
-1.363159193248510292e+03
9.878792926603623528e+02
1.044587369450149936e+03
1.447270048293596119e+03
1.287435239703719617e+03
1.137533328367116837e+03
-4.514615272681594433e+02
-6.831569778585110271e+02
-8.524384722702521913e+02
9.346082643530625091e+02
-9.321756259895706762e+02
-6.820396893269711427e+02
1.533719933714646004e+03
1.192457607310780304e+03
-9.730049957162383407e+02
1.165723209763325485e+03
-8.875505116516436601e+02
-5.035937825938219703e+02
1.442253953965445362e+03
1.140991296002497393e+03
1.247063067673523392e+03
1.524951957432148902e+03
1.445251177704021757e+03
1.384554730237211743e+03
1.005670509019426504e+03
1.226974782062896566e+03
6.691639500336433457e+02
1.082994087307680729e+03
7.006851691925402292e+02
-7.356706950821998134e+02
6.960069978046785764e+02
1.135641389871859019e+03
-8.550168513971952962e+02
7.722374038034938621e+02
-1.237534728321591501e+03
1.393803060089283008e+03
9.974702628658017147e+02
7.161192223449273797e+02
-2.959630736335346342e+02
-1.041112877625428155e+03
1.717461664186931330e+03
1.186028817150665645e+03
3.126911585115464050e+02
1.556981653492450732e+03
9.212222091392269476e+02
1.033142710979736421e+03
8.312097952829410588e+02
1.756815332178077824e+03
1.705448078652361801e+03
1.786142303312427430e+03
1.800121603559833375e+03
2.043111675409696090e+03
-1.154840620038733505e+03
-9.179643817997184669e+02
1.202397666401333481e+03
-8.284023808030848386e+02
-7.258147517414397498e+02
1.134035046310931648e+03
1.082984178649367550e+03
-9.996632100851311407e+02
1.107124871835893600e+03
1.150789994741588771e+03
-9.444996177155725263e+02
8.286437978978376577e+02
1.195707267287151581e+03
-8.266176918737093047e+02
1.221823615078345028e+03
1.109938701966177632e+03
-9.441406498733127819e+02
1.192463922916567071e+03
-1.473333273044089992e+03
1.102073024478425623e+03
-8.928092420996470082e+02
-1.120997553150808471e+03
-9.837844740808810684e+02
1.114937196777604868e+03
1.311025389279931005e+03
-1.076850252009660608e+03
-9.063383107400923109e+02
1.335373314103691655e+03
-1.013759128584305699e+03
-1.212526441669770747e+03
1.265528151198829164e+03
1.255091036014283418e+03
-1.532616581273460497e+03
1.487585887139983697e+03
-8.806613439079989121e+02
1.768405976313259544e+03
-6.721212571157864204e+02
-2.861377668455476453e+01
1.438266572359800193e+03
1.658547649628411136e+03
1.333304548373202351e+03
-1.170463084032793631e+03
1.202816463718990235e+03
1.182217213729014247e+03
9.263059654006654000e+02
-7.923272294488488114e+02
1.022115917055219256e+03
-7.425997431016351129e+02
6.821788623450978548e+02
8.020275428752156586e+02
8.261959964093529152e+02
-1.197318715266841537e+03
-1.284888115505649239e+03
8.891922479915685926e+02
5.283691802734002749e+02
6.973044696077356548e+02
2.264273291422025522e+02
1.419010325731334206e+03
7.832587330688720613e+02
3.576661038343111727e+02
-1.143184508818304721e+03
-8.188573862509504124e+02
-1.314569503018339674e+03
-4.568587994966080714e+02
-1.106588156690452024e+03
-1.056431740040849718e+03
-8.458734674200868540e+02
-9.325950327180655677e+02
-7.168519084045524323e+02
-1.053330362612117142e+03
-6.096520088384962719e+02
-5.931443023382098545e+02
-1.481429399242220370e+03
-1.113262037460133342e+03
-5.399130349177861490e+02
-1.085817271773786160e+03
-8.368727126375248417e+02
-9.942806125589978592e+02
-1.103526070489100903e+03
-1.205519427329049904e+03
-1.866557787600353549e+03
-8.642676939361635959e+02
-8.840608216704272309e+02
-8.071070159489490834e+02
-9.007500537241463689e+02
-1.174345856955806539e+03
-1.234683690938528343e+03
-7.351268535464349725e+02
-1.669711708783570430e+03
-1.306113744938312038e+03
-1.040121112170348169e+03
-1.032311848539366792e+03
-8.033827943732896983e+02
-1.346938604612381823e+03
-6.594701664917638482e+02
-1.011525950647230047e+03
-8.612521687100805821e+02
-1.532364140813828044e+03
-9.368994106068886367e+02
-1.818392463557337351e+03
-2.081865260978366223e+03
-7.604519767519547031e+02
-1.371147983939423057e+03
-9.629055901590475059e+02
-1.048296904686789503e+03
-2.020644481220508624e+03
-1.586247503001043924e+03
-2.126512878540533620e+03
-7.354319787535755495e+02
-2.095620090357751906e+03
-5.988771446806638323e+02
-1.626197918726135867e+03
-7.236600643510929558e+02
-1.402460854105725502e+03
-1.837585647019496264e+03
1.299330818309318147e+03
-1.191431569658297576e+03
-1.187772390133495946e+03
-1.062802995847561533e+03
-9.479319970453456108e+02
-6.402990760731970568e+02
-1.134712684314364878e+03
-9.382278824907344870e+02
-1.308785728035220700e+03
-8.904131634564590740e+02
8.319380588943396333e+02
-1.500594786806149159e+03
-1.552456643440615153e+03
-6.345054985884996768e+02
-1.481762781336331727e+03
-1.337724437735110087e+03
-7.265379388460590917e+02
-6.778672642323922446e+02
-9.379344283340947186e+02
-7.378689114472658730e+02
-7.472242650192341671e+02
-6.915383702974836524e+02
-8.097568756529766461e+02
-2.345841076564352079e+03
-8.032757968212356445e+02
-1.273876100411108155e+03
-7.912091065132373160e+02
-2.175514512877637571e+03
-1.439984375444168791e+03
-1.233556394021896949e+03
-1.606596019921430752e+03
-1.909343807565852785e+03
-6.625020267372658509e+02
-1.519662304702379060e+03
-1.068390224273877038e+03
-7.829769193238254275e+02
-7.203169362343742250e+02
-1.557976377103130744e+03
-1.565549385337262265e+03
-7.546569126173404811e+02
-5.671115607055800183e+02
-6.109078496518847032e+02
-2.173456363031439651e+03
-7.079542349864418611e+02
-2.375194788564930604e+03
-1.889597161773682501e+03
-1.082466672461375538e+03
-1.383471462048086096e+03
-1.499823661901760488e+03
-1.501683289349361075e+03
-2.703446266901333729e+03
-1.387713393763832300e+03
-2.122231321402951380e+03
-5.624734409304774090e+02
-7.051896174781090849e+02
-2.547156082915477782e+03
-1.877912143589177049e+03
-2.028544689276928693e+03
-1.554928438329776782e+03
-6.939442129777721675e+02
-1.447999294096431186e+03
-9.634546865270242506e+02
-1.102974234900704232e+03
-1.655345191729195449e+03
-6.465855866234090854e+02
-1.496990405175503838e+03
-1.410140797422470769e+03
-7.168982732983929509e+02
-1.202952719658328988e+03
-1.357664294481945717e+03
-1.230451901629920258e+03
-7.236819403534830144e+02
-1.443516304496386738e+03
-1.139747232805247677e+03
-8.986692501735199130e+02
-1.408847965455187477e+03
-1.280145575999937819e+03
-7.275889100555911000e+02
-1.638739151513596653e+03
-1.157419602917198290e+03
1.313050034414854508e+03
-9.398385359396477270e+02
-1.534378537627705782e+03
-9.872450937119936043e+02
-6.622065953708881807e+02
-1.801003267872315519e+02
-7.538890760102685817e+02
-1.112591415823026864e+03
-6.518490560100343600e+02
-6.136117958514353177e+02
-1.367258462032538546e+03
-1.329155221899362232e+03
-1.568022313140794495e+03
-1.206362767615288249e+03
-7.205486071103313179e+02
-1.162842817122774022e+03
1.304879154967890599e+03
-7.164388916056299195e+02
-6.776284320066191640e+02
-1.277489374080010521e+03
-1.322105916638932285e+03
-6.897601362283444359e+02
-1.349382295923581978e+03
-1.788740492356035247e+03
-2.159815238873897670e+03
-8.535950332401598644e+02
-1.167878149815707957e+03
-1.338261460775523346e+03
-6.838422754297682786e+02
-7.029628344927607486e+02
-1.418773298426199290e+03
-7.225021574991637863e+02
-1.728005182431119465e+03
-1.727450132715662676e+03
-2.419068650765329096e+02
-7.319882623360676916e+02
-9.105475385659806307e+02
-1.304188752692386288e+03
1.341578874871920789e+03
-1.235490237254050044e+03
-1.051176731265188664e+03
-1.135504530940155064e+03
-1.005039934891080975e+03
-5.576049503894215604e+02
-1.457666094668536289e+03
-9.111971480475947374e+02
-8.926546716164330064e+02
-1.184782819900166260e+03
-1.653741989628198780e+03
-7.472466407634765346e+02
-8.008459594353155353e+02
-1.900815825993014869e+03
-5.994802732404061771e+02
-9.084856101148836842e+02
-2.056770949982768343e+03
-1.893501832219338212e+03
-1.594874122998099438e+03
-4.714329914946578128e+02
-1.983136454817387857e+03
-2.225703470957427726e+03
-5.314544357835393384e+02
-6.549243019978298435e+02
-1.453798369954810596e+03
-1.564704548241598332e+03
-2.056927860317526665e+03
-3.140319369160954466e+03
-1.119369865325053752e+03
-1.957635702441267085e+03
-9.899478063312673157e+02
-6.614392892905133294e+02
-1.117350502862215080e+03
-1.635486445398263641e+03
-2.119594404215133636e+03
1.469129342208259459e+03
-1.481816943316576271e+03
-6.716163041777640501e+02
-2.306639667638355604e+03
-6.450183432775091887e+02
-2.778849552327781566e+03
-5.550635203041158547e+02
-5.207492165654509790e+02
-1.383343473413100355e+03
-1.800607378028319999e+03
-9.417016998806717538e+02
-1.322053452064715657e+03
-6.710035455258783941e+02
-6.659966641653903707e+01
-1.670609124056187511e+03
1.170513816510668221e+03
-1.316395906174053607e+03
-2.408956965696241696e+03
-2.054454881448761626e+03
-2.441970599871191098e+03
-1.523241310296837128e+03
-1.513865469518513919e+03
-1.718098086937270409e+03
-2.068561524375627414e+03
-6.575951089658061619e+02
-1.612582321960158197e+03
-8.800807277704489024e+02
-1.699990292599358781e+03
-1.382591652010339885e+03
-1.693371258805810385e+03
-9.888064306150960192e+02
-1.744458205976869294e+03
-1.534499976027164848e+03
1.325458372439159575e+03
-1.976838415579303046e+03
-1.443362257694981281e+03
-6.579487695397665448e+02
-6.977753663491864700e+02
1.205941141565623639e+03
-5.965101416539553156e+02
-6.378937218999552670e+02
-9.235203498920551510e+02
-5.120324724746278662e+02
-2.341861815002456751e+03
-2.076530063698106005e+03
-1.758002787588028923e+03
1.173397529678005185e+03
-1.622898542150540834e+03
-1.985890655675455491e+03
-1.597092070865365486e+03
-6.078270641611761675e+02
-6.878910543388745964e+02
1.497980364152972470e+03
-1.540850568709718573e+03
-8.884666008383883309e+02
-1.773067826655769295e+03
-6.079420898042906174e+02
-2.345080465894880490e+03
-1.917661996041001885e+03
-1.182854472349127036e+03
-6.045943029935830282e+02
-1.747598394777860904e+03
-1.370695915557631452e+03
-1.116418847758877064e+03
1.187842429404057384e+03
-7.067931054133814541e+02
-8.029403496208774413e+02
-5.568995777286293105e+02
-2.144226805085846536e+03
-1.978105624012779799e+03
-1.921721705527241966e+03
-1.568573165763914176e+03
-1.595760970174957492e+03
-1.781639142013561695e+03
1.058214108791629542e+03
-1.993406117150890168e+03
-2.625775493571881270e+03
-8.011093889324761221e+02
-6.807468978885838169e+02
1.169821150072432147e+03
-5.826137612559471108e+02
-8.133274296196708519e+02
-8.242855870381260956e+02
-5.337547234849317874e+02
-1.634391816489549853e+01
-1.275749284566131109e+03
-1.123514360693646950e+03
-5.629304717744040545e+02
-1.167104441375823853e+03
-8.669006678373635850e+02
-3.152845283658876383e+02
-5.696718705528965074e+02
1.518709524138737152e+03
-1.054088127855660332e+03
1.438426028699184826e+03
-8.039004259910096835e+02
-3.977498625890231096e+02
-8.185130217730880986e+02
7.422898092131536885e+01
-7.674742683549383173e+02
-1.042149751494263910e+03
-1.234448847559765682e+03
-9.640852376433794007e+02
-5.793134853782257778e+02
-7.374956819053899153e+02
-8.823545845515443489e+02
-6.234204486846773534e+02
-8.778725907764763861e+02
-1.000068621709123590e+03
-9.729875961705631653e+02
-2.229164687223812052e+03
-7.255665142755844954e+02
-1.963084186514948669e+03
-2.069069869755625859e+03
1.394275098333682990e+03
-1.224234898316665749e+03
-5.293587650909192917e+02
4.284982493783338668e+02
-1.718819548687124097e+03
1.327898735860810575e+03
-1.920034080579719785e+03
-1.356338150403232021e+03
-6.982328807276779798e+02
-7.054491101432614641e+02
-7.951766450976220995e+02
-1.125063788769004304e+03
-1.849334325622796541e+03
-7.586116742179762014e+02
-1.565006947297735451e+03
-1.208081480772560326e+03
7.750350056160141321e+02
-5.131606220720268539e+02
-7.916609984257454471e+02
-7.819192663261967482e+02
-8.074521903428938003e+02
-2.394847260699180424e+03
-1.985638569005809586e+03
-6.897516991023640003e+02
9.464236778112862112e+02
1.486148213512739630e+03
-5.927744567650061072e+02
-2.226655243695121044e+03
-2.290451312586728818e+03
-2.348645830594176118e+02
-2.430798150912946312e+03
-2.164812482302863827e+03
-2.318098711751030805e+03
6.948101561418654910e+02
-7.159763559818861722e+02
-1.473780802682037120e+03
-2.602291388912769435e+03
-1.939166072083510926e+03
-6.448611738667106010e+02
1.467860545319826770e+03
-2.013650679131286552e+03
-2.587253966910234794e+03
-6.229316919947682436e+02
-1.151401837303541242e+03
-6.735931754510118026e+02
-5.806530970619161280e+02
-5.615623068051633027e+02
-5.472214581734299372e+02
1.217767293637381044e+03
-2.579141800314294414e+03
1.131112137217914778e+03
-1.122700645741040489e+03
-2.033472341263785211e+03
-2.123326179374380899e+03
1.588243669533065486e+03
-1.936523356708584060e+03
-2.263402075679163318e+03
-2.146109092247565059e+03
-1.307977846191430672e+03
-1.515509784104086748e+03
-9.684193197148873651e+02
-1.174067956734542122e+03
1.274570394111311771e+03
-2.502535723286301618e+03
-6.485650423639333439e+02
1.318168142224874146e+03
-4.055849064315627288e+02
-8.468312746460768494e+02
-2.096705413876864441e+03
-1.640942354106400671e+03
-2.481612957425365494e+03
-6.073314681099709560e+02
-2.100708120546213650e+03
-1.127686373247307301e+03
-8.156300261025359077e+02
-9.605170152054090522e+02
-1.242379863868513894e+03
1.579861785657896007e+03
1.740929878050038496e+03
-1.725161623028744543e+03
-1.045096879042508135e+03
-1.073624612012036778e+03
-1.336661448409312925e+03
-8.882503349483253032e+02
1.142198052300345125e+03
-9.233900817807973453e+02
-7.650985352043244347e+02
-5.485139818303889570e+02
-1.018478934137049123e+03
1.584755075844020212e+03
-6.969129605499282434e+02
-7.635811104716790396e+02
1.508946549713961303e+03
-9.117572635278802409e+02
-5.041983349235845822e+02
1.495249650315324288e+03
-5.492288835973264440e+02
1.457666409796051994e+03
-8.050675689925964207e+02
1.664935059781826112e+03
-5.995670498945529516e+02
1.216018320438904084e+03
-7.606391181482392767e+02
1.368464777153887781e+03
-1.673183610499961105e+03
1.282415060697293029e+03
1.298331379947107507e+03
-9.769006098480141418e+02
-6.649323833673344097e+02
-7.078432881036546860e+02
1.184432958373363817e+03
1.100208177552427514e+03
-4.508700248519157299e+02
6.509757896329401774e+02
1.070579345889373371e+03
-6.498923453447082466e+02
-5.170544846807920294e+02
-6.227247394092339619e+02
1.381355621417069415e+03
-8.711301887954762151e+02
-6.387970471396052972e+02
6.996918736799724456e+02
1.383493736857653403e+03
-6.040115802416901261e+02
-1.345759391632811912e+02
1.302954855011805648e+03
1.395901007897135287e+03
7.665603296911986035e+02
-4.427938868897427369e+02
1.364269711783947969e+03
-7.337937215278301437e+02
1.631869491425484512e+03
-7.883431656775761667e+02
-3.623339438837242028e+02
-6.387185731011344387e+02
-7.828096612537981400e+02
-7.221267339761637061e+01
-6.342528490874486806e+02
-7.874305787709977267e+02
1.371915201532640822e+03
1.475518717835911730e+03
-8.430996040381694456e+02
-6.975755408459234559e+02
1.540355596007510030e+03
1.533043476662472131e+03
1.433546863549575392e+03
-5.164550021757886498e+02
-5.370283632540854342e+02
-5.394923412715761515e+02
-6.517852913164012989e+02
-8.262139161491520554e+02
-5.109568337754664071e+02
-1.958801278181810403e+03
1.543277715736311166e+03
-4.307498218094320919e+02
-7.152354695424457987e+02
1.604533752046047312e+03
-6.870138666165130417e+02
-6.927397700281177322e+02
-7.105169137614724377e+02
-5.246074641769441769e+02
-5.380157881415927932e+02
1.264938094537178586e+03
-5.054049708561760212e+02
-6.119393287797071252e+02
-1.250710731469347792e+02
-7.761741366140711307e+02
1.609650636537898663e+03
1.339617130676428360e+03
1.526553598522801394e+03
-4.105715452395827469e+02
-6.950503199317190592e+02
1.730452518026005691e+03
1.244252844333784651e+03
-6.601967453968986774e+02
1.288060711483140494e+03
1.465762737734552502e+03
-6.584686857782896823e+02
-8.975494305193338960e+02
1.321133555135791539e+03
-5.492921473686776608e+02
-4.920791101453456804e+02
-1.003974200431942791e+03
-7.408431206345906048e+02
-5.298866152719754155e+02
-4.808342500585812331e+02
-5.304346439946739338e+02
-1.730825675819111211e+02
-4.326760615158988230e+02
-6.742772865184847433e+02
1.373468845187865554e+03
-4.211429208529618791e+02
-5.674733837639578269e+02
-5.321552312056201117e+02
-5.844454894550766539e+02
1.119923885297682318e+03
1.645155382127349640e+03
-6.221686270356486830e+02
1.353376985919190929e+03
-5.294094612228958852e+01
1.498657315101836048e+03
-5.152723764635093175e+02
-4.881049355869972146e+02
1.540615123312640435e+03
1.567242942959273933e+03
1.590131853396608221e+03
-1.202422275813215265e+03
1.511051132365490957e+03
-5.809056716124755440e+02
-7.246806260986974166e+02
-6.106705737553681956e+02
-4.848611823437432804e+02
-3.128988528257137887e+02
1.134538278151971326e+03
-5.354262375364455693e+02
-6.388801134567111148e+02
-5.304042382439433823e+02
1.377724927901191677e+03
1.741724303756640438e+03
-8.515010739885804014e+02
-7.807691430720306016e+02
-9.581771366459247474e+02
1.721949105433873910e+03
-7.366683053057894313e+02
-2.984960761411760473e+02
1.681281686786287537e+03
1.593266117409918252e+03
1.692247901638689655e+03
1.483601815119122421e+03
1.242094722934686160e+03
-5.530184530123983677e+02
-5.916613547084965603e+02
-8.153940342710174036e+02
-9.530555973474715756e+02
1.456649376350310376e+03
-7.293745756277181727e+02
1.324953563215825852e+03
1.619885965152526751e+03
1.546030818278817151e+03
1.471967518663819419e+03
-6.106476969270988775e+02
1.656093468239246022e+03
1.518097900937470740e+03
-6.987984128474845420e+02
1.602691088694381506e+03
-8.092712895106010365e+02
1.653586104371853025e+03
-7.781555791990563193e+02
1.548562924402875524e+03
-6.687112200398798905e+02
1.464943391398543326e+03
-6.308505545246873680e+02
-6.807359613716351987e+02
-9.525270918812027503e+02
-6.104784955900286150e+02
-8.809554939707567200e+02
1.594782994231323983e+03
-5.207697460344091951e+02
-7.890794567285095127e+02
1.535146298608587131e+03
1.486463307692145918e+03
-6.166451136189747473e+01
-7.667373068071007083e+02
1.590040812683744207e+03
1.518225886210822182e+03
-6.728991989861771117e+02
-6.509377415749733018e+02
-8.590294118685609703e+01
-5.791652578906492863e+02
1.491064153758865359e+03
1.523525143905076220e+03
-5.824255251373812143e+02
-4.635162294000443239e+02
-1.072523586154748727e+03
-6.050989146669003276e+02
-4.768908502886465612e+02
-4.874390112627967824e+02
-7.203483065884765892e+02
-7.191138076837817152e+02
1.549823716206749850e+03
-8.932498773791895701e+02
-1.009264910392168531e+03
-2.737590516477438030e+01
1.488553802907325917e+03
-6.888977537655454171e+02
-5.099049662747555658e+02
1.556886953408990394e+03
-7.571028376166013913e+02
9.012396014843648118e+01
-5.988950390975394384e+02
-4.058222049070733419e+02
1.696015238595783103e+03
1.840800035917608511e+03
-5.198471762380194150e+02
-5.154580636072993229e+02
1.628992559981227487e+03
-8.113666043855849921e+02
1.465850866952238221e+02
-8.702023710594489785e+02
-5.678946924202663240e+02
-5.898844782571940186e+02
-1.001579477328467874e+03
-5.605551902244981193e+02
-6.069522620530552786e+02
-7.348143276521036569e+02
1.712050293876400701e+03
-4.873556349153893734e+02
-4.399869042268310864e+02
-5.884754277217926983e+02
-4.925556122746129972e+02
-5.705809592796501875e+02
-2.142600302154160659e+02
-8.209647485121358841e+02
-1.086973933216527939e+03
1.559062730002722674e+03
-5.234653506851811926e+02
1.567915242365398854e+03
1.759871184335404905e+03
-5.925337238074572497e+02
-5.414238734650189144e+02
-7.761795013498499429e+02
1.619443989051927019e+03
-4.960928111018085360e+02
-7.390753184485259908e+02
-6.587172100878510719e+02
8.905298938756636744e+02
-9.159424241452362594e+02
9.410674832137135581e+02
-3.784070621180680973e+02
-4.659494992845050660e+02
1.437395356691432426e+03
-7.572174203985681515e+02
-9.145287424137870858e+02
4.641969321760583398e+02
8.545298532071160480e+01
1.204177568937040633e+03
-3.492162654432264617e+02
-9.265766084702796661e+02
2.184244498490189926e+03
9.930669236258702313e+02
-7.555597142848534986e+02
-7.057802490852391202e+02
1.378198151952705985e+03
-8.390253478874063831e+02
1.009857307537706447e+03
9.962122045125769318e+02
-4.108681260832145767e+02
1.145480868325604661e+03
7.370159073899974373e+02
-3.968240921885636681e+02
-5.889448274140338526e+02
-7.766387659454013601e+02
-7.329769749977710944e+02
-9.838288105969510298e+02
-4.313964711529253577e+02
1.369435886779411476e+03
1.823693950372053450e+03
2.148681794119745973e+03
1.378306619763622166e+03
1.363899810614501348e+03
2.035049974034170418e+03
1.546308035792653527e+03
-4.840267772000512423e+02
1.580713288556245288e+03
-6.434530041687733046e+02
1.019248959738632607e+03
1.269162128522308194e+03
-6.243485664729739710e+02
-4.867780618125194110e+02
-6.692861285438618779e+02
-8.512052106026594629e+02
1.309930556760110221e+03
-6.632880119708313487e+02
-6.060193434400893011e+02
-5.090383669100349948e+02
1.018272135090890970e+03
1.004343004388057579e+03
1.109468054088160670e+03
9.760992594822754427e+02
-6.941793935726444715e+02
1.440683748194932150e+03
-4.261636419815397403e+02
-8.568317697071556722e+02
-5.889657602766371838e+02
-6.830155827763584284e+02
1.455597369671067554e+03
-7.856912513092631798e+02
-5.861625054352342659e+02
-4.810233835867862240e+02
1.513041541950877445e+03
1.233405693894141905e+03
-6.441397761537267570e+02
-5.552466715905192132e+02
-4.857470623683996109e+02
-6.353409564011527664e+02
1.468168195245323432e+03
-8.360689256420592983e+02
-4.625315944490518518e+02
-5.784478899325275734e+02
-6.789420365315402250e+02
-3.451364401356045164e+02
1.770759792572953529e+03
-5.697611639090673634e+02
1.755214468575585897e+03
1.443432679826104959e+03
-4.640532764472233112e+02
-4.378539454287447938e+02
-5.304577072726385722e+02
1.607541249342954188e+03
1.701675969359355804e+03
-5.228334090205974007e+02
1.678129035946626573e+03
-6.590182200277547508e+02
-5.697799783390123594e+02
8.964356907758897250e+02
-4.972223630492533175e+02
-4.697575328695343160e+02
1.876264751989184333e+03
-6.201683345604759552e+02
-8.590248338330658271e+02
-5.742672683188625342e+02
1.889405960906096880e+03
-6.276470056941108169e+02
-7.599959106074226156e+02
7.167169966305757498e+02
1.882018822681369784e+03
1.403416138447980984e+03
1.501044275269877289e+03
-5.585957260830756468e+02
-5.147405876978147035e+02
1.456564416364539284e+03
-7.078057604730086041e+02
-6.567905452337522547e+02
1.706312872225949377e+03
-8.411788908833964342e+02
-1.320129918335589423e+02
-4.999842523817695223e+02
-5.615219669631806028e+02
-7.861675231630647431e+02
-7.365249078556416862e+02
1.879878079998926523e+03
-6.137494546779837492e+02
1.953666404181551115e+03
1.851641970124039517e+03
-4.743250797883648602e+02
1.183655028780994144e+03
1.921235484525121137e+03
-5.113844533424577321e+02
-6.929978247047999957e+02
-5.993485067737584586e+02
1.325854244063949864e+03
-9.033079961302073571e+02
1.790995445538820604e+03
-8.803847916781232925e+02
-7.391960412943506071e+02
-5.547965326464411646e+02
-5.976470769555762672e+02
-5.658486299780281570e+02
-5.988508859893715908e+02
-8.793809359694645309e+02
-4.454420842162140843e+02
1.816495717537900418e+03
1.852267832946499539e+03
-6.674658930355847133e+02
1.893875521797106558e+03
-7.121969412569097813e+02
1.771020121168656260e+03
1.767853290377783651e+03
-6.260649957314063840e+02
-5.429120051178035737e+02
1.699358135662978157e+03
-6.104250341979237646e+02
-5.936014141014861707e+02
-5.921783939876246450e+02
-5.470705314700053350e+02
-5.150095547090215859e+02
-5.874047793260808703e+02
2.053541689842598316e+03
1.675048399757221659e+03
-8.625438915376846580e+02
-6.120323625192371537e+02
-5.496827949631403953e+02
-7.712224199986259237e+02
1.631763945271156899e+03
1.717299250243127517e+03
-8.726439490589388015e+02
1.819315366769815910e+03
1.809943990191918147e+03
-5.981992186969447403e+02
1.728042358130551293e+03
1.780009541378779886e+03
-5.324730331598887005e+02
-4.823864161407852862e+02
-6.067412612792310256e+02
-4.806373778103040308e+02
1.943226926991767868e+03
1.463214849582265742e+03
-4.895373626949336199e+02
-7.214349795382404409e+02
1.779169172292049780e+03
1.957110390411045046e+03
1.806995605237156042e+03
1.846438410802363251e+03
1.530733946459647541e+03
1.906431130951047635e+03
1.334210827968644480e+03
1.859186388245292619e+03
1.819233769009908883e+03
-5.582688308853387298e+02
1.770255061338162022e+03
-4.955911929294971401e+02
-5.342593849840473013e+02
-5.743183446416076094e+02
-5.852784871688882049e+02
-6.219024894022910530e+02
-5.708897592468442781e+02
1.712698076465112536e+03
-5.449046827561063537e+02
1.687170557362891259e+03
-5.575120865965187704e+02
-7.150381719050928950e+02
1.099953695384842604e+03
-4.965695099596111959e+02
1.784923591984319955e+03
-5.302208825237676137e+02
-5.928184877502750396e+02
1.800429690263464636e+03
1.817354205824041856e+03
-8.310876037183908238e+02
-5.542255887968833576e+02
1.667535318374097187e+03
-6.857471911584797226e+02
-8.317374202797091129e+02
1.696816321944653509e+03
1.948002325774466954e+03
1.725941692752238396e+03
-8.173605570513773273e+02
-5.287280078042524565e+02
1.817239984885801277e+03
-4.895047897810812287e+02
-6.584017710430205170e+02
1.615670871534402522e+03
1.696523181601196029e+03
-5.340254875743086131e+02
-5.721838847898179665e+02
1.684601296461672064e+03
1.601307215406008481e+03
1.634881578241442639e+03
-4.652294656686725602e+02
-9.162832117305970314e+02
-7.930935333246542314e+02
1.441230086448610564e+03
-5.864672514620901893e+02
-5.201762725666541201e+02
-5.561447927221657892e+02
1.147990923908896548e+03
-4.435974668360436795e+02
1.563867866170834986e+03
-4.782283914923024781e+02
1.663352202913064275e+03
1.896886350544635206e+03
1.387546128115424381e+03
1.754722064274545573e+03
-5.328799038751949411e+02
1.649816706237497101e+03
-7.047936968625629106e+02
1.806505472153532082e+03
-5.655168190318781853e+02
-7.145487188220213284e+02
-5.217372668956052166e+02
1.746775954936666039e+03
1.334584995512896057e+03
-7.737558534111439030e+02
-7.369720712237243561e+02
1.825652392856425649e+03
1.630043162185533220e+03
-9.042173549129765888e+02
1.640343127122540864e+03
1.727813996286035035e+03
1.163657567336510283e+03
1.641585652246025802e+03
-1.662351756906692799e+02
1.866845135916470554e+03
-4.749813088512746617e+02
-3.989108256619204553e+02
-6.500869280862443702e+02
1.874546558286395339e+03
-5.936034999234840370e+02
-8.495913077656366568e+02
-4.987163661234268375e+02
1.699134509451792383e+03
-6.258899040739879638e+02
-4.420396640400479669e+02
-5.416924200039451307e+02
-1.060149865436792652e+03
-6.106178126677355067e+02
1.622550155656625975e+03
1.677932592856447855e+03
1.696609564269557268e+03
-8.810261698461972628e+02
1.645583230852189672e+03
-4.712601665322719668e+02
-6.826651464442559245e+02
1.871512345921996257e+03
-7.420656834188964694e+02
-5.926032506034707694e+02
1.712887489182179252e+03
1.737260807481396569e+03
-7.449462544426431805e+02
-5.463301352383064113e+02
1.656261058042079640e+03
1.529365560564021052e+03
-4.017066430924537599e+02
-7.250419524027853413e+02
1.567760059230737170e+03
-6.379824368242663013e+02
1.694096504732896392e+03
1.741549651530012852e+03
1.585568810243846656e+03
1.774664690639614037e+03
1.629030750569017300e+03
1.853929913380786502e+03
1.432995659194757991e+03
-4.490662085441175577e+02
1.646932135786144727e+03
-5.362420681211420970e+02
1.587690775375048133e+03
1.714559860298840249e+03
-6.215318814361478417e+02
-6.350529966819273113e+02
-1.081469079107970629e+03
1.425693627827124601e+03
1.471010003909865645e+03
-6.292948456628884060e+02
-8.711298044984582702e+02
1.590128282752975338e+03
1.658689144827116934e+03
-8.314136155079438595e+02
1.656474907688043004e+03
-5.499348154539748066e+02
-6.354545847819001665e+02
1.766755208844142317e+03
-6.374645994353005563e+02
-5.506936688813593719e+02
-7.505987781011563129e+02
-5.202261408179729187e+02
1.708872578475476757e+03
1.144798937090595018e+03
1.474581686098199953e+03
1.353574852695903928e+03
-5.393074191450322132e+02
1.470843418947130203e+03
1.642354852106676162e+03
-6.150120850592359147e+02
1.624653810383646032e+03
1.636075016117901669e+03
1.479922268390378576e+03
1.531954019118047654e+03
-5.810388173905100757e+02
1.408863115499219703e+03
-6.452802666455022518e+02
1.472670562588875782e+03
1.664049771903326018e+03
1.507429971400208387e+03
-5.323304731168993840e+02
-6.006843323076324168e+02
1.598646665630108600e+03
1.607613089950084031e+03
1.601414952093832426e+03
-4.949536266390917376e+02
1.633654158640462356e+03
1.528196954446671953e+03
1.605291606187092839e+03
1.652180080918104522e+03
-6.183015052521018333e+02
-8.892605701337918163e+02
1.310710415716977195e+03
1.753227900192822290e+03
1.607758338320885741e+03
-5.919917564620831172e+02
1.594575148574455170e+03
1.518677930023110321e+03
1.452344346648279497e+03
-8.193779877196417374e+02
1.670856655663350466e+03
1.607836938624843924e+03
1.588408643666084799e+03
-5.434834010267588837e+02
-7.581340970572233573e+02
1.535208522293389251e+03
1.572194886414153189e+03
1.625827914337412039e+03
-5.628018620107745846e+02
-4.744346742589140149e+02
-5.981841875015016967e+02
1.649165340017937069e+03
1.655173952314686403e+03
-5.542570817340905478e+02
1.360216512746498893e+03
1.669076626716230521e+03
1.582131528837749556e+03
-2.212631913265160506e+02
1.858396541845185084e+03
2.272104249700769572e+02
1.694583507695338312e+03
-7.656440510205276269e+02
1.702079726613050070e+03
-1.097565156831279864e+03
-5.484213216336852383e+02
1.620668015722646714e+03
-9.395906894337705353e+02
-1.007064983700798393e+03
1.833724391928968998e+03
-4.812612978564384889e+02
1.647338075199145351e+03
1.609590665521189521e+03
1.597624234112422300e+03
-5.438756265168418622e+02
1.586522970582301923e+03
1.661600943682038405e+03
-5.065095682482216262e+02
1.642658398704761339e+03
1.627141950654305901e+03
-8.166102334185450218e+02
1.799456877252265258e+03
-6.809364029330982930e+02
1.577675407598356287e+03
1.352544933454522152e+03
1.717975156047489008e+03
-6.228014989409264217e+02
1.653791591075735596e+03
1.589951647786635931e+03
1.525395796348029307e+03
-4.815077337851003563e+02
1.529282403021952859e+03
1.653906603785572770e+03
8.230923803076349259e+02
-5.448449610995445482e+02
-6.107569719643788630e+02
1.542193925767803194e+03
1.370809519052317000e+03
-8.030722501600017722e+02
-5.055991829921464387e+02
7.500069597162782884e+02
-5.930237913564772043e+02
-7.213756153151523449e+02
1.357864025611275110e+03
-1.705196634978475686e+03
-6.690355866255749788e+02
-2.389208528567660323e+02
-1.709118965890137929e+02
-7.458866710893031495e+02
1.441039270611433039e+03
1.717924695995117645e+03
-8.860509628134909690e+02
1.346966438982357658e+03
1.609454288831002486e+03
-1.138014879413948847e+03
-7.386845324852147314e+02
-5.885853392993424222e+02
-5.001202735429689028e+02
-5.653740453036892859e+02
1.549414996579865601e+03
-5.542583197407308262e+02
1.393506368381521952e+03
1.695042319769875576e+03
1.538924928462779690e+03
1.336645512366451385e+03
1.660069526379402305e+03
1.270881316910353689e+03
-9.285324767290894670e+02
1.579953595233122996e+03
-5.502735191833015733e+02
-5.572278786123517875e+02
1.547272867599835308e+03
1.679261530800269156e+03
1.682300233366249131e+03
1.667897790119364799e+03
-7.195999767077695424e+02
1.367172498233710712e+03
-5.697640826713081879e+02
-4.901091381221086749e+02
-5.043038944307670022e+02
1.201055103030279724e+03
-6.266975130222380130e+02
-6.123750136999117331e+02
-6.730118943397417297e+02
-7.012019748549965925e+02
1.583545250642165229e+03
1.549987363050032627e+03
-7.145643673430151921e+02
-6.678353268461387415e+02
-8.299408440787672134e+02
-8.596938162747768502e+02
1.752769002369001555e+03
-7.528517838377581484e+02
1.747979163648680014e+03
-5.180076652625118641e+02
-7.671230304211200064e+02
-4.699696788945580579e+02
1.748078691854648241e+03
-7.440650493718943608e+02
1.621016339286901939e+03
-5.251332974902327351e+02
1.189000963616616673e+03
-1.087251252971195754e+03
7.221377603478252922e+02
-6.573044415428141747e+02
-1.078332936426440710e+03
-1.024070748108398220e+03
-8.544181564134513565e+02
1.616531591721018458e+03
-5.294425328150148289e+02
-4.609540319854951349e+02
-6.719120114236342260e+02
-4.754966625979893706e+02
1.652571256438232922e+03
-5.283528620305424965e+02
-6.300070747811141700e+02
1.725653972928808344e+03
-5.041407520446413741e+02
1.756067035264152537e+03
-8.460543694719332279e+02
1.606287120599971786e+03
1.716208564178391498e+03
-8.420235721418855519e+02
-5.946831026417719386e+02
1.722442684572828966e+03
-6.030262646919250074e+02
-5.533165285531867994e+02
1.657666852454364971e+03
-5.715002276619912891e+02
1.508291787360924673e+03
-4.366475481464831319e+02
1.579543350930494853e+03
-6.517424094139471435e+02
-8.617345172292823463e+02
-3.312360594018157371e+02
-9.626824829705516322e+02
1.740006952552209214e+03
1.791157988438547591e+03
1.746983183924787227e+03
-7.807278878335581567e+02
-6.544130058279693003e+02
-6.174072481749856252e+02
-5.639660755835215014e+02
-7.212594551859266403e+02
-8.186126175892085257e+02
1.224129659178356178e+03
-5.982617735109437263e+02
1.726331594525837772e+03
1.629347651280204900e+03
1.832235389345898511e+03
1.691726645610555806e+03
1.620616646712038801e+03
1.740852653408725928e+03
-4.552423602595200691e+02
-6.694351847933348836e+02
-9.691041413012657131e+02
-5.555108989574737279e+02
-5.762098332325546153e+02
-7.478398376031447015e+02
1.580858003739158448e+03
-7.099465352414110839e+02
-6.821764584138359169e+02
-4.883475992728386927e+02
-6.084133350021616025e+02
-6.383553710955764018e+02
1.477099231016276008e+03
-6.350937422401478898e+02
-6.661624516990511893e+02
-7.197057194373069251e+02
-1.073221202202313862e+03
1.838131295205093920e+03
-7.824942404894093215e+02
-5.972812476425182240e+02
-1.117320829502816878e+03
-5.434736295562436226e+02
-7.002543993449407935e+02
-6.002413292523885957e+02
-6.990660826164162245e+02
1.529616438057561481e+03
-4.285261709270608890e+02
-8.318107735706654466e+02
-5.305670634813648121e+02
1.695377799527697334e+03
-9.021646425156885698e+02
1.712334824072660467e+03
-7.301798713485585495e+02
-1.031467390915621763e+03
-5.337250983394120567e+02
-4.367919970881141580e+02
-5.614462098156461707e+02
-6.181758630189565338e+02
1.773728956700361550e+03
-5.242487550096284394e+02
-4.957817382245967792e+02
-5.311424636137525113e+02
1.730757564775034552e+03
-7.210058838258674996e+02
-5.709831804020413983e+02
1.497347491354904605e+03
1.644901968545672389e+03
-6.685810056741324843e+02
-4.377380728851680374e+02
-1.263518858425176404e+03
1.565338654443384030e+03
1.707325493660021948e+03
1.822724639601303807e+03
-1.024348035102832910e+03
1.751041980711858741e+03
1.883598698756819658e+03
1.857549315458752972e+03
-6.379823513476065955e+02
1.600950804581351349e+03
-8.010929706521893650e+02
-7.679320706199125652e+02
-5.146749409522058158e+02
-6.218058875872457065e+02
-4.020938288232112541e+02
1.615368675660431109e+03
-4.636059809095777950e+02
1.627719168609335838e+03
-7.637129829116519204e+02
-6.486155527174629469e+02
1.835195523668026908e+03
1.670844071297971141e+03
1.541015602395556016e+03
1.725029393810856163e+03
-4.576885472200294771e+02
1.681944975955802647e+03
-4.505543343562948735e+02
-9.502010989159003884e+02
1.671643114365610018e+03
-3.884176964929530982e+02
1.510395042073379273e+03
-6.002619894752665459e+02
-7.996082163326099135e+02
1.405939408770234422e+03
1.554666228571004467e+03
-6.687139820938806452e+02
1.725198934846510156e+03
-4.491382377166423794e+02
-7.746838986323439258e+02
1.640653853559086656e+03
1.538310477950010863e+03
1.580532033091680660e+03
-4.270045491740089005e+02
-1.221711645749796617e+03
-4.339824670813791272e+02
-1.518049229191592303e+03
1.664591197054537588e+03
-6.950713517635904282e+02
-5.510650574401282711e+02
-5.744949271951400078e+02
1.592627376549201927e+03
-6.222075188782530404e+02
1.649272646054894039e+03
-8.933426648244189892e+02
1.509338409814521128e+03
-9.302630420413568118e+02
-4.142952155464521411e+02
1.646868631914472189e+03
1.617427419827641415e+03
-7.317810448069706126e+02
1.574480189406997397e+03
1.606526312402143276e+03
1.534596470035187394e+03
-7.547477217632172142e+02
1.614211500822035077e+03
-6.634681061721973947e+02
-9.477736826968537116e+02
-1.003244457472386443e+03
-7.395895513229696689e+02
-6.703919571491986744e+02
1.668934064147039408e+03
1.419860963616154550e+03
-1.256024471281529259e+03
1.728639372817275216e+03
1.306792736026404555e+03
1.643455922467079063e+03
1.736056618865517521e+03
-9.733240082917833433e+02
-8.476295075729224209e+02
-6.737729984138537702e+02
-5.706667738239874552e+02
-4.354134506910230016e+02
1.697601735323083176e+03
-1.189495339082412102e+03
1.527504831103481592e+03
-8.192927943807874271e+02
1.708057437614235369e+03
1.723390875880463682e+03
-5.050288369756298721e+02
1.684831083403641969e+03
-1.047653636042732614e+03
-4.155820894735661568e+02
-9.496863944436338443e+02
1.892144939930701184e+03
1.914746862228594182e+03
-5.073313564231965245e+01
-1.018446796592634428e+03
1.801823077774490685e+03
-4.458308299002035255e+02
1.882885821183786447e+03
-8.651825190392676177e+02
-5.736944793583196542e+02
-4.687309555789800015e+02
-6.972283250573724445e+02
-7.371760426355010623e+02
-6.869133427141400716e+02
-7.210879472833789805e+02
1.900174279581224937e+03
-4.692875426179235774e+02
1.792844174686225415e+03
-7.385574661596037913e+02
