-2.763552829224449852e+03
-8.433209486333267932e+02
-7.919468604197189734e+02
-8.958824382725117630e+02
-1.092915298345322753e+03
-8.664847715133093971e+02
-9.034646269737309012e+02
-8.042940643183774228e+02
-9.963687620906491702e+02
-1.125771440344561370e+03
-1.283589920575421729e+03
-1.093226031112063993e+03
-1.127658881571261190e+03
-1.182806494970920767e+03
-1.186869517548915610e+03
-1.101571918026669891e+03
-1.098648915023930613e+03
-1.266563080217500556e+03
-1.128677104483159837e+03
-1.112199741006768136e+03
-1.067650464272154750e+03
-1.214265028849139753e+03
-1.212204039462306582e+03
-1.014096812493269567e+03
-1.229337147254788533e+03
-1.137414677558662106e+03
-9.732450740431510212e+02
-1.167177686192863121e+03
-9.400233176286703838e+02
-9.926363258725731384e+02
-8.804382349133767320e+02
-1.146906223563726371e+03
-1.083470533450301673e+03
-1.026243077818076017e+03
-1.093497576104222617e+03
-1.013385672509791789e+03
-9.966662245077059197e+02
-1.009423180438373720e+03
-8.747292142377880282e+02
-1.200639524317708492e+03
-1.096888419984366465e+03
-1.107812209326541506e+03
-9.184704884723262239e+02
-8.349443258195709632e+02
-1.117852509641975303e+03
-1.138336618656587916e+03
-9.997847857763224511e+02
-1.062640607560312901e+03
-9.872306584201830901e+02
-1.126237900954067072e+03
-8.522922859428194897e+02
-8.330725481524972338e+02
-1.004286404697160037e+03
-1.008508679499632876e+03
-1.107913948393392047e+03
-1.079743955640269633e+03
-1.118002126360427837e+03
-1.008859484224384232e+03
-9.576198140794818983e+02
-1.011091499982877281e+03
-9.315661765180052498e+02
-9.136726599319391653e+02
-1.051009084122853437e+03
-1.157022418914371656e+03
-1.328394403959564443e+03
-9.331443562983970423e+02
-1.183690228611325892e+03
-1.332562753151808920e+03
-1.146776285312238997e+03
-4.628274175212344517e+02
-9.114622247312345280e+02
-1.122803299548238101e+03
-1.155060096175995113e+03
-1.418998789784341852e+03
-1.172987140778957382e+03
-3.087631753693261203e+02
-7.944135431245856580e+02
-8.680862838374764578e+02
-1.569324250019228202e+03
-7.509966636147700001e+02
-1.164532277099320027e+03
-2.035961406625728614e+03
-1.280426019831523490e+03
-1.045459625670045625e+03
-1.178794266053943829e+03
-1.685276319637070628e+03
-1.305490637873126389e+03
-2.217289877734538550e+03
-6.599567248658067911e+02
-9.507907954308192302e+02
-1.332471487758014746e+03
-1.086224042691425211e+03
-7.970605556992065885e+02
-8.695588670845957040e+02
-9.466009296449424255e+02
-8.446760177358009969e+02
-1.992908603327309265e+03
-8.076970887405846042e+02
-1.794156600042279251e+03
-7.574710083194942172e+02
-7.228243469904743961e+02
-1.036993590674823736e+03
-7.694376892179681136e+02
-1.287984975429357064e+03
-8.366612545245355932e+02
-7.781063604147517481e+02
-1.235438566267307124e+03
-8.486059876888206190e+02
-8.750174564910988693e+02
-1.192417969824728289e+03
-8.913558521129823475e+02
-9.142515075711158943e+02
-1.376001624521003805e+03
-9.904809664405139529e+02
-8.869963318044672178e+02
-8.994385370303343734e+02
-2.793120493506597995e+03
-1.283287766790734850e+03
-1.076359220417854658e+03
-2.879313867037207274e+03
-1.226629107734314857e+03
-6.663953827370771705e+02
-7.103419089487503015e+02
-9.574818383035693614e+02
-1.078323904027522303e+03
-9.031445002664813728e+02
-1.957405054909505452e+03
-1.523034425048626417e+03
-1.547638771423972230e+03
-7.569441353594584143e+02
-8.945899337214327716e+02
-9.018927389214205732e+02
-1.238076286799409672e+03
-8.144975318135101361e+02
-7.159799494665473958e+02
-1.758067566143215572e+03
-9.634093330238285944e+02
-7.864427403132584686e+02
-7.797846185399779415e+02
-9.413087431570421586e+02
-1.446068890798286702e+03
-5.598082002565508901e+02
-1.368262544355015507e+03
-9.986274708205905881e+02
-9.097363797066743700e+02
-9.129975146078697890e+02
-6.619786542869530876e+01
-2.022310609105676122e+03
-8.085200776175767032e+02
-7.498349640549878359e+02
-1.251944114348948005e+03
-9.885008308863316415e+02
-2.050348214010294214e+03
-9.579746651955047128e+02
-8.582322795856532593e+02
-8.279117753957634704e+02
-8.783312013929946716e+02
-1.239787652967528174e+03
-1.847400123786419272e+03
-9.230757661469923505e+02
-1.403595242382370770e+03
-1.664955715358408270e+03
-8.785994310900788378e+02
-1.063915858394377210e+03
-1.221312811088438366e+03
-1.853813793500793054e+03
-1.095746023176611743e+03
-1.515922301346947279e+03
-2.044842152577688012e+03
-1.173747510267339067e+03
-1.552832123525989573e+03
-1.015094090054613389e+03
-9.586458570972610005e+02
-1.349627416765149292e+03
-9.540834715563926238e+02
-1.857491668468900571e+03
-9.392465406080817729e+02
-1.425808051391499021e+03
-1.105981303223171835e+03
-1.333196433952906318e+03
-1.215159577533945821e+03
-9.422572545400688568e+02
-6.379688655502952770e+02
-6.043411882115857452e+02
-1.236309036932661911e+03
-6.716568164181654765e+02
-1.253110973387736749e+03
-9.468261582936872855e+02
-8.375840646996417718e+02
-8.047803464241056872e+02
-6.337570681421325389e+02
-1.760933941776113443e+03
-1.327778069470119135e+03
-8.395195215432829627e+02
-1.031375620447544634e+03
-1.332453207194427478e+03
-1.278433091190606319e+03
-2.098050127031192005e+03
-3.240667965923007046e+02
-1.330912627165929507e+03
-9.545519862849380388e+02
-1.364818310121867398e+03
-1.922804824937478770e+03
-9.152286632577507817e+02
-9.028554222188251970e+02
-7.862848217635411174e+02
-1.132428586287987400e+03
-5.524080471261241883e+02
-1.586863045740132975e+03
-1.642052332459283662e+03
-5.068132439716318345e+02
-6.937523861782833592e+02
-2.330735250346827343e+03
-9.101501397108412448e+02
-1.994592888444488835e+03
-7.547518468534269687e+02
-9.022785450159298080e+02
-6.612942116158150156e+02
-9.743221091659685271e+02
-9.960176055071430028e+02
-6.901653665566590234e+02
-1.082628044025609825e+03
-8.118534008590792155e+02
-5.598282710031689930e+02
-1.925863280208234301e+03
-9.960325673918199527e+02
-1.171405329716227016e+03
-7.461661518404443996e+02
-1.972830248850261114e+03
-7.436013438244254985e+02
-7.842813287976526908e+02
-6.353175854511948728e+02
-1.143371028683097848e+03
-1.604229055883425872e+03
-6.558989426293334191e+02
-2.023765015733357131e+03
-9.132827254606710312e+02
-8.277451706735248536e+02
-8.292100351918052183e+02
-1.042896048643070571e+03
-1.543251646382605941e+03
-1.618118548154364817e+03
-1.011134611086999712e+03
-1.054812953553628176e+03
-2.326233552589169449e+03
-8.367257516588072122e+02
-9.106865102617898629e+02
-8.732672370746715842e+02
-7.678350811642652616e+02
-8.724307419632646088e+02
-7.238590039512486101e+02
-8.516984645687680313e+02
-8.365882726974473371e+02
-8.060509653247022470e+02
-7.925536254856601772e+02
-7.055914487963754027e+02
-9.686343306118710643e+02
-1.673018023787890797e+03
-7.169075918773060039e+02
-7.417530149127034065e+02
-1.133224059751229106e+03
-9.359806494095024618e+02
-7.320308891323286389e+02
-8.170882109611728765e+02
-9.430601209448331019e+02
-9.080058402470481269e+02
-6.401520906927203214e+02
-9.859656702294705610e+02
-7.875247816186747514e+02
-7.402938876252302407e+02
-7.980160413575133589e+02
-7.776169307833230278e+02
-1.013629254418390246e+03
-8.015608153659627533e+02
-8.270374816656253643e+02
-8.346341767280974864e+02
-9.910202354526390991e+02
-7.790638322983417083e+02
-1.153523744557601958e+03
-9.914967898700181195e+02
-1.039772260921473844e+03
-7.416936566794447572e+02
-1.047822287237271439e+03
-8.165106246582339509e+02
-7.891055511401007152e+02
-1.009114770075830393e+03
-9.599453810241201381e+02
-8.460916894543447597e+02
-7.953979714822841061e+02
-9.457815266004682826e+02
-9.166691849925846327e+02
-9.649185250442399138e+02
-8.574748091088263209e+02
-6.735200889474775749e+02
-1.060830986991609507e+03
-9.263218008171646716e+02
-9.631406239224253341e+02
-6.338136437098557963e+02
-9.335883199680907865e+02
-9.544593840845035402e+02
-8.705619433963514666e+02
-8.783302990421465211e+02
-8.749522713821506841e+02
-8.439946687415847464e+02
-1.071782823284922188e+03
-1.019580707576199416e+03
-8.248849258303314400e+02
-9.864872583740240088e+02
-1.290272212779345182e+03
-9.050808768723493358e+02
-8.139127963851702816e+02
-1.654300951202923898e+03
-8.318133476734418537e+02
-9.293253367461235257e+02
-2.098842884062583380e+03
-1.038693381352471306e+03
-8.287977655099138019e+02
-6.403412849141782317e+02
-9.865266694079575700e+02
-1.155448556979648401e+03
-9.757061227299786879e+02
-8.655694568763204870e+02
-8.052810196204795830e+02
-1.661089877503559364e+03
-7.711556325740857574e+02
-9.678015735163683075e+02
-5.648118991681925536e+02
-4.328618876092068604e+02
-1.128930404435773426e+03
-8.987900252498234295e+02
2.380900756406231267e+01
-5.082392096181278021e+02
-8.667711392748581147e+02
-5.861559555430558248e+02
-8.923213343182484323e+02
-2.176199397564584501e+02
-8.033227569344082895e+02
-7.238826112781841857e+02
-6.742910651950406873e+02
-1.025275600209004097e+03
-5.448732131496501552e+02
-8.033235299613139659e+02
-1.706563102899808655e+03
-7.771054319626583720e+02
-5.958468357964882216e+02
-7.808374416636837623e+02
-6.544719393899629267e+02
-8.545268284081618049e+02
-1.715799968047594575e+03
-1.091799833177245318e+03
-9.800514719132489745e+02
-2.066335265765902477e+03
-1.156364518052767153e+03
-7.035982249756723377e+02
-1.643837609106579748e+03
-1.488137590945043030e+03
-6.924975664181988577e+01
-1.387848757947954255e+03
-4.996376630339264011e+02
-7.537171767463462402e+02
-4.602495660716515999e+02
-1.570714751619375988e+02
-8.964207844509749066e+02
-1.094523458487731432e+03
-4.667885727594571676e+02
-2.204664139379794960e+02
2.276376236067277432e+02
-6.216201965469684865e+02
-8.317431890223047048e+02
-4.285404200702291178e+02
-1.379263960078413675e+03
-4.177809018003591746e+02
2.006858837732499978e+01
3.912841632128976812e+02
-8.663844473014819414e+00
-1.240928583306431392e+02
-1.378870874821195684e+03
-6.171660735012079613e+01
-4.893996484327743701e+02
-2.580842519706397979e+02
-2.518143302497096272e+02
-1.362879875239883404e+03
6.023560411891338617e+01
-2.101322865822630774e+02
-1.891780893661052687e+02
-4.654901627839481080e+02
-3.239143098799909808e+02
-1.435117710684149870e+02
-1.038172170392729186e+03
-1.414876292345753427e+03
-2.616403342606222395e+02
-1.276731273469043572e+03
-9.620467690263386658e+02
-6.316793713412296256e+02
-1.592680057111972474e+03
-1.096414997208349632e+03
-1.685073679754852492e+03
-8.525977226803313442e+02
-1.456097022679957945e+03
-5.432062916120381715e+02
-8.889684378572987953e+02
-8.704859006972161524e+02
-8.350356186962599168e+02
-1.160266614381878298e+03
-4.813342650078097904e+02
5.776515633083748753e+02
-8.852185719618644271e+02
-4.081427307998042693e+02
-6.355879693088687645e+02
-8.974093879039652393e+02
-9.932519811307979580e+02
-1.309561023851025539e+02
-1.277230288400279278e+03
-6.680789125062012772e+02
-8.369950642891994903e+02
-5.797669839741352007e+02
-1.229847379401324361e+03
-9.390630830502445860e+02
-1.694330036621170166e+02
-3.437039682751255896e+02
-3.635363513532901152e+02
-8.715780974932099525e+02
-8.678076276361115333e+02
-6.991337867179830710e+02
-6.247825092007195735e+02
-4.837330319533020315e+02
-3.922487825578793945e+02
-1.700436752368613043e+02
-1.823517553417073600e+02
-4.100889984455301942e+02
-7.061045659651738333e+02
-2.778069257324114005e+02
-6.084902900664355911e+02
-9.015803265444917542e+02
-1.498079145016323309e+03
-5.454107711382243906e+02
-7.161453723456481839e+02
-7.930151698078234404e+02
9.443415740064949659e+01
-1.186989268186971913e+03
-5.507257918156918777e+02
-7.158139042818932012e+02
-6.008787097003809095e+02
-1.306228800376694153e+03
-9.736689027413641497e+02
-1.342323903379994590e+03
-6.027055410551108707e+02
-1.377633379552169345e+03
-3.140972801786244872e+02
-1.211567379181203250e+03
-1.196488674243793412e+03
-1.004780936679727461e+03
-1.071123745596884646e+03
-1.071199430886369782e+03
-5.985654008042795340e+02
-1.959604221264317857e+03
-1.889479474310471232e+03
-6.030246595912535668e+02
-1.994544189068480591e+03
-1.790017968875692532e+03
-6.533495141357673219e+02
-1.850310097732607119e+03
-1.716550278190602512e+03
-1.769800463434348785e+03
-1.733463719586658954e+03
-1.447072687200150767e+03
-6.262814512004788412e+02
-1.657850801846285322e+03
-1.893779503889066746e+03
-1.954345396411659976e+03
-1.758063998696966792e+03
-2.057981259021368260e+03
-1.575634464222425322e+03
-1.830851197771775333e+03
-1.581883405105238353e+03
-1.766565053378873017e+03
-1.529921116800154778e+03
-2.002956378023143770e+03
-1.781338852552486969e+03
-1.792174294363485842e+03
-1.577951250214873653e+03
-1.764883803666260064e+03
-6.473243359954409470e+02
-6.279038612679544258e+02
-6.807665089830086345e+02
-6.150100794204779504e+02
-6.169254995202666123e+02
-6.213006670680097159e+02
-6.325419333351925388e+02
-5.299483687295409027e+02
-1.512613888784917663e+03
-6.832619436304165674e+02
-6.527315758228045297e+02
-6.478600301781400503e+02
-6.605592584966229879e+02
-5.829599895864940891e+02
-6.751648950131111633e+02
-5.311396744679773292e+02
-5.900705903670972248e+02
-7.949958960874239438e+02
-4.804441061823796986e+02
-6.284247674509954322e+02
-6.078575529058971370e+02
-5.761176137279699105e+02
-6.162527628747021708e+02
-5.549577955151972901e+02
-5.710887344548168585e+02
-6.497632271153371448e+02
-6.040828964050668901e+02
-5.992223539887166908e+02
-5.083152432476009608e+02
-6.468559861208523216e+02
-6.435060308855242965e+02
-5.529893244976560709e+02
-5.613400349541290097e+02
-6.015607849801722296e+02
-6.267282217070485331e+02
-5.126271229271958418e+02
-5.041724175825735870e+02
-7.127886882991740549e+02
-5.989329549999722531e+02
-5.740007424990483287e+02
-5.740919547182878659e+02
-1.984221498603275904e+03
-1.907012712832149418e+03
-1.868939463743735814e+03
-1.946331694529898868e+03
-1.532748051946011856e+03
-1.596415633996060023e+03
-1.840494379026061324e+03
-5.469017196447780407e+02
-1.902866964667519824e+03
-1.842998512636984970e+03
-1.913369500386496611e+03
-1.596597284406103427e+03
-1.605162608346292018e+03
-1.495527600667008301e+03
-1.386861875264265109e+03
-1.583339744148213413e+03
-1.447985475672834809e+03
-1.594139292346780167e+03
-1.295278469517166513e+03
-1.660141916843728723e+03
-1.676886100624636811e+03
-1.449445499692116528e+03
-1.437719071517303746e+03
-1.528067407084261731e+03
-1.706837338388672379e+03
-1.452284635820912172e+03
-1.287279085803515727e+03
-5.703198078805316982e+02
-1.229711108458377112e+03
-1.276386514734791490e+03
-1.503727093027296405e+03
-1.618811965193607648e+03
-1.541282453585958137e+03
-5.146645411086590229e+02
-1.561487064989962846e+03
-5.106476021322137058e+02
-5.614480323490186038e+02
-1.513623724803691857e+03
-5.333318183141373083e+02
-9.246979445494093852e+02
-7.932535780183008001e+02
-5.365447778130130700e+02
4.036862059897339350e+01
5.242170344104090418e+01
-5.392015549517666386e+02
-5.008416471421063534e+02
-6.195770838090152210e+02
-2.864338635926026200e+02
4.300135409727612910e+02
-5.658525777242136883e+02
-6.695971509217595212e+02
-7.893755625368742130e+02
-1.316071074285722716e+03
-5.879995104247213931e+02
-5.684865868096856047e+02
-5.791159151796331344e+02
-5.819587750837720250e+02
-6.505529084485683597e+02
-5.613387617487367152e+02
-5.590768714341522809e+02
3.560270016552111656e+02
-6.269523491084096349e+02
-6.505995152948789837e+02
-5.515690038415439176e+02
-5.392762490629495460e+02
-7.098354396720942532e+02
3.578213568262206650e+02
-7.150973501375544856e+02
-6.601408443845837155e+02
1.543329910167066714e+02
-6.904780796970642314e+02
-2.089755115040296118e+02
-5.195898091645759678e+02
-1.816959574003458613e+02
-2.682554622186737561e+02
-6.370593261307296871e+02
-4.780051246496852286e+02
-3.740490226661189581e+02
-8.037238009616308432e+01
2.530567501883178068e+02
-3.309203527513757876e+02
-4.082396535036951377e+02
1.248244309101970657e+02
-1.039964624876240805e+03
-3.222711458480187616e+02
6.437540153429858947e+02
-1.243263673645626000e+02
-4.460377506686549509e+02
-6.845399476008649344e+02
-7.995447448398299457e+02
-5.469158335051591848e+02
1.858545089041517144e+02
-4.614863939069269350e+02
-7.155445302616811887e+01
7.127053950190116893e+02
4.688980662894379066e+02
-9.624417830230571553e+02
6.504771550239242970e+02
8.884469025944019904e+02
6.117153748662731232e+02
-9.338038000852338882e+02
7.228786746910172951e+02
9.880177152365251914e+02
5.894018067082637344e+02
8.588420386933171358e+02
6.987130794336671897e+02
9.499902587213314291e+02
8.272970212465608029e+02
-8.314548644520889411e+02
8.113006640640755904e+02
6.021564562386708985e+02
7.582340769301090404e+02
-7.884280964327166430e+01
2.118725279295316000e+02
7.700832063390923850e+02
6.606890164406588610e+02
-1.827629792561540967e+02
-8.450743401236935597e+02
1.282049914132892070e+02
7.099754342756408505e+02
-3.665786318590863289e+02
-8.918647258883154336e+02
7.748053750947665321e+02
6.181296011677289926e+02
6.221832795722692708e+02
5.715209670114297751e+02
2.752819677190875609e+02
6.731058321978030108e+02
5.532256478127080754e+02
6.305205268027432339e+02
4.519027325572468499e+02
5.648688039605027598e+02
6.211887185211012365e+02
5.703031558913904746e+02
4.560403527270289601e+02
4.988848340769201286e+02
5.422195725945476852e+02
5.207688658204607464e+02
5.498094151230602620e+02
2.416168933885513752e+02
4.770035970686985252e+02
4.487140812208249372e+02
5.635643964648038491e+02
5.331486615706048724e+02
7.393673579962795657e+02
7.072156288481089632e+02
8.194019316222422731e+02
5.192546846394564000e+02
-2.924055219251820859e+02
7.216293543076869810e+02
6.511152727267888167e+02
4.013773270867803262e+02
-2.601749994520592963e+02
-6.748599655640384753e+02
-4.896075046130953297e+02
-4.286923705638209867e+02
-6.822781437557689515e+02
4.606688248125890368e+02
4.649723894753138893e+02
3.856190266284106087e+02
-5.339820212270572029e+02
7.425232694939746807e+02
6.532484362161587796e+02
-8.681768157140726316e+02
4.862383705694841183e+02
7.998199517435684811e+02
3.325100689769001292e+02
-5.564275756495170526e+02
-2.336930287975589522e+02
7.398674677181689958e+02
-4.155231451341352340e+02
9.046361814598001274e+02
-3.973554261664761498e+02
7.250282548629561461e+02
1.069518725522089881e+03
1.034862573911623713e+03
6.419707433695566579e+02
4.997951177387906796e+02
7.432346956619455796e+02
8.141187026449464383e+02
7.371401068922309605e+02
6.191502919863758052e+02
6.024595036689059953e+02
6.036992284674281564e+02
8.176897765849787447e+02
7.138951229830078091e+02
8.555692242048978642e+02
7.184164519504738564e+02
7.395325324843181534e+02
5.397665117106685102e+02
7.283411325068117321e+02
7.895003458555731868e+02
-4.940321312907406082e+02
7.575237361085328303e+02
8.252156233210358778e+02
8.839403018090580417e+02
9.521272392904438675e+02
9.484546105819872537e+02
9.154792093418169543e+02
8.215955895529200461e+02
5.609151650208261799e+02
-4.712360671539881309e+02
8.596779716886953793e+02
-5.219202013791984882e+02
9.115271384050338384e+02
9.046598938163551793e+02
8.810491651852153154e+02
2.105268407820574694e+01
-1.636339179402720845e+02
8.194378538218672929e+02
-2.781706840067993198e+02
-2.476066739747797385e+02
6.669728317143128606e+02
9.457682407424538269e+02
-7.180981071219189289e+02
6.567313161604088236e+02
8.088544794670054898e+02
1.200611109388003115e+03
6.876869193019092563e+02
4.784374823635754410e+02
9.211149140588620412e+02
8.195561847664272364e+02
7.200776823145903336e+02
-6.632396001992138963e+02
-1.718925116676065045e+03
-1.153911590038777149e+03
-1.216568391477315117e+03
-1.363099568658221415e+03
-9.537593773342500754e+02
-1.023271093535061709e+03
-1.118655989210287316e+03
8.154774932170289503e+02
-9.313292233657992938e+02
-8.448791581795517232e+02
-7.198826088638719511e+02
-9.485289846619975833e+02
1.016082165962266117e+03
-6.335778857121804322e+02
8.929020457362047409e+02
-8.052942330701141600e+02
-1.155907568064201541e+03
-1.099069209700235888e+03
-9.596638504875769513e+02
-8.071764687312064552e+02
-8.959955833444678319e+02
-1.046281278188526585e+03
-3.736905132285317563e+02
-8.245924311016804040e+02
-5.385503981265675293e+02
-6.893973163047787693e+02
-6.636831357454450426e+02
-7.943407535847711642e+02
-5.889885658934872481e+02
-9.195782920624118333e+02
-8.933935441098161618e+02
-6.454314094579671064e+02
-4.349663535304707693e+02
-6.367294514540968748e+02
-5.965699214814181914e+02
-9.080055823443437930e+02
-5.640074384267472851e+02
-7.841901153212332929e+02
-5.354293688047939668e+02
-6.473364836755010856e+02
-5.871393154680961288e+02
-6.924628504563446540e+02
-6.726857785684846931e+02
-7.651542896935759472e+02
7.601706235136280156e+02
9.244260234553401006e+02
-8.103453085999053656e+02
-7.922303226891136774e+02
-5.402846654540527425e+02
7.363216754512275202e+02
4.583400336393035559e+02
7.560722082269039674e+02
9.008813042382950016e+02
-4.492266238881813365e+02
7.945394770253413981e+02
8.213858990115652432e+02
5.621593666271583061e+02
8.646111676699887312e+02
4.569468017514610665e+02
4.479223814387855214e+02
6.797728691467336830e+02
6.972099393829334986e+02
7.862503988115320226e+02
6.115800123848791827e+02
4.292165614633095743e+02
-1.008801273945768230e+03
6.867702511875799019e+02
5.631760014745327680e+02
8.570564513656850067e+02
7.122430265745223323e+02
9.333813991902178486e+02
6.564090460330916130e+02
4.071998821802911834e+02
3.929972117517219772e+02
5.406839531137720769e+02
-3.923474364702124717e+02
7.975330415255793923e+02
8.107067852685902380e+02
5.668152999004878438e+02
9.502255363802278225e+02
7.821090780296430012e+02
9.465953268698572174e+02
9.169765761603098326e+02
-8.776972291957894186e+02
7.451462965182231528e+02
1.009373745318881561e+03
3.941423148594042232e+02
7.974451284906687079e+02
7.279877313783724730e+02
3.554993582012220372e+02
8.798621590448860843e+02
9.168932927293546982e+02
8.287758727258255931e+02
4.752189074111780656e+02
9.083479253927264381e+02
6.916356284203234281e+02
4.976057990775755115e+02
6.145348561912701371e+02
8.090345728014206088e+02
4.962122323822205772e+02
3.505212709640761659e+02
4.445985585895181202e+02
4.301915790587166839e+02
2.972199160873155961e+02
5.724720293644409139e+02
-2.429797832967228715e+02
3.910829522749486387e+02
-8.061722458643662321e+02
3.724252368153722159e+02
-9.012650886022315717e+02
4.180040320093903574e+02
1.698251351727011524e+02
5.022321885047763885e+02
-9.375307130894420879e+02
5.814870166533542033e+02
2.629161953706691293e+02
2.753724222764093383e+02
4.909281763499756153e+02
5.390130138539605014e+02
3.453224652867596660e+02
4.162933892344020705e+02
4.846964652077398910e+02
5.990295313772091959e+02
6.946367482124790058e+02
-7.621001675447668049e+02
6.381575551043124506e+02
4.302820514198839987e+02
5.555857146351723941e+02
2.849287720924048131e+02
6.093304805963275612e+02
7.562703558677355886e+02
-8.654203016806734468e+02
6.955113684656002988e+02
5.995807759851243190e+02
-8.396269285102414415e+02
-7.950717515765156804e+02
-8.642067713996071916e+02
5.876673290249127604e+02
1.072359508051442845e+01
6.701485131367373924e+02
4.783810585800019908e+02
6.015379856539459524e+02
5.711421915648156755e+02
7.683231625301257282e+02
6.162172757642429133e+02
7.433196154720005779e+02
6.394005435886713258e+02
7.482206080959041401e+02
7.004331757324002865e+02
7.315707708351790188e+02
6.232529902765422776e+02
5.529452584661528363e+02
5.993612813565071065e+02
7.283372407384425742e+02
7.073093864687753012e+02
5.714183304399582539e+02
4.329725587753210334e+02
7.192618165898672942e+02
6.726953111885979979e+02
5.672063516583174305e+02
5.620658328416700442e+02
3.927113887528397527e+02
6.029957685567069348e+02
4.398400635791084028e+02
5.954527087379117347e+02
6.257941445858858742e+02
5.743576823814715908e+02
7.088787180398633154e+02
6.785119313209401071e+02
6.691105261254903098e+02
4.952728707939178321e+02
5.884810905740184808e+02
6.100552268364463089e+02
6.493253663332440055e+02
4.928810501429770170e+02
5.034285810134158510e+02
4.077833132414350530e+02
4.282927290459385858e+02
4.446824799304739031e+02
5.511797413676970336e+02
3.134419800276113506e+02
3.078603260518901266e+02
5.374114767475809913e+02
4.731513154957264646e+02
1.516413659415758275e+02
3.672305676383530226e+02
2.455299345399322419e+02
3.366893208619689517e+02
2.690516956602880327e+02
3.850047069085881617e+02
4.128437081127873398e+02
4.023954576260497902e+02
3.196075804545127426e+02
4.700170392526383694e+02
4.476994597838194068e+02
3.336181976987144822e+02
3.256357945646717553e+02
4.231377950434606987e+02
6.884558549698419938e+01
4.400214089927453074e+02
7.568264044005120468e+02
5.463780218153722217e+02
5.010142329501654785e+02
7.765613050170705947e+02
7.304445135963823077e+02
5.186566983140330649e+02
4.573820379455296461e+02
2.803393585376088595e+02
4.029177347817530972e+02
6.500252473148680110e+01
4.255098813927244237e+02
3.441643590193923501e+02
5.044919899802597456e+02
4.644670538734557113e+02
6.961650888043609484e+02
6.285961968610281474e+02
5.707793416196765293e+02
5.644385981663058374e+02
6.942781467273338194e+02
8.382677093537781730e+02
8.138246482761560401e+02
5.981612281085924678e+02
7.441361410795782376e+02
8.179795950631391861e+02
7.804539121319580772e+02
9.043535890814741833e+02
8.971548852136477308e+02
9.802354311350059106e+02
8.967979273511164138e+02
1.031920628133553691e+03
7.761006678347357592e+02
8.297588741650688462e+02
7.406351558528788246e+02
1.107956781595938537e+03
5.958134248471931187e+02
7.744265941393034609e+02
8.603855437529693972e+02
9.486706673781411610e+02
7.494396724647681367e+02
6.724191696773596050e+02
8.001549824966566575e+02
8.769451825251030641e+02
9.731987499889951323e+02
8.436349268781634692e+02
9.635827556560636822e+02
8.561901446962697264e+02
8.797372571481964769e+02
1.003362443995062449e+03
8.587668739502953485e+02
1.090140745689618143e+03
5.508960040860066556e+02
8.820257113476411632e+02
6.385535402220592687e+02
