-1.560277806264688707e+03
-6.526711356078726567e+02
-7.408416225827327253e+02
-7.825893064682588829e+02
-5.811287719246456618e+02
-7.717742188732294153e+02
-7.089277099082434006e+02
-7.859085454258157597e+02
-6.113586955301627768e+02
-6.039791627145677921e+02
-6.988813663029693544e+02
-6.478930019328092840e+02
-5.354179901568373907e+02
-7.272032568938484474e+02
-6.222909822349911337e+02
-6.853930892164314628e+02
-4.685104252357679684e+02
-9.307269141610004226e+02
-9.748792996115500955e+02
-1.031013539331198899e+03
-4.707365150108893204e+02
-4.873742838361114309e+02
-5.841109530446180997e+02
-1.028268162056185247e+03
-6.204848255796314334e+02
-6.159870751273996348e+02
-5.248955870058484834e+02
2.920564962388123149e+02
-3.897554393231328618e+02
-1.305748889366556114e+03
-7.468024934257659879e+02
-1.190061081234920948e+03
-5.870118679151252081e+02
-8.410950836496857619e+02
-1.107398283865666372e+03
-7.433868069357365584e+02
-2.647900236856120046e+03
-1.465471990957624485e+03
-1.664072803037997346e+03
-1.303577402268409742e+03
-1.056820173614232544e+03
-1.380320565069420809e+03
-1.105425359745504466e+03
-8.996441445627652911e+02
-8.829827467301277011e+02
-8.123933670109320246e+02
-1.840598453770902324e+03
-1.175102757007777655e+03
-8.448530902039922239e+02
-8.738662796003612812e+02
-1.552566649952325633e+03
-7.773338566665439657e+02
-6.157676782424790645e+02
-1.960300616541180716e+03
-7.533726476498751481e+02
-2.081789360817616398e+03
-5.437907180793572479e+02
-6.535623231751515050e+02
-1.649888995649384242e+03
-7.494138194407565834e+02
-5.061534062179238163e+02
-8.036493149259458733e+02
-5.707581740479843120e+02
-1.041665769170028852e+03
-7.400979701589578781e+02
-8.352725614592203556e+02
-5.056812019082619827e+02
-5.412074513659770219e+02
-6.864025148839004942e+02
-6.401800592846490190e+02
-5.242503184994644698e+02
-4.943935631143024239e+02
-5.114316290661093944e+02
-1.519556810643741301e+03
-5.070106680883222907e+02
-5.333126977433447564e+02
-5.740453792663187187e+02
-5.953726867918887820e+02
-4.220416228014074704e+02
-6.519367488170602201e+02
-5.589128409967723883e+02
-6.963970496031240600e+02
-1.007201804155495665e+03
-5.624760379582455698e+02
-6.369842651622416270e+02
-6.289734872688474070e+02
-1.426398492603856994e+03
-6.638542075155577322e+02
-6.863970957323406310e+02
-6.055440981757451482e+02
-1.294047719452692036e+03
-8.357507863490392310e+02
-8.909295575901413713e+02
-1.957074387137556641e+03
-6.987954132063250654e+02
-6.010674689416980527e+02
-6.852319273357375096e+02
-6.448181192236801280e+02
-7.497594625417974612e+02
-6.972653246514553302e+02
-1.320191547549375855e+03
-7.107390932752598474e+02
-8.884430728274733156e+02
-6.834408418080234924e+02
-9.408157355596054003e+02
-1.015436568515956196e+03
-8.694362737195523323e+02
-8.593184374277393545e+02
-1.595229305039201790e+03
-4.200418179985554730e+02
-8.039438262686708185e+02
-5.515417878791828343e+02
-3.918474506464596629e+02
-7.548212207704266348e+02
-6.548006696260119952e+02
-1.402232912697658321e+03
-6.723109667305957373e+02
-6.898928724249354900e+02
-5.178260445270944956e+02
-7.556942627215832999e+02
-7.581983762844556622e+02
-1.024592120900443888e+03
-4.254376487056005089e+02
-5.938543057690457090e+02
-5.973862589326190573e+02
-1.129377063094045980e+03
-4.187354769674587374e+02
-9.424446158592777465e+02
-7.274158897728859756e+02
-6.608762450960377919e+02
-6.651917599427935102e+02
-5.055366781016077766e+02
-6.094742675567475771e+02
-1.099490787733663865e+03
-6.611641011765876783e+02
-1.295612832555329760e+03
-8.308853281567664908e+02
-8.205389464574483327e+02
-1.642654545278407454e+02
-5.104391731265566250e+02
-1.724831586446474603e+02
-6.346672163259586341e+02
-5.141395339513761655e+02
-2.262238384520851184e+02
-5.496289567412542283e+02
-8.584312785860375925e+02
-1.000374420424277332e+03
-5.335324216054748376e+02
-3.549470892781355360e+02
-7.753571910697911562e+02
-5.892971555153573036e+02
-6.103009839931714851e+02
-6.554290221723256309e+02
-5.975050019371522012e+02
-6.199839016518970993e+02
-5.359106353781287453e+02
-6.675841531830369604e+02
-5.192617886926702795e+02
-4.636735838675714376e+02
-5.927430269579067499e+02
-7.666643007920735045e+02
-6.934232883567009367e+02
-7.451028376690153436e+02
-4.684107610095221617e+02
-2.482655761384772006e+02
-9.320559344954237986e+02
-4.726036290303458145e+02
-6.651572909946036134e+02
-1.172900813552607815e+03
-6.115887336251951183e+02
-7.180697953470753419e+02
-6.786607693135688351e+02
-3.104609786272034171e+02
-3.080885031463359383e+02
-7.435050719407779525e+02
-8.376652221391181001e+02
-7.711955804742211740e+02
-4.073829412965402526e+02
-7.379507302907245503e+02
-4.385667760195341316e+02
-6.649295483251727319e+02
-9.010635994200840742e+02
-1.947828151261900871e+02
-8.983506268729205431e+02
-5.745013800611150145e+02
-6.365355524667661484e+02
-4.646902253650765715e+02
-8.679565301141689133e+02
-6.130729090648276269e+02
-5.137575418246940444e+02
-2.544933180027457524e+02
-4.400607846304848749e+02
-9.863290822369308444e+02
-6.565574863350012720e+02
-6.146075964144138197e+02
-2.361889097881617090e+02
-1.973782224797026856e+02
-7.102815747259622867e+02
-6.573372987547293178e+02
-1.153207904802487178e+02
-5.063529658169463232e+02
-7.952661291185586379e+02
-2.602042767772265393e+02
-4.837606893944823128e+02
-5.892942804334716129e+02
-1.540944299227294096e+03
-9.928253746343199282e+01
-1.663687655525784976e+03
-5.802329173800595754e+02
-5.172299871540992626e+02
-9.009379357774309938e+02
-5.344382800233978514e+02
-4.432726369742148336e+02
-4.721792952822724487e+02
-4.223879370950046450e+02
-9.310871875597213148e+02
-7.395006858097917757e+02
-7.013797871527337975e+02
-1.631937247438823078e+03
-3.225856866230094511e+02
-1.732345622217661116e+02
-5.849606225324616844e+02
-4.060466967412599502e+02
-6.176009226156934346e+02
-6.693672239360159892e+01
-3.820490280885836683e+02
-7.124509730631691582e+02
-3.323429159670029094e+02
-5.096638105381463220e+02
-1.315771114731087664e+03
-6.317661377237617444e+02
-3.411860640984122597e+02
-7.228049483304253044e+02
-7.172617212082670335e+01
-2.550717675365582409e+02
-3.715219316372341609e+02
-5.223881063865261467e+02
-4.768298066432143401e+02
-7.438793352085617698e+02
-4.134501129692037580e+02
-5.392623327375520148e+02
-6.398058361497663782e+02
-3.482059204091501670e+02
-7.221796073166559609e+02
-1.837971739238499822e+03
-1.500983464420626888e+03
-1.192925620183630997e+02
-3.010206063274298458e+02
-3.702952916230208302e+02
-6.191361212820647779e+02
-3.605462616809115843e+02
-4.041883862605658351e+02
-1.961406216856106255e+02
-4.789682745844863803e+02
-4.181520427300491747e+02
-6.304201830740307742e+02
-1.262679129172359126e+03
-8.093300014362658885e+02
-5.583130323358352598e+02
-2.026582654926688178e+02
-5.568446098296958553e+02
-6.290021760165823252e+02
-3.646625020243956783e+02
-6.968384574771948792e+02
-6.787254942892137706e+02
-2.178994042205877577e+03
-5.725275532245838122e+02
-5.890524958151589772e+02
-4.993024628396752860e+02
-3.108869569883412396e+02
-2.977336264558937273e+02
-1.502022326192163064e+03
-3.600318482216149505e+02
-6.542684130196306569e+02
-1.391423554155079273e+03
-6.616569873849500709e+02
-4.107020145782421991e+02
-3.916043604434621557e+02
-6.079657296436735123e+02
-3.911977406223986122e+02
-3.034939080328352929e+02
-6.364758727673828389e+02
-4.986074291261762141e+02
-1.448448721415281852e+02
-3.686811511722640944e+02
-4.393130562279824858e+02
-1.299801944795539725e+02
-5.298301451371931989e+02
-2.007093141268027523e+02
-7.161119828179563456e+02
3.057488050225677512e+01
4.925473648232148207e+02
-6.525039085787719841e+02
-1.674520370774320384e+02
-1.298337782928924753e+02
2.311929732404806259e+01
-4.531300483504510908e+02
-6.842880999443955261e+02
-5.627271884859395641e+02
-6.277697185948304650e+02
8.189891657938064782e+02
-6.282862421243137305e+02
-4.455432940133587181e+02
-4.830106307071467313e+02
-6.390941085819763430e+02
-2.360728891360447790e+01
-6.687899686602401061e+02
-2.109510585121266502e+02
-7.702873785576206274e+02
-2.584666616525084351e+02
-9.504375293264118909e+02
-5.615705385247138111e+02
-6.740419986350211730e+02
-1.036812026557229274e+03
9.238582786685693691e+02
-1.047424284853377230e+03
-5.728001065695182206e+02
6.258590480364046016e+02
4.884405220653630408e+02
-5.469176303036467743e+02
4.070709966137644074e+02
-6.675579225546812268e+01
-5.818764628357351967e+02
3.257171682745675412e+02
4.162672441380196346e+02
-2.636112107965100648e+01
6.100089789190654983e+02
-5.957900525763460564e+01
-5.385464527881050572e+02
7.521759860571892204e+02
3.152087312872021130e+01
2.783718669767637266e+01
7.694858990163227190e+02
3.827899744857107862e+02
-1.547663492723351055e+02
1.206546399929387007e+03
4.703340195266561068e+02
-2.154371219587689268e+01
1.307985465944518353e+02
9.006659214823743014e+02
3.886596244033416951e+02
1.921529214733760398e+02
-1.161452380415963432e+02
9.931686429295990592e+02
-1.018955277243465389e+03
9.565391057919991908e+02
8.941795957470843632e+02
7.667053229222966593e+02
2.700982739516655897e+02
2.073764748459762757e+02
7.167848033488826331e+02
6.000588596316561052e+02
4.612050078532631687e+02
4.188640283659443639e+02
7.490948987655550582e+02
-5.552787674683595469e+02
-2.946264947056512256e+02
-4.780488519517622308e+02
1.953084361636417725e+02
1.644356981963309181e+02
3.746483347483133457e+02
1.134513375762642653e+02
4.541773793125126701e+01
-1.988497644925869423e+01
-4.356885855330774575e+02
-6.331135891835476315e+01
8.276340185578216051e+02
3.928817827050166329e+02
4.554051379995783009e+02
-6.883996199815081809e+02
-3.903229798967296915e+01
5.239683209450734012e+02
9.189474981913000420e+02
1.054764425224892420e+03
8.003492048767457163e+02
7.613840259755828583e+02
9.514513998721926100e+02
3.043760418875353366e+02
5.188763032641880955e+02
6.279751076900595308e+00
2.136476826359822780e+02
-7.812709491369452053e+02
-3.436543398405560765e+02
-2.030354852363412306e+02
9.638370621133299210e+01
4.673921289427347574e+02
3.725225065853653064e+02
3.399491708567838941e+02
1.673048018865324025e+02
5.441148206425920080e+02
-1.195336297710935696e+03
3.152392339006972861e+02
-4.300280645910893895e+02
1.389308643643479115e+02
2.602366320559991095e+02
5.621542658117256224e+02
6.190979206982528922e+02
-2.210930691372278147e+02
-2.096365877777844844e+02
5.819672025572566554e+02
-8.792360984156883319e+01
1.074286418385352846e+02
5.758123483350331071e+02
2.503942158408340788e+02
1.702370116979810746e+02
-9.732901532619058571e+01
1.964862397470216422e+02
6.925583856801480920e+00
-7.250681001747855703e+01
3.098851230481146217e+02
1.602918162800232267e+02
6.138420656093510388e+02
6.156722486058271215e+02
2.612974312934751424e+02
1.005837300703070696e+03
5.961597223194592061e+02
8.414484860301477056e+02
3.894711222114395355e+02
4.629515257304140050e+02
5.370486131671060548e+02
1.156769923695717125e+03
5.906036927029153958e+02
3.932254908226029215e+02
7.078724990863518087e+02
6.004564157644310853e+02
1.203805275330856148e+03
7.861952603912492350e+02
8.101765868205183097e+02
9.234603455416586257e+02
1.030454574810805298e+03
7.530748854846330005e+02
1.044747873754997499e+03
1.068864442988682640e+03
4.696341398946853474e+02
5.150759586797819338e+02
6.801206025586119495e+02
8.468910179703514132e+02
8.569484903020108959e+02
1.259750999590370384e+03
9.406987303668099685e+02
1.221363205454320905e+03
7.499146670263355645e+02
1.164891318227010970e+03
1.277914402781625768e+03
1.129336256389267874e+03
1.091643439564251594e+03
9.138327694401974668e+02
6.275799028497430072e+02
7.514892217744451273e+02
8.663850311269654867e+02
5.433226039883768408e+02
2.932097887169041996e+02
5.851627534420392749e+02
3.149601632468107368e+02
1.369193790102917205e+02
5.117046857152162715e+02
5.077054614066327076e+02
4.494167844358109960e+02
1.682079395024199187e+02
3.465018300520683852e+02
1.663514774766993298e+02
1.014582008149527894e+02
2.930823804292272143e+02
1.160052379875172335e+02
3.813724835692861461e+02
2.458302100597988442e+02
3.199236520748928569e+02
8.741916908631282013e+01
2.699433237558423002e+02
3.830985264829961352e+02
4.877287129336199314e+02
8.126472143465392719e+02
6.026584959069678007e+02
6.609180949176794684e+02
6.791043504611113804e+02
7.784552188584942769e+02
8.547712294875768748e+02
8.432483058676898509e+02
8.506301863755406885e+02
8.484957902095976578e+02
1.038249727180145783e+03
9.636175516641784498e+02
9.142752674200071397e+02
9.704253462350135351e+02
1.234584902293539926e+03
9.808631043339967164e+02
9.128748450612918077e+02
1.063370962649261628e+03
1.031963995013101794e+03
1.049868323824002800e+03
1.197343893202041727e+03
1.123778306758805456e+03
9.682781690180349869e+02
1.136111077864804201e+03
8.563094150365359383e+02
8.169858514997774819e+02
1.021978012956880661e+03
9.518450273184931802e+02
1.076726717775326051e+03
7.263583076277433292e+02
1.160656784637441888e+03
1.163847791851979991e+03
1.210672544351044053e+03
1.259021203474231925e+03
6.570706126267755280e+02
1.262529921135702580e+03
8.291622210368508377e+02
5.342912637581880517e+02
7.061484739689960861e+02
1.015961088454110723e+03
1.051853322691545145e+03
9.219420928748944561e+02
1.218701848216313692e+03
9.809287120690446500e+02
9.786487413358116783e+02
7.965778547362033351e+02
9.298763895872068588e+02
7.236722878652730060e+02
1.103935359372414950e+03
1.161929123172316622e+03
8.999423542037044399e+02
6.248965761947914643e+02
1.839548859274254028e+03
3.766199896896665678e+01
4.441669680083884941e+01
7.407320740098985823e+01
6.277002197455311716e+02
1.049552224027938564e+03
9.696632565046390937e+02
1.080627046889698022e+03
1.088411511590422833e+03
1.314906119156465820e+03
1.338752803004566431e+03
8.271751252319085097e+02
9.509030719820467539e+02
9.160093870084244827e+02
1.147534594632452354e+03
1.076371157275047153e+03
1.241383587202537228e+03
1.211144073480392535e+03
1.105407275820306950e+03
1.103108397309646989e+03
4.110139541514920438e+02
9.257379610910683141e+02
6.044064642648063455e+02
4.067987614784225343e+02
1.145253318576837501e+03
5.137958367041852625e+02
3.097676625826022132e+02
2.897152046669135075e+02
1.374736974010657377e+03
1.811404040744966721e+02
6.421833407997709173e+02
8.848919154783392287e+02
7.850224368754775242e+02
4.070954006546069195e+02
6.184259407445589432e+02
3.494454875151843112e+02
7.118749573810724769e+02
3.738636850469329715e+02
4.983776608171677935e+02
9.079163187464146176e+02
5.524048400326605588e+02
7.165556585053377603e+02
5.538930860500248627e+02
7.033361377241899390e+02
8.721010227884644337e+02
2.602720272657068676e+02
9.345734744686278646e+02
8.170172528760946307e+02
6.999307058991910253e+02
7.687587210094736747e+02
9.752355646353254315e+02
8.063781167110696515e+02
1.009239117817544752e+03
1.112304424153356877e+03
7.706361957000719940e+02
6.306311329801027341e+02
1.331327736267821820e+03
1.135160358789055408e+03
1.289883056660480179e+03
1.151975590396262760e+03
1.001806645440852094e+03
1.202004149355257141e+03
1.331009833450010092e+03
1.410688022784750501e+03
1.356001811841284507e+03
1.496318157283690425e+03
9.773140942313223150e+02
1.164410927889710365e+03
1.292583693583685090e+03
1.290964465025908794e+03
1.111613719574256265e+03
1.392095869176878750e+03
1.399777491276259980e+03
1.387523186670791802e+03
8.501759809624821855e+02
1.308624480940753529e+03
7.195751431673518255e+02
1.114962904164167867e+03
1.132809937091022448e+03
9.914781889420140715e+02
1.117392131598182914e+03
1.195293981123957565e+03
1.115461394109768435e+03
9.376337089635726443e+02
1.067146901327778778e+03
1.230810546052896825e+03
1.013849310743545971e+03
1.149977776758725668e+03
9.215315732596122871e+02
9.864501458139296801e+02
1.006075419196135726e+03
1.328109731239207804e+03
8.868749591610587686e+02
9.193180726065288582e+02
1.248572821788934789e+03
1.085665810123263782e+03
1.135819251323855724e+03
9.073602709113451965e+02
1.305336155844053565e+03
1.152257696320894411e+03
8.931905381988167392e+02
9.337789924908792045e+02
1.076134105383583574e+03
7.116721666770484944e+02
6.868791928525243975e+02
1.286476680101569173e+03
1.092005270746299857e+03
9.258635750045732493e+02
1.023226511033662291e+03
7.616825392747789465e+02
7.306453332251127222e+02
8.489287924385761244e+02
1.082674853637518481e+03
9.408473588768678155e+02
1.155530995582235846e+03
1.068091368369953670e+03
1.257643758259841889e+03
9.607771251120997249e+02
9.592573688659490472e+02
1.111131310342575262e+03
1.159708564183902809e+03
1.066713832901285059e+03
1.122191733680389234e+03
1.075420514596105249e+03
1.312836246107588067e+03
1.265573224469021397e+03
1.125896279255436866e+03
1.405891300937379128e+03
1.235721142328841779e+03
1.381693014961072095e+03
1.375441436245850582e+03
1.143206553081589391e+03
1.218459697137099056e+03
1.270848353374830140e+03
1.288418820761366987e+03
1.290220147730238978e+03
1.439768140640854199e+03
1.150560459940574219e+03
1.459557144306517330e+03
1.260450353860076575e+03
1.429046597313278198e+03
1.499124737181225555e+03
1.395871167118279573e+03
1.487125213897215417e+03
1.371027636986189009e+03
1.453187065066810874e+03
1.405124677173568216e+03
1.466185863226985930e+03
1.194565207991281568e+03
1.427829751319258548e+03
1.548463043698182901e+03
1.221814870061091824e+03
1.430786124716511495e+03
1.094508782958922666e+03
1.469438823509696249e+03
1.395091407072523452e+03
1.315574787479303723e+03
1.394553809250206768e+03
1.500863660693109750e+03
1.381715057017548816e+03
1.448076908033372547e+03
1.558225164609010562e+03
1.196907818710699303e+03
1.526405270243517180e+03
1.504479396111748429e+03
1.511175785402231668e+03
1.220384034186531608e+03
1.215023372498318622e+03
1.386340621981280947e+03
1.307162395689904997e+03
1.488913918080335861e+03
1.256264777731979166e+03
1.268705228864452693e+03
1.277291918312678035e+03
1.016614813300202854e+03
1.416653720843673000e+03
1.251307459086878453e+03
1.641210108409791246e+03
1.510695758562354058e+03
1.301139555379091689e+03
1.433117308238021678e+03
1.469487166663361904e+03
1.630826160953264207e+03
1.628606769676879594e+03
1.415813146362872430e+03
1.579739705738129942e+03
1.654717340429094975e+03
1.314586912179542196e+03
1.395524588592489636e+03
1.488073505545052967e+03
1.617883469717078242e+03
1.620448147717655502e+03
1.684970919034738927e+03
1.696467773620056960e+03
1.543244010785840146e+03
1.510714224195689440e+03
1.456832575220095805e+03
1.548376297426826341e+03
1.561845541202299273e+03
1.663605559774718586e+03
1.431690557319252775e+03
1.499247553878703457e+03
1.313161157115117703e+03
1.436403881385981322e+03
1.678131572281362423e+03
1.460069632506247444e+03
1.400030077800758136e+03
1.540238212000045678e+03
1.280736161993638916e+03
1.570335401923159679e+03
1.538047471209985133e+03
1.550728966767617294e+03
1.493546409312222750e+03
1.278572933194009693e+03
1.489029120606921197e+03
1.557129537292516034e+03
1.232397311655049180e+03
1.657054074448969914e+03
1.531401016632719120e+03
1.457840388117232806e+03
1.572243111800740735e+03
1.378221303218950879e+03
1.336107914121475460e+03
1.303974254012962319e+03
1.567660461057763769e+03
1.453221126702587071e+03
1.379760115647285147e+03
1.462291519105869156e+03
1.497931658553529587e+03
1.392339117481060839e+03
1.412793285693206144e+03
1.434149922923573286e+03
1.506678433134591614e+03
1.261016473634269005e+03
1.554914749358049448e+03
1.535588995775159447e+03
1.291775139532520598e+03
1.321763802455910536e+03
1.310841554684839821e+03
1.309825746568083332e+03
1.368189007467894498e+03
1.327736688831881338e+03
1.356431606596753227e+03
1.434408219636948388e+03
1.323367526912953053e+03
1.480939152964487221e+03
1.268827748579385343e+03
1.373726372766541090e+03
1.400926585707676850e+03
1.384006737134199739e+03
1.185533921103800822e+03
1.252569056519338801e+03
1.394584418403845120e+03
1.481235016790783448e+03
1.248552565412529930e+03
1.263224185620558501e+03
1.250955714110552435e+03
1.198802392089621435e+03
1.487287086206939421e+03
1.262093318007523749e+03
1.412121639491139604e+03
1.262691334178374746e+03
1.366974182803051463e+03
1.447771723368051425e+03
1.156402731833306461e+03
1.257846828391372583e+03
1.241387603319688651e+03
1.344870329795336829e+03
1.456554657138654875e+03
1.155206510430970866e+03
1.526467152258580654e+03
1.339483912642360110e+03
1.342687445605979065e+03
1.389603119837088570e+03
1.220852469161960244e+03
1.323912942629112649e+03
1.319120292420438318e+03
1.479453276358698531e+03
1.312374200186912731e+03
1.341645383144440530e+03
1.228082091700037608e+03
1.571791971747493108e+03
1.316173741683237267e+03
9.774513113328951022e+02
1.429297670198172909e+03
1.501503111961383865e+03
1.501395418563499788e+03
1.627848475550382318e+03
1.548164188066493352e+03
1.357260329341494980e+03
1.411091107668725726e+03
1.492222445881256817e+03
1.293243127979895917e+03
1.392476469617221255e+03
1.418747575730257950e+03
1.417470621540463526e+03
1.358358088877791033e+03
1.383992430950814878e+03
1.258386462683730770e+03
1.408464827810024872e+03
1.547204722127560899e+03
1.444362145699533357e+03
1.518464180872862244e+03
1.340901355088672972e+03
1.338883653506205292e+03
1.479564140277156866e+03
1.317134685734140021e+03
1.465346851976566995e+03
1.543180592789183947e+03
1.610877090605759349e+03
1.436109505459022785e+03
1.428736233989799985e+03
1.371272852014428736e+03
1.292044839494830057e+03
1.487148358914411801e+03
1.388720490775172038e+03
1.306162713832401778e+03
1.430926747493840139e+03
1.385516723488990010e+03
1.454835354263438148e+03
1.464088682478678948e+03
1.382860221358910394e+03
1.586526288908831020e+03
1.413521400708977126e+03
1.498494134777730324e+03
1.423322905247347080e+03
1.473681499609978800e+03
1.470409125229777146e+03
1.457169907205061236e+03
1.584430779552996228e+03
1.293187043737028716e+03
1.385949468848244351e+03
1.376833749643353258e+03
1.516725548951254495e+03
1.383903701276665288e+03
1.547587167572794897e+03
1.446393112560732789e+03
1.368063328523518976e+03
1.574394583708541177e+03
1.558390288119036313e+03
1.434264377939875430e+03
1.432283725373210473e+03
1.574799016841091770e+03
1.493316884969963667e+03
1.613477135436712842e+03
1.608028647919450805e+03
1.359066339950119527e+03
1.402092947217582605e+03
1.505654434760987442e+03
1.518565046925306206e+03
1.439050225250778112e+03
1.012742183969698090e+03
1.381160855725208421e+03
1.421904120976677859e+03
1.477333901453228918e+03
1.258369009839579121e+03
1.507483527427042873e+03
1.624474867959442008e+03
1.342190281029073049e+03
1.567686671413265913e+03
1.101024009561910134e+03
1.347131796507716217e+03
1.410891572678044895e+03
1.292892554784252297e+03
1.419111899441861624e+03
1.455426216698448343e+03
1.375663194492919274e+03
1.410344206925613662e+03
1.526217180466637274e+03
1.276703821650792634e+03
1.299189407588071163e+03
1.418409770369314629e+03
1.305220395764296654e+03
1.328917036137423111e+03
1.230204092629751813e+03
1.181556102958503971e+03
1.238590469793642569e+03
1.340289164618388440e+03
1.490361459947058393e+03
1.100119134362258592e+03
1.381065866762916812e+03
1.456552465295474121e+03
1.342230506364949179e+03
1.273056772015839442e+03
1.310225159949308818e+03
1.614270238817199242e+03
1.442084273075623514e+03
1.401522453306927218e+03
1.323098867867061017e+03
1.415414567073997659e+03
1.488297568422959557e+03
1.634307916318719208e+03
1.432677533709641011e+03
1.669030995406540114e+03
1.653467189783366848e+03
1.689918414394008323e+03
1.420789052121034956e+03
1.279684824841827776e+03
1.559735639474259187e+03
1.641162812915632458e+03
1.424761639682767509e+03
1.501334350367769957e+03
1.520483819263929945e+03
1.447624467765618192e+03
1.557411182481860351e+03
1.489463936594194820e+03
1.516850840203869666e+03
1.552118622782654256e+03
1.593192261044975339e+03
1.502628135386509939e+03
1.628557076426357298e+03
1.416603049532401656e+03
1.544862033844073039e+03
1.502398966371217512e+03
1.469908533220229629e+03
1.549475037499737937e+03
1.687584270224996772e+03
1.748490013047605999e+03
1.380443623796197699e+03
1.517210976067512547e+03
1.631981271497906164e+03
1.610765054797123867e+03
1.487775186085022142e+03
1.721170672394070152e+03
1.304834667300200408e+03
1.612779234775601708e+03
1.521774115341815559e+03
1.513668507471120392e+03
1.499865662366839388e+03
1.618098941572908188e+03
1.612658206988672418e+03
1.386150329076851676e+03
1.438722027054909859e+03
1.506989403901015294e+03
1.466468024723546478e+03
1.535939359052099917e+03
1.431076229554530755e+03
1.442697186066635595e+03
1.539358169508860101e+03
1.473940139462531079e+03
1.570283261719034044e+03
1.392341526039343080e+03
1.429430741729110423e+03
1.582059531335420388e+03
1.503336417667391515e+03
1.489697209902804843e+03
1.364209849377469027e+03
1.468870372215551924e+03
1.441994137936738980e+03
1.485541701256287297e+03
1.476784406938435495e+03
1.381893205559157877e+03
1.432927931002005607e+03
1.392488776463919294e+03
1.385313954326938983e+03
1.335711825437266498e+03
1.472585055746666740e+03
1.437605409061387491e+03
1.349035699734403579e+03
1.469670484815175314e+03
1.523016608612835626e+03
1.221173543913390176e+03
1.352617551890504956e+03
1.359482273617203191e+03
1.550056907337766916e+03
1.486674997868760784e+03
1.458381034797407210e+03
1.496649359392213228e+03
1.362443179333380158e+03
1.272018703045965594e+03
1.524640096658805533e+03
1.427174795558697042e+03
1.375998399204474936e+03
1.281078780533233157e+03
1.280226254753824378e+03
1.451665078641952505e+03
1.358318147828836118e+03
1.276682492792111589e+03
1.469877422451187840e+03
1.243466397958161451e+03
1.436735632445800547e+03
1.396477247452567553e+03
1.338277886139857856e+03
1.451183579907062494e+03
1.399387270623316454e+03
1.396720552375983971e+03
1.401962625591836286e+03
1.349774945729263891e+03
1.406572105554858808e+03
1.351054990134862010e+03
1.532698336185655307e+03
1.403921082511613349e+03
1.353204942556928017e+03
1.376373791508535760e+03
1.578023984571377468e+03
1.362577878167944846e+03
1.425255258939698479e+03
1.405501962240151443e+03
1.502486681892095930e+03
1.369016900476389537e+03
1.457751533145249596e+03
1.597507648692082057e+03
1.673079689059027714e+03
1.543365288833259456e+03
1.632423439472491509e+03
1.536457443101158788e+03
1.598862336119604606e+03
1.388635461236617402e+03
1.486817180929630922e+03
1.461450085628214310e+03
1.473411923297137264e+03
1.223407436615957067e+03
1.423495011529704470e+03
1.476248230014895171e+03
1.525515112054027895e+03
1.634373129964934833e+03
1.489977791047110713e+03
1.627355258391872439e+03
1.587280837359161751e+03
1.594902162178635535e+03
1.557857542397581710e+03
1.559459110126213773e+03
1.491430451232316727e+03
1.600054308367900830e+03
1.715464294044739745e+03
1.469910544152170360e+03
1.445791423458401368e+03
1.535407813191187643e+03
1.526218238794778244e+03
1.507686777299945334e+03
1.422876654118630313e+03
1.573728928552372736e+03
1.565338324415224179e+03
1.553203291024350847e+03
1.518837012154441709e+03
1.567312496580389052e+03
1.516848045083040915e+03
1.603818264949055219e+03
1.573776491814688370e+03
1.484667729585472671e+03
6.401879846916011729e+02
1.593737251682084207e+03
1.683023850810503518e+03
1.529425992897391779e+03
1.558160629351096759e+03
1.786703667877314501e+03
1.433251939254353601e+03
1.682468489604149909e+03
1.404588806931227282e+03
1.493144545845656694e+03
1.642992093599660166e+03
1.667362706541752459e+03
1.500570442341148691e+03
1.396295588234968818e+03
1.426846721239861608e+03
1.746329250164747691e+03
1.712749235085192140e+03
1.305624432354746432e+03
1.654314656864858307e+03
1.585468359715083807e+03
1.493338766479083461e+03
1.381810465275557362e+03
1.561115199214151744e+03
-7.152644310221378419e+02
1.573857096703562547e+03
1.729022954270002401e+03
1.443227012618456229e+03
1.547836703538337815e+03
1.579676332720276832e+03
1.570489910923398838e+03
1.434117878609910576e+03
1.540604324812110463e+03
1.040203748913872005e+03
1.522776656296944338e+03
1.414416418066977712e+03
1.522936333666372320e+03
1.415036998137966066e+03
1.552074365251862218e+03
1.599369158285235244e+03
1.675627669528849310e+03
1.437053106135049802e+03
1.405034644260003915e+03
1.572411899711720707e+03
1.209822794705463366e+03
1.278988485133300856e+03
1.588153548561515663e+03
1.381361478414402427e+03
1.225128555448746056e+03
1.464518502588320189e+03
1.361987650320422745e+03
1.460855383357351002e+03
1.429131857244273533e+03
1.501038816733631847e+03
1.403365347514164796e+03
1.474843029059473110e+03
1.352385245084529515e+03
1.469844336447760497e+03
1.428092878379132117e+03
1.348216158832524798e+03
1.483162437248964352e+03
1.496716987192840861e+03
1.508765650476350856e+03
1.643947121617539096e+03
1.605585152461701909e+03
1.426416056517858351e+03
1.592314247486618115e+03
1.616125522065963423e+03
1.518728925647645156e+03
1.548930347608595639e+03
1.589459149920765412e+03
1.485989439042812137e+03
1.451367349803399975e+03
1.357462788725582868e+03
1.580541043155133593e+03
1.466681927747506734e+03
1.503373204606729360e+03
1.333775650537053934e+03
1.598072907423480956e+03
1.397997881781708429e+03
1.499697434708111587e+03
1.405740864194695178e+03
1.428333171614532830e+03
1.664588919087204658e+03
1.572319313605132720e+03
1.562421508931036897e+03
1.673866103193847721e+03
1.474247908917524910e+03
1.553599683096060517e+03
1.586055108176597741e+03
1.494322870888651096e+03
1.500388229149323479e+03
1.608438794457976883e+03
1.505856357285586682e+03
1.194294769716451810e+03
1.553161704354889025e+03
1.523253968514491589e+03
1.495567163779654493e+03
1.654461556580462911e+03
1.521961360122616952e+03
1.460011242159039739e+03
1.597960056662792795e+03
1.573178661076944763e+03
1.538982853584250051e+03
1.763294329551596093e+03
1.314162421274400913e+03
1.412917943536807570e+03
1.478010033300662599e+03
1.345738809506900907e+03
1.423484146475829448e+03
1.376682937355631111e+03
1.514144016532059595e+03
1.465424757051818915e+03
1.457413794825110926e+03
1.325621685833838228e+03
1.358676089791279537e+03
1.444673960504581146e+03
1.480383579453718085e+03
1.397837628564047918e+03
1.319736508787483217e+03
1.659693924282131775e+03
1.413746476017767009e+03
1.452325642322495696e+03
1.484184140560347714e+03
1.375418418654551033e+03
1.491528733746351463e+03
1.529387024854044967e+03
1.255732597213821009e+03
1.609946785691686500e+03
1.671003529758613695e+03
1.491212587892278862e+03
1.523353699433115025e+03
1.551967103232416775e+03
1.388683234356230741e+03
1.448083170613034781e+03
1.555226996673967733e+03
1.609782699996910651e+03
1.606072068045331207e+03
1.414207452787220518e+03
1.587438672672804387e+03
1.522911159959143333e+03
1.822395483831279989e+03
1.666295542408647407e+03
1.588931782355523637e+03
1.839888439043734252e+03
1.688591285515564323e+03
1.578989666192780078e+03
1.729721459855730473e+03
1.703009306204125778e+03
1.558969429697436681e+03
1.617456506948809420e+03
1.601884743998939030e+03
1.600743608087891971e+03
1.526396516678946227e+03
1.510570191848729792e+03
1.432809651863239651e+03
1.598894360999979199e+03
1.463089207665576623e+03
1.397067476757541954e+03
1.609406611692038950e+03
1.503860336256187111e+03
1.477568917510929623e+03
1.620391705428444766e+03
1.359979161730618216e+03
1.652114289847120062e+03
1.539245624213193423e+03
1.504868180589260191e+03
1.688424215397737271e+03
1.377237286125034643e+03
1.544707547340299925e+03
1.578241162518181454e+03
1.404701739517703572e+03
1.733563783758283535e+03
1.588591589671924567e+03
1.721035727328365283e+03
1.756515595451517584e+03
1.541901587547364898e+03
1.566295568522210033e+03
1.709268340335502671e+03
1.522763138247547431e+03
1.717909260790588405e+03
1.668646126872840114e+03
1.700355613089455574e+03
1.675873182671242603e+03
1.639073066733625183e+03
1.801597519626662233e+03
1.496722711882931662e+03
1.586976343450639888e+03
1.449470573335158406e+03
1.573324615293733586e+03
1.547415148876928242e+03
1.661172555359773241e+03
1.578606259806340404e+03
1.568540472305658795e+03
1.663800670753220857e+03
1.370890472820599371e+03
1.352722884081610118e+03
1.591556132836247343e+03
1.722438837296161637e+03
1.467815210986587545e+03
1.497705106594146400e+03
1.533661108911775955e+03
1.706369985049681418e+03
1.524988995842204758e+03
1.535283698485994137e+03
1.558040341037705502e+03
1.510664973788342422e+03
1.501250844778080591e+03
1.555007868717128076e+03
1.526871525208852972e+03
1.523184065560496492e+03
1.442643576087870770e+03
1.635980619129078377e+03
1.522855450967693514e+03
1.536771554491989264e+03
1.589039415201636530e+03
1.523919420053439808e+03
1.460338423322574954e+03
1.626380466749332300e+03
1.344791646610965472e+03
1.415152323009153633e+03
1.343744745422331789e+03
1.522308494969367530e+03
1.450909783342523951e+03
1.481735909423212433e+03
1.495428571751781419e+03
1.485952904866556992e+03
1.436175614825075172e+03
1.479519200168450425e+03
1.506218887159153837e+03
1.509405988061939070e+03
1.372373317154389269e+03
1.416961511700978463e+03
1.444039860916829184e+03
1.591396339828000691e+03
1.434778046255734125e+03
1.402717696415116052e+03
1.435519203022875672e+03
1.592153247085768726e+03
1.512168562884107814e+03
1.392020159885729981e+03
1.494789792821748733e+03
1.453636537267566609e+03
1.431167334432620237e+03
1.553933747846204142e+03
1.502935722932837962e+03
1.386639774713819861e+03
1.502096412374627562e+03
1.507795938521648168e+03
1.517562639311496923e+03
1.403344417647481123e+03
1.438497356234841163e+03
1.444049410576210903e+03
1.412335529769472259e+03
1.498454840718701917e+03
1.415666585157095142e+03
1.469653175386401244e+03
1.430023473823279573e+03
1.443311516761061739e+03
1.510916682227782076e+03
1.447657436617384292e+03
1.577887357564094145e+03
1.537151787059805429e+03
1.533925198931202885e+03
1.472575397773897976e+03
1.575597308849884030e+03
1.652993317905885306e+03
1.627312046658017607e+03
1.560537448266456977e+03
1.521132540135820364e+03
1.615183574796948506e+03
1.456488732481172065e+03
1.712411158184146871e+03
1.634149863398574098e+03
1.688940658411410823e+03
1.661861588789760162e+03
1.635307419070626111e+03
1.544310393243297767e+03
1.529649238756541308e+03
1.570676386621266374e+03
1.504665220932859256e+03
1.679963787371949365e+03
1.569870391968627018e+03
1.490559228706656995e+03
1.532596603081648709e+03
1.501950794315210715e+03
1.690981050140417892e+03
1.566477039560118101e+03
1.465895296634913848e+03
1.576442483630722791e+03
1.568260585305849872e+03
1.713360844383534186e+03
1.538341555725220360e+03
1.620136590789722732e+03
1.623572952823286187e+03
1.423770853498012457e+03
1.503072159199933367e+03
1.264427416489201278e+03
1.473303194431577367e+03
1.502774969610683456e+03
1.425410049023900228e+03
1.613412825830469501e+03
1.495886826642708456e+03
1.547355043434158461e+03
1.546270786428061911e+03
1.572964438557801259e+03
1.544178524056581864e+03
1.454887043507080080e+03
1.657850591681764399e+03
1.449377977723722324e+03
1.406143807575207575e+03
1.440416029697541262e+03
1.508649285284676353e+03
1.550322594920643041e+03
1.433984791139104800e+03
1.411339470132891620e+03
1.478790268962445907e+03
1.299159805431563655e+03
1.594389736783072749e+03
1.583589455736514310e+03
1.553230411923505017e+03
1.542787994549361883e+03
1.634155215873415045e+03
1.463682119597024894e+03
1.486561725599490501e+03
1.506377619172094001e+03
1.540347502140464712e+03
1.540675247095543455e+03
1.675033513657294407e+03
1.496944860599105596e+03
1.588743699157316314e+03
1.617303518402907457e+03
1.664202662949411661e+03
1.455032821819188939e+03
1.623684476657008645e+03
1.493375913239524834e+03
1.483285624500994345e+03
1.481763822480613271e+03
1.616362004316639059e+03
1.509313011361982262e+03
1.613127254169191701e+03
1.565003659937861585e+03
1.622711028826548045e+03
1.537239602864061453e+03
1.581086311015998263e+03
1.465697846019582130e+03
1.444778315492045294e+03
1.519720805127174117e+03
1.656271441124818011e+03
1.491828006768406567e+03
1.684190849112980004e+03
1.616317469719219844e+03
1.629303569743369280e+03
1.439498263723822220e+03
1.554746611284463597e+03
1.695729184004994977e+03
1.622523893352437426e+03
1.470854982863454552e+03
1.601557384746779007e+03
1.465987797840166650e+03
1.372098663605376487e+03
1.537706459243029258e+03
1.513825766796888502e+03
1.436271799308348363e+03
1.494876224671027558e+03
1.450392576081093694e+03
1.570421383393928409e+03
1.586545983760581066e+03
1.365874296304764130e+03
1.572133854337906996e+03
1.539594769235092826e+03
1.558161344530363522e+03
1.444131174855553354e+03
1.405325181939280810e+03
1.361713899457673506e+03
1.517674159501670147e+03
1.455440990471598525e+03
1.348515051215958010e+03
1.606972948839012588e+03
1.444645313920924991e+03
1.378131079979861624e+03
1.592956591882140856e+03
1.586075262482329663e+03
1.585490127729174219e+03
1.176971700502457679e+03
1.428448019595431560e+03
1.613711697551984798e+03
1.481440457282816396e+03
1.596154875135086968e+03
1.599178684887153850e+03
1.572479827952819505e+03
1.521171778219832049e+03
1.556017457585377088e+03
1.596593576479936928e+03
1.595684955142139188e+03
1.600732539840843629e+03
1.407826343843068116e+03
1.570304140404616646e+03
1.520930529315388412e+03
1.524630982502194456e+03
1.473731764843385463e+03
1.386023092205962939e+03
1.459009600651141682e+03
1.491797683325242133e+03
1.475556346444727069e+03
1.599014702975919590e+03
1.554243565999981456e+03
1.658494878795858995e+03
1.575828626454354207e+03
1.681144425406765549e+03
1.528511702387260584e+03
1.453739450542848317e+03
1.529748450226183650e+03
1.437955033938305405e+03
1.482562399133873441e+03
1.434014634333683716e+03
1.613221050037176383e+03
1.478653570816838965e+03
1.588643030934300896e+03
1.379220414589706252e+03
1.628929114994121846e+03
1.584991123113235744e+03
1.673869634545943200e+03
7.380710481623508485e+02
1.509464352064848981e+03
1.370056607176198440e+03
1.282162915799834764e+03
1.430790985022955965e+03
1.583686211169246235e+03
1.629215773133104221e+03
1.439333586511758313e+03
1.604632179941891536e+03
1.634546510513709109e+03
1.574713000948959007e+03
1.482514427243857654e+03
1.665116800110692566e+03
1.604022868927929267e+03
1.581787659850251430e+03
1.450792407655473426e+03
1.531851258606382089e+03
1.538763522155832106e+03
1.467410378268401701e+03
1.593889004470737746e+03
1.522158175312028334e+03
1.657208176681807572e+03
1.689893579840946813e+03
1.507031462891061437e+03
1.599234714079153264e+03
1.575603515568245484e+03
1.440249096386644851e+03
1.533114099558726593e+03
1.757727665568351540e+03
1.674621260423952663e+03
1.557776340570113916e+03
1.635067272899885893e+03
1.473170670590797954e+03
1.659204979159685536e+03
1.531273214909375383e+03
1.578744838233035125e+03
1.661258951683364103e+03
1.730907031075251098e+03
1.491096533653162396e+03
1.671006964481025989e+03
1.610186637838663955e+03
1.721615425735392819e+03
1.534212820838355810e+03
1.696534495093430451e+03
1.600258720598948230e+03
1.538013248787239945e+03
1.534627227581156603e+03
1.543217472674864439e+03
1.625907050972021580e+03
1.651157316987266540e+03
1.724011364905800974e+03
1.533887209641787194e+03
1.492311917327444007e+03
1.633525468310271663e+03
1.611293928386827247e+03
1.751915354486653769e+03
1.605153637535853477e+03
1.709131650918197238e+03
1.543219826798373788e+03
1.587383984176934518e+03
1.561361147254542630e+03
1.531583250422820583e+03
1.429885181411124449e+03
1.590977076662942181e+03
1.639918524297816020e+03
1.587735262899303962e+03
1.498722950844736033e+03
1.576971206865980548e+03
1.717301418259512957e+03
1.448388845869556462e+03
1.590447289420007337e+03
1.604634331371392364e+03
1.494217541609204090e+03
1.544595387224301703e+03
1.712332411106734980e+03
1.549307473630650975e+03
1.402519303799770114e+03
1.592171069041247392e+03
1.564205883594394891e+03
1.479202869382681683e+03
1.618621490944281732e+03
1.558629174820791377e+03
1.473055561853562722e+03
1.495184776539457289e+03
1.530190381173553305e+03
1.452528142110774525e+03
1.478778688713804968e+03
1.539359196604430053e+03
1.394071556641131110e+03
1.491372454418996540e+03
1.552552642915829892e+03
1.559366652963336264e+03
1.562165046487937616e+03
1.529745514368196382e+03
1.603336422472329104e+03
1.670378011763110180e+03
1.576869469980073063e+03
1.468304592046316657e+03
1.713595123859210162e+03
1.531004450738266314e+03
1.649031573558934724e+03
1.636339476584233125e+03
1.631150464863080970e+03
1.693891169283829413e+03
1.666322697832825270e+03
1.716167887841525044e+03
1.571768501771831097e+03
1.649971357862325931e+03
1.740386244636640868e+03
1.686073236562853481e+03
1.558536716245197113e+03
1.568001157866866834e+03
1.460419518486169181e+03
1.500270770567446789e+03
1.505685299101256760e+03
1.532426621861725380e+03
1.558717782263097433e+03
1.594894233556082781e+03
1.631560858747221801e+03
1.545423905094886777e+03
1.556301407579498573e+03
1.555660111330182644e+03
1.591842683779096888e+03
1.652336742642701438e+03
1.565903690696460899e+03
1.711253709913438115e+03
1.689761444505517375e+03
1.467390284005166677e+03
1.522934286348413252e+03
1.580523653789968193e+03
1.731371238428346260e+03
1.487749712151052336e+03
1.752146919058740878e+03
1.458299458441186516e+03
1.671077727406780468e+03
1.735625735298016480e+03
1.411674459632136404e+03
1.590653636194059345e+03
1.636895767547941659e+03
1.483272087296261589e+03
1.546442796419845081e+03
1.658076876692948190e+03
1.572194340861969749e+03
1.632308185819701976e+03
1.521420925804685339e+03
1.632129052844950820e+03
1.555058645681493772e+03
1.727829813760247362e+03
1.716484992295846041e+03
1.548707218761851891e+03
1.736528881921225320e+03
1.688028489149694451e+03
1.703901953904597576e+03
1.599347900689494963e+03
1.638708040609386444e+03
1.582832360576250267e+03
1.630831797183866229e+03
1.504582634440221454e+03
1.597638555417020370e+03
1.592502851751228036e+03
1.627827980730324271e+03
1.517671158712507804e+03
1.670056053046612988e+03
1.584854498045220225e+03
1.500084056842060136e+03
1.609937937492694800e+03
1.500852658276094871e+03
1.534900635110764142e+03
1.715984090708301665e+03
1.561507076829238713e+03
1.616698123625083326e+03
1.582981040411476442e+03
1.637148419324400948e+03
1.523469090486491268e+03
1.504128340858276488e+03
1.529520942458695572e+03
1.625083839278222285e+03
1.619034729758285494e+03
1.528038341099421359e+03
1.618674093696279897e+03
1.688727562425022597e+03
1.621485684653285261e+03
1.583862436079893087e+03
1.475675058204564266e+03
1.560712142636634098e+03
1.690730312484051865e+03
1.476400803897701280e+03
1.526469899518154079e+03
1.552069058929011135e+03
1.578309245946073133e+03
1.707758157090573150e+03
1.594611716906348192e+03
1.672590843522089926e+03
1.660671046452114069e+03
1.695965654348201042e+03
1.585292047560808442e+03
1.469331315069310222e+03
1.636394779042939035e+03
1.555969124222237269e+03
1.540480562997301831e+03
1.652159923889173115e+03
1.575190290081922740e+03
1.478763223882554257e+03
1.629778236290016139e+03
1.537533807502283253e+03
1.575452970015375286e+03
1.599643963000516578e+03
1.524864002191642840e+03
1.477334242418906797e+03
1.648217666226348229e+03
1.532506309626137863e+03
1.468179172018514464e+03
1.656985740416595945e+03
1.722602095342979965e+03
1.577485572707079882e+03
1.660557351674736083e+03
1.461281432235911097e+03
1.577771723529152951e+03
1.545813871603467305e+03
1.481589528094120851e+03
1.390606184593716307e+03
1.628644601271863849e+03
1.537862415780683023e+03
1.576509070535180172e+03
1.483011063588791330e+03
1.511821892275531354e+03
1.583987514349403227e+03
1.518846026123730326e+03
1.522236690859308510e+03
1.742164268122740168e+03
1.513108749507673110e+03
1.348777759379051076e+03
1.632359219670767970e+03
1.491029579492788798e+03
1.523286327496572540e+03
1.513183680121145926e+03
1.427142368634811191e+03
1.358223372788709867e+03
1.564855785861775530e+03
1.529461151394164062e+03
1.545365641090787904e+03
1.534116920677038252e+03
1.762401413389199433e+03
1.409982142088486626e+03
1.541250729695985228e+03
1.527449927365211806e+03
1.552424206061241875e+03
1.673010466228358837e+03
1.664286082117897649e+03
1.431761437262377058e+03
1.543980189743462688e+03
1.553410761435043696e+03
1.608244871865562345e+03
1.558090934663823873e+03
1.585402106868142710e+03
1.678652303374433131e+03
1.486152973604350564e+03
1.515821094247547535e+03
1.481356362766589655e+03
1.662143208748392681e+03
1.681113104423208824e+03
1.536264125166030226e+03
1.691408685250825556e+03
1.615312635465396852e+03
1.675381818621156754e+03
1.750353904434955211e+03
1.639117020290788787e+03
1.597156105834162645e+03
1.608140696440242664e+03
1.645011424787919168e+03
1.473697752281883140e+03
1.683231132699182581e+03
1.689829628593513917e+03
1.626842286084875013e+03
1.685560183228201367e+03
1.630527349498796866e+03
1.729887023943473650e+03
1.647964531828010195e+03
1.738442327460333445e+03
1.552398474230106331e+03
1.679441994682112409e+03
1.586165003080697716e+03
1.826018552269060365e+03
1.675002557274833634e+03
1.634829080494822392e+03
1.639503690353999900e+03
1.645151894174525751e+03
1.550685264952181114e+03
1.722690682635588246e+03
1.500696357049565449e+03
1.585199802474284979e+03
1.704416541603633732e+03
1.627754039960629598e+03
1.496680476765501453e+03
1.694657685383166154e+03
1.652947722570176893e+03
1.673900589469277065e+03
1.724965675283972587e+03
1.604999646634708824e+03
1.778863891909056974e+03
1.330295971687702377e+03
1.588519012447081650e+03
1.719808866749482149e+03
1.613654857760267987e+03
1.564084227292858941e+03
1.751063100005705337e+03
1.538151562859389060e+03
1.536203892070678421e+03
1.678247176197928184e+03
1.655759163317080038e+03
1.438236671993725167e+03
1.627242998867860251e+03
1.620001327096785872e+03
1.398590476573982642e+03
1.397484731386181465e+03
1.575609060141811824e+03
1.688422213857630595e+03
1.621003365325140976e+03
1.657746461633423223e+03
1.827210986393567964e+03
1.548591620558071099e+03
1.847916905356087909e+03
1.721755193482451659e+03
1.513272823537327895e+03
1.697348028584803387e+03
1.618369083882401128e+03
1.512361695930281485e+03
1.699279396182811070e+03
1.459326289540823836e+03
1.512257275031073505e+03
1.417027913054442706e+03
1.702640289798777985e+03
1.457705460050599868e+03
1.608326181115351119e+03
1.649475391330134016e+03
1.698306280528095385e+03
1.523740123358616984e+03
1.574420277500086968e+03
1.569434931001389486e+03
1.571057279418278540e+03
1.581903198750476349e+03
1.524946316181283009e+03
1.577566024200434413e+03
1.755339877954627809e+03
1.655911844582421509e+03
1.705579404681864617e+03
1.573145601645356464e+03
1.563735855059473579e+03
1.611035274105853887e+03
1.657239426111766534e+03
1.708469741934281728e+03
1.746336422102352344e+03
1.677118442345411268e+03
1.511522410979349843e+03
1.707441125534110597e+03
1.549161647987648394e+03
1.660142809405069784e+03
1.571651763438091166e+03
1.593436864792646247e+03
1.479911475604934367e+03
1.586150997429353765e+03
1.572280522086145993e+03
1.452891303646434153e+03
1.451210969021574556e+03
1.735214250552242447e+03
1.816267462119534230e+03
1.805445567935232702e+03
1.570066373443370139e+03
1.710712897699051382e+03
1.623455256601173687e+03
1.562786415144285684e+03
1.666910867533377768e+03
1.598516394487214257e+03
1.900139593638554743e+03
1.481635319057854758e+03
1.553546237767344564e+03
1.729214569725350657e+03
1.585644311518809900e+03
1.777238242543821116e+03
1.937163710009406486e+03
1.656708160456998257e+03
1.482177127118953422e+03
1.576159259070733242e+03
1.630846148749145414e+03
1.599219195498209956e+03
1.624986968788228296e+03
1.630143531300117729e+03
1.598020382218356417e+03
1.545634959917728793e+03
1.465820208227309649e+03
1.518985618094096935e+03
1.458115561330866058e+03
1.539294161561255805e+03
1.556871807757987881e+03
1.577136092397048515e+03
1.592548116440042349e+03
1.615005130539034781e+03
1.582018170101333226e+03
1.468482569844162526e+03
1.568243680827045182e+03
1.356258678777049226e+03
1.475935951520924164e+03
1.598596852995205836e+03
1.443444955240013542e+03
1.535456043469779615e+03
1.491414827206479458e+03
1.519497372151389300e+03
1.420954444070738191e+03
1.602016152928117208e+03
1.616899075591963992e+03
1.467821557232348823e+03
1.618298205372417442e+03
1.545039637520805627e+03
1.551843910313465130e+03
1.752778900641810196e+03
1.436305097457789998e+03
1.486845442265361271e+03
1.575086217666735138e+03
1.633585208738180654e+03
1.628689617689652323e+03
1.467937628328877963e+03
1.428664327575208063e+03
1.520029902349434678e+03
1.541512974010422795e+03
1.514968947689767901e+03
1.731088233812529552e+03
1.502426379899568246e+03
1.678414970008747787e+03
1.418450467375492281e+03
1.456037996386117584e+03
1.597105659128993693e+03
1.619388108368580788e+03
1.521429146781610598e+03
1.747357090728490903e+03
1.390921331578096670e+03
1.494385209156978362e+03
1.643389306149865661e+03
1.560286340891515010e+03
1.631215008340467193e+03
1.493346191600266593e+03
1.452511548531883136e+03
1.497747096911660719e+03
1.421952750246784035e+03
1.484490464734121133e+03
1.602797996965786297e+03
1.643972924407024720e+03
1.514024926276760198e+03
1.565891240777808889e+03
1.432952967624653411e+03
1.555423879229609611e+03
1.533879957170606758e+03
1.534984108045207904e+03
1.442520906961981382e+03
1.606915243305789772e+03
1.332811656205308964e+03
1.453021301492811745e+03
1.394706702321657303e+03
1.472543534125816223e+03
1.430453801274492889e+03
1.556882490569903439e+03
1.572021343244062791e+03
1.486888889209717490e+03
1.431539349441450668e+03
1.497419223071397937e+03
1.510865517184750161e+03
1.482301895077237759e+03
1.402598930006271530e+03
1.351470964669934119e+03
1.415653936200093540e+03
1.453936483808275398e+03
1.517759580462930444e+03
1.536965487827535071e+03
1.486346361015383764e+03
1.467487249589754583e+03
1.442967622704566111e+03
1.533751487321263539e+03
1.388528469519412965e+03
1.435048215489797713e+03
1.430820211764011447e+03
1.328428180643493079e+03
1.470537338917639772e+03
1.462189008013994226e+03
1.550293186140624357e+03
1.658520425631743592e+03
1.398812889731945234e+03
1.455538115146541259e+03
1.442591339223712339e+03
1.633307875302020420e+03
1.522600701342655611e+03
1.581954876332999675e+03
1.500028327460417813e+03
1.488949923624381881e+03
1.408769375203499976e+03
1.493066615662439972e+03
1.503482130549802605e+03
1.540212946854958773e+03
1.361405363130473688e+03
1.456063090506612070e+03
1.540111652806848724e+03
1.515537995523154677e+03
1.566325230469273265e+03
1.629583642946415694e+03
1.591966383161815656e+03
1.744123752894337940e+03
1.488447653408779388e+03
1.555826161382202827e+03
1.418067673049578616e+03
1.505484642282216555e+03
1.409886818695096736e+03
1.476251745132325823e+03
1.483388423336035203e+03
1.502938009759630859e+03
1.487021255684972857e+03
1.584007442141208685e+03
1.558388353082247249e+03
1.729779595792655982e+03
1.759763058059214245e+03
1.454587798943127382e+03
1.564786159808195407e+03
1.469635873304819597e+03
1.532102030856865440e+03
1.533825326273716655e+03
1.541386304294781439e+03
1.692647848972543670e+03
1.530497581808129553e+03
1.587906468757078073e+03
1.557164697741913869e+03
1.443424890937070586e+03
1.691312091985222423e+03
1.555998631232199841e+03
1.558837771090212755e+03
1.714288896117643617e+03
1.417810366139983216e+03
1.602478432579894161e+03
1.515673567024955673e+03
1.588417357268510841e+03
1.532612906715810595e+03
1.722930747609651235e+03
1.712482674767705475e+03
1.639960865100998717e+03
1.556669007475637954e+03
1.486955082696813633e+03
1.651462785858051575e+03
1.608764744460452903e+03
1.455154906959404798e+03
1.540587577893136540e+03
1.481293236642230568e+03
1.511115221080774745e+03
1.583070203661870664e+03
1.495454736643102933e+03
1.665718324682655748e+03
1.676769597639823132e+03
1.610407987331205277e+03
1.660057310022664069e+03
1.710988801842853718e+03
1.491680304496741883e+03
1.499175910170636598e+03
1.535035869476046855e+03
1.601206522100580969e+03
1.527206426248959588e+03
1.635898280594146172e+03
1.487825019936752142e+03
1.588450055209122183e+03
1.499129281866575639e+03
1.463863717682910874e+03
1.635839506518112103e+03
1.465532422811870674e+03
1.550659974209260326e+03
1.432205003556668544e+03
1.451197800421180318e+03
1.548057074451857488e+03
1.467864001706252338e+03
1.553810705402986059e+03
1.606355845551903258e+03
1.527868748322646979e+03
1.419029601887711806e+03
1.492587847359935949e+03
1.354492156523917856e+03
1.390501912777550615e+03
1.453978914692759417e+03
1.399658858633649970e+03
1.419722622208197663e+03
1.615633239441801834e+03
1.567886581588665194e+03
1.437448509541180783e+03
1.346485332074349571e+03
1.487508624257216525e+03
1.465016383656149401e+03
1.334003683090790446e+03
1.477262021570931211e+03
1.573241712148903389e+03
1.429806319598176060e+03
1.499912133372914923e+03
1.380781966226039003e+03
1.398587678400667301e+03
1.454764487804642158e+03
1.455091394383123770e+03
1.403576348983712251e+03
1.453354230986397170e+03
1.515099003843732362e+03
1.359819423759777692e+03
1.428683328146065833e+03
1.475657945265845001e+03
1.409876252416228908e+03
1.574139473177014224e+03
1.497750523220616287e+03
1.365722457969868174e+03
1.402985447877700381e+03
1.461621982128721129e+03
1.550916248557848121e+03
1.463556382829305903e+03
1.510708701028257565e+03
1.462011777935785176e+03
1.372229791244140870e+03
1.522680982249282806e+03
1.647983052446312286e+03
1.449897674242432913e+03
1.555548908871823187e+03
1.455150291359105950e+03
1.393658391416338645e+03
1.528560147703480652e+03
1.636539804835866562e+03
1.357947668264758477e+03
1.529670431571622430e+03
1.386948608930430737e+03
1.515112726490788873e+03
1.560569766443552908e+03
1.549630536707698411e+03
1.511469686556744364e+03
1.655815749526244645e+03
1.405274958489476830e+03
1.543920565140884719e+03
1.482893746771999758e+03
1.438944695156578291e+03
1.561954810538505399e+03
1.455599814086272318e+03
1.536521121765516227e+03
1.456808332041461881e+03
1.494198638748437133e+03
1.449492940698345137e+03
1.603959364477475901e+03
1.561500071724749887e+03
1.560696349824147546e+03
1.752871234361629377e+03
1.476894020071816385e+03
1.685911867670874472e+03
1.603997045102102220e+03
1.466846200179693369e+03
1.582504227867276313e+03
1.632224723311589742e+03
1.519409639995248654e+03
1.513599617236568974e+03
1.431675873525478210e+03
1.554747172651468418e+03
1.668949592733170903e+03
1.571484112072202834e+03
1.686390305596902181e+03
1.568693526992992247e+03
1.564430438466511305e+03
1.548840235803528230e+03
1.424959977434164557e+03
1.522232927717313260e+03
1.559761072807403252e+03
1.431907545213958883e+03
1.700828113048964951e+03
1.535050825993694389e+03
1.651144333197107926e+03
1.587521461321373408e+03
1.493279255377078243e+03
1.566533790494399682e+03
1.625057667307917882e+03
1.663708828276799522e+03
1.519308032587386606e+03
1.472553718698404282e+03
1.547789940646848436e+03
1.499562776965180547e+03
1.505298002658420955e+03
1.589807896434972690e+03
1.561735841060178700e+03
1.519508703696809334e+03
1.673022311419848847e+03
1.472388158771571625e+03
1.445936660825450417e+03
1.574198328485992306e+03
1.560417856596160163e+03
1.456940509135713000e+03
1.533924437431447359e+03
1.548086112855314013e+03
1.533557068724471492e+03
1.542784799537593926e+03
1.646589701488867831e+03
1.445708098751876378e+03
1.499434750818413249e+03
1.725430069722481676e+03
1.645233818944977884e+03
1.540630303172886215e+03
1.699356661145450289e+03
1.473860229665403722e+03
1.584822585088754522e+03
1.575243314056770259e+03
1.721479183033663276e+03
1.731681395374769409e+03
1.584909765061368944e+03
1.715532200229363298e+03
1.541931813097354734e+03
1.592716619270412821e+03
1.451685681942669362e+03
1.534923551685220446e+03
1.608171126530970014e+03
1.526054070317073638e+03
1.580867901384224979e+03
1.701845406966653172e+03
1.595380456916460616e+03
1.573410245628630946e+03
1.510581293243399386e+03
1.834823433366130530e+03
1.544990144159742385e+03
1.459301727341309061e+03
1.463282344158590604e+03
1.586707687823603464e+03
1.683009901959731678e+03
1.658872839023154029e+03
1.703167341330853787e+03
1.508526134712368730e+03
1.602985750196330400e+03
1.758441274779262585e+03
1.507829698616554197e+03
1.592404082899256309e+03
1.687192539345921432e+03
1.513054248580709327e+03
1.606654806413484494e+03
1.497586831465522664e+03
1.635027002362167423e+03
1.678468166257694520e+03
1.686285717178637469e+03
1.610690946953326602e+03
1.556803270992643320e+03
1.601264955452182903e+03
1.654671226694516463e+03
1.826606558891493023e+03
1.622476379542973291e+03
1.762652077242995119e+03
1.731912932833140076e+03
1.682066052469929218e+03
1.541023815194430881e+03
1.567331194972296089e+03
1.731340760886081625e+03
1.572274336743048707e+03
1.623824449984171906e+03
1.788280446929581331e+03
1.707970918690449935e+03
1.725789894720692246e+03
1.562244638434546687e+03
1.579917643730922464e+03
1.624290837662908643e+03
1.711150686564101306e+03
1.661198791149994804e+03
1.608089586974839904e+03
1.628252359416474746e+03
1.675014102663746371e+03
1.611220681081427756e+03
1.708082591428037631e+03
1.580970656698683797e+03
1.790376042075076839e+03
1.595025078611707613e+03
1.574895883202810865e+03
1.565768487101443498e+03
1.669619883921312521e+03
1.710990198594741514e+03
1.670502103632320541e+03
1.731654802219023168e+03
1.520059479482131792e+03
1.671573903277968384e+03
1.455643087256701619e+03
1.628251108451482651e+03
1.657709668733300532e+03
1.682465616152559051e+03
1.506263470664642455e+03
1.697913665618727009e+03
1.647863299680978798e+03
1.605831087949823086e+03
1.701624994675193648e+03
1.864750058637447182e+03
1.881205406952681187e+03
1.543763654576000135e+03
1.566606890115906026e+03
1.718233875596436519e+03
1.729318441936813542e+03
1.831038548871112198e+03
1.561706135392913211e+03
1.707320522413033814e+03
1.594131762812283114e+03
1.555963689580500841e+03
1.719739632222876935e+03
1.563521191028055000e+03
1.637492253684542902e+03
1.708570559812749934e+03
1.652930238111200197e+03
1.513256941314100004e+03
1.588079186377608494e+03
1.773761252938166990e+03
1.749033633873706322e+03
1.722250903915419940e+03
1.636142134530223757e+03
1.628603294691543624e+03
1.764389841241742033e+03
1.707987193303307777e+03
1.757126522945352008e+03
1.732904458742566703e+03
1.611633348790226364e+03
1.603817995458086443e+03
1.701483053860664768e+03
1.599766253929546110e+03
1.693404671675153168e+03
1.752156585969953539e+03
1.650065995299354199e+03
1.745713470921682756e+03
1.733281440616367945e+03
1.523170889776891045e+03
1.732910114428189900e+03
1.642914639255287966e+03
1.543948137125098583e+03
1.631848315755878048e+03
1.820646911711826306e+03
1.760337938126202062e+03
1.791563040968636642e+03
1.678512345634738494e+03
1.774378276258309597e+03
1.724302449370622526e+03
1.776112452962651787e+03
1.741541391959151497e+03
1.815396323306638806e+03
1.698798943364470006e+03
1.705598470609526430e+03
1.696905116023031724e+03
1.667672132202919784e+03
1.598772247019570841e+03
1.761497746206462125e+03
1.609175228400911692e+03
1.702944172461349353e+03
1.616629126364998228e+03
1.589302090485790359e+03
1.731525054025797544e+03
1.739172217722790037e+03
1.853822556588512271e+03
1.512125403065450200e+03
1.637727729804908449e+03
1.587453294154008972e+03
1.591914038113111928e+03
1.670510124089566943e+03
1.605210773916142898e+03
1.767712787639979979e+03
1.615994754126504404e+03
1.817309228394706224e+03
1.583297694811132487e+03
1.667679998740940846e+03
1.756201430010301692e+03
1.831220104279259658e+03
1.733493040174397947e+03
1.729201269329206752e+03
1.635851887068589349e+03
1.616778705989477203e+03
1.666432398595640507e+03
1.505576468154826671e+03
1.604187745247382963e+03
1.567422856968307997e+03
1.640092909701308372e+03
1.788564134033770642e+03
1.703724755887978517e+03
1.830587195880699483e+03
1.781572743631500771e+03
1.611097972579641691e+03
1.795506870679795156e+03
1.691314591122566071e+03
1.814320102691690863e+03
1.728443664337236896e+03
1.617315624049791495e+03
1.691537984243834899e+03
1.743518882300731093e+03
1.715233907276275431e+03
1.589607170820700048e+03
1.725917268995098766e+03
1.658969179866884360e+03
1.659522755989601819e+03
1.775943064168539649e+03
1.760310714330503743e+03
1.819919088985720009e+03
1.661010729662199310e+03
1.781840593298901240e+03
1.681904157232466787e+03
1.619594780502033927e+03
1.823046757273034927e+03
1.592429221279558078e+03
1.662730328188922613e+03
1.728162502617512473e+03
1.502258335786426869e+03
1.669358598399401671e+03
1.733480278245173849e+03
1.623039346340279735e+03
1.548383294907411027e+03
1.816387555974206862e+03
1.749634228803651922e+03
1.700660780073302249e+03
1.699135982374480591e+03
1.656897104310301984e+03
1.706053929642205276e+03
1.670958338437075781e+03
1.788720691426230360e+03
1.591999575276267251e+03
1.708349175321491884e+03
1.681504472194853861e+03
1.655067048336559310e+03
1.667833802179480926e+03
1.728670704224658266e+03
1.753662056756097854e+03
1.858434539713384765e+03
1.644141369413500342e+03
1.683411757301672878e+03
1.720178000988786152e+03
1.693882542024357008e+03
1.764301938994125067e+03
1.707857204668126087e+03
1.774015870570636253e+03
1.673636689536009953e+03
1.552771648211405136e+03
1.622073756432464279e+03
1.683909543994913975e+03
1.777924649836579647e+03
1.583384974606753985e+03
1.660083045142898527e+03
1.777949165937136058e+03
1.631843274578961427e+03
1.511237567769682073e+03
1.518387171282092822e+03
1.430389334979266550e+03
1.642857036013295328e+03
1.533048730757534258e+03
1.635005268106348467e+03
1.536729010205415761e+03
1.686600935609062617e+03
1.421721244429506442e+03
1.552863424117257409e+03
1.449955679381025675e+03
1.537327374888875738e+03
1.643666692514405440e+03
1.531517531508675120e+03
1.495366716772248765e+03
1.533897801092015243e+03
1.605552374226101165e+03
1.573797221571537648e+03
1.315504577372931635e+03
1.553107894842659789e+03
1.542874620121013322e+03
1.413931625330479392e+03
1.420351788571733550e+03
1.412461478697253597e+03
1.541760294373081251e+03
1.618997580021344447e+03
1.353578118218712916e+03
1.580450198714758471e+03
1.654368688357920291e+03
1.602351414307071309e+03
1.384623439586258655e+03
1.534089628546042832e+03
1.610464410904200122e+03
1.478649054720263166e+03
1.629218387684024947e+03
1.530588744167733012e+03
1.531550875171280495e+03
1.436124048705817813e+03
1.477909818056325548e+03
1.462790224043212447e+03
1.684579172640338811e+03
1.611644536672527920e+03
1.728750158794896151e+03
1.607939218456401477e+03
1.563214010541647440e+03
1.507574473233367371e+03
1.640361444880747968e+03
1.603694269109816787e+03
1.597386204315956093e+03
1.598558916927268001e+03
1.579791730097392474e+03
1.523379502992896960e+03
1.601139043288133507e+03
1.601198865522603228e+03
1.658664650347415773e+03
1.741421826551265440e+03
1.696048859863974030e+03
1.614731925060682897e+03
1.713495505958310332e+03
1.573749909575961055e+03
1.480642042612553269e+03
1.516390330268478692e+03
1.591704843621265809e+03
1.698871253084935233e+03
1.581856826369109058e+03
1.656307716188385484e+03
1.542162742857131889e+03
1.403459665143693201e+03
1.749882855698419462e+03
1.627449627033777233e+03
1.757541794540508135e+03
1.718272807028446096e+03
1.718819304669736539e+03
1.534439493802659172e+03
1.572645183467702282e+03
1.708811821524583820e+03
1.750947502878613705e+03
1.804077545219102831e+03
1.626481777903472221e+03
1.654108394365683580e+03
1.664911006762843499e+03
1.703573841548709197e+03
1.615511632730064548e+03
1.736962130360218453e+03
