-2.246010884841210100e+03
-6.582622760859914024e+02
-6.353803818679870119e+02
-5.890659889099322299e+02
-6.347232538175110221e+02
-7.549853827849540266e+02
-5.715944073942624755e+02
-6.800061534844729749e+02
-5.564419241937561083e+02
-5.535038289574483770e+02
-6.022749868926593990e+02
-5.721191070778137373e+02
-6.476559168390120931e+02
-6.866709892627620775e+02
-5.568193240390316987e+02
-6.287651221491181559e+02
-7.663114695623722810e+02
-6.781921742744841595e+02
-5.269841294978940596e+02
-5.496807784877884160e+02
-7.142689717018312194e+02
-6.295760662978577784e+02
-7.461930670129420378e+02
-6.653160787040546893e+02
-5.967606939557441592e+02
-6.461871013040770322e+02
-6.042259255995400054e+02
-7.313664416119505631e+02
-5.748961224027113985e+02
-6.815940250835776624e+02
-7.307762691134328179e+02
-5.619106205134834227e+02
-4.033782126386828395e+02
-6.633957400682375010e+02
-6.022756940106537513e+02
-4.879280668058997890e+02
-5.261254199933161999e+02
-5.868176975655926526e+02
-9.062826832757709781e+02
-7.209457167892616098e+02
-6.006795466839458868e+02
-3.920424993665949955e+02
-5.827663631733479406e+02
-6.375963481924353573e+02
-6.195254778434025411e+02
-5.839753752291271667e+02
-6.943102265225350038e+02
-5.305426289813440235e+02
-4.711107807152023952e+02
-6.111056388277651195e+02
-5.980092063262711690e+02
-3.517151003108726854e+02
-5.600729029505722565e+02
-6.724947003227724736e+02
-6.297206525006787388e+02
-6.473172048235554712e+02
-8.546479342849381737e+02
-6.676139143511031762e+02
-7.254100160137082867e+02
-8.798957028337704287e+02
-4.510032085150905914e+02
-7.445174018625483541e+02
-5.751496104051072962e+02
-3.327990620078732604e+02
-7.736873959346427228e+02
-6.012811445769402781e+02
-5.410510931922829059e+02
-5.753546000606124835e+02
-5.514834207025629667e+02
-6.882058323138677451e+02
-4.957192483549015947e+02
-6.041943149054313835e+02
-6.982314427173251943e+02
-8.250418509513212939e+02
-7.184406047200923240e+02
-7.777243497540879389e+02
-7.317957358777293848e+02
-7.693848738802719254e+02
-7.094457935842838197e+02
-6.492688990447794595e+02
-6.841563488102952988e+02
-6.496324036405044353e+02
-6.157516646835958909e+02
-8.433190921161304914e+02
-6.751230835396750081e+02
-8.417335576886173385e+02
-8.620669319122848719e+02
-6.256510139605346694e+02
-6.702489883732556564e+02
-6.727747353463150830e+02
-7.435253839939392719e+02
-5.399938052293416604e+02
-6.808455834797817943e+02
-5.663121243790923245e+02
-5.848149189888113142e+02
-6.934232329156735659e+02
-7.653871445609174771e+02
-6.521176901742671816e+02
-5.756468471646071521e+02
-6.221634499158907374e+02
-6.184505427513728364e+02
-6.296566818512927739e+02
-8.502571658555916656e+02
-6.694407145290196013e+02
-7.906791845229217870e+02
-7.222670822256960719e+02
-6.963577646815339222e+02
-7.057004988039808495e+02
-9.376680204734718700e+02
-5.183228614400261449e+02
-6.991113585387305420e+02
-7.071967313425274142e+02
-5.574544010527815772e+02
-5.802777254862113523e+02
-6.877352694938908826e+02
-5.726340946544588633e+02
-6.324353919127210020e+02
-7.452194399177082005e+02
-6.093403456801250968e+02
-7.159257480224379151e+02
-7.496202597755116130e+02
-5.270289120253870578e+02
-7.060693916342465855e+02
-5.783812010904924819e+02
-5.069481843751004817e+02
-7.474521975574389216e+02
-5.714462567290786410e+02
-6.624772119406561615e+02
-5.464376685875025714e+02
-6.628866170822509503e+02
-7.287083152154744994e+02
-5.806782863681794424e+02
-6.737010806316509388e+02
-6.276528210087159323e+02
-4.743157074606685910e+02
-5.998433950303451638e+02
-1.167905268649597247e+03
-1.156870024759910848e+03
-7.366038751709477310e+02
-1.182665436781388962e+03
-7.867882358514998486e+02
-5.410521695172074033e+02
-9.355215092221973237e+02
-5.578126846679592745e+02
-5.516613800467117699e+02
-3.945123922275299719e+02
-6.506608865091458256e+02
-8.014050573524273204e+02
-5.539893298798607475e+02
-1.237840328756827830e+03
-2.378731774224852984e+02
-1.989868625411365883e+02
-3.958819793183451452e+02
-5.775834962545089866e+02
-8.110945080610169953e+02
-4.016843085730358212e+02
-1.205955917975236844e+03
-1.031226556205131601e+03
-4.321054909880684249e+02
1.084778812562891517e+02
-6.498593313401220257e+02
-6.726207614537975132e+02
-1.081787596276380782e+03
1.065951282517449499e+03
-6.409027141105680130e+02
-1.037980625918597525e+03
-5.091594282474212037e+02
-9.695804204820747145e+02
-1.165735742264928376e+03
-3.006620460974767184e+02
-6.788034103409896716e+02
-3.239864196189027439e+02
-2.050383414780060036e+02
-2.164546715110818695e+02
-8.233702488107394402e+02
9.653260826566304331e+01
-1.189673786990096005e+03
-1.033223774958821650e+02
-3.822520494761350847e+02
-6.644547648667814883e+02
-1.536292751042488760e+02
-6.923560216142124091e+02
8.049662127007002255e+01
-2.366707796189865860e+02
-3.031798838531921092e+02
-2.829628624728448472e+02
8.543545726453713485e+01
1.825341920898355283e+02
-7.518354265289927980e+02
-1.149022426850758848e+03
-6.496976060195854643e+02
-9.868762174087656831e+02
-1.300192822633753167e+03
-7.656581681077501571e+02
-7.901367707277074715e+02
-7.533621343874111744e+02
-1.045613037304590080e+03
-9.977955193874024644e+02
-7.414970978318742709e+02
-7.432339789605208580e+02
-6.103120795606328102e+02
-1.379487469644863722e+03
-7.353999194618461388e+02
-7.889217244295058435e+02
-7.459667194771924414e+02
-8.949701827515154662e+01
-1.154425831557416132e+03
-1.315129589546526404e+03
-9.255245490334839360e+02
-1.419031231033796757e+03
-1.089678386005396760e+03
-7.507837036943051316e+02
-3.797815807026833568e+02
-9.263059918603842107e+02
-2.152818312662147378e+02
-9.167154466906208654e+02
-1.353977256305761557e+03
-1.025768267613879971e+03
-7.621086840083496554e+02
-9.697016091583868729e+02
-7.860579616753414030e+02
-7.218628088192423320e+02
-6.612011262887122029e+02
-7.963639974320299189e+02
-5.506708754614803638e+02
-7.550950447436650848e+02
-7.064812268369332742e+02
-8.516081537411873796e+02
-4.884811538884875972e+02
-5.598505558835320244e+02
-5.470149237056969582e+01
1.384847476862881592e+02
-4.735166136182859873e+02
-1.360455069599750004e+03
-3.795911436649856228e+02
-3.160548469626023689e+02
-4.481869699980856581e+01
-3.362030126722383443e+02
-1.548465304544868104e+02
-3.725653063959961742e+02
-6.024927520284692264e+02
-1.449251791791539006e+02
-5.764809779163394978e+02
-3.560973490448726011e+02
-8.100561154285743726e+01
-7.799029539768102950e+02
-4.200163807662520412e+02
-7.516497061800590700e+02
-6.451125090832924798e+02
-3.718304453599662338e+02
-5.966660265008822961e+01
-6.775754447880873386e+02
-4.930730168067519799e+02
2.753497539855203513e+00
-1.625794777223259757e+02
-8.778187135854120697e+02
-2.567065628092091742e+02
-3.277714783368116400e+02
-9.007814924028868973e+02
-4.420965832430763385e+02
1.013573651094839079e+02
4.402250512142366006e+02
-7.136410596343569068e+01
-1.022610900439805391e+03
-2.886774409727565285e+02
-3.600349315446468950e+02
8.348892739741464197e+01
-3.038025664262290206e+02
-1.203674989545330902e+02
-4.631129733549944945e+02
-5.695689183839574525e+02
-4.244556511862780894e+02
1.485672261750680718e+02
-1.262669027491358236e+02
9.591923523847515298e+01
-8.156695049306635781e+01
2.441030698366505476e+02
2.002297921541125163e+02
2.363370278339663173e+02
5.934625826891817724e+02
6.880260574807131491e+01
-9.689905393134708902e+02
-1.623065390967912833e+02
-3.233844875416269815e+02
6.882219558806083342e+02
3.240353809860570777e+01
-6.166185652005506199e+02
-5.686821190324263853e+02
-4.740584656347709824e+01
1.759044233357350606e+01
-8.711928220795504103e+02
2.339317882694004425e+01
1.076241163711469824e+02
-2.123645864802694518e+02
2.198834034290555337e+02
-2.430642699905290272e+01
-2.100997935138751700e+02
8.263350918587508431e+01
3.489649985044057416e+02
2.263137578334064415e+02
-2.593544973988518905e+02
1.909845068444506637e+02
-5.839959174231302086e+01
4.311167975833873811e+02
-4.252618087698900808e+02
1.871939227527587661e+02
3.650570830978611525e+02
3.145178165483852126e+02
1.303844969851529925e+02
-6.255342634492756133e+02
1.914421985470827963e+02
-2.251929872123541543e+01
4.538703145859436745e+02
2.403492149647618703e+02
1.471067561682529288e+02
6.042048351344261903e+01
2.740540119313604919e+02
-1.826122598990648953e+02
2.626700744329110080e+02
2.213765285668004026e+02
3.679383801563346168e+01
-7.198947531899632679e+01
1.465182288031670907e+02
-4.170808791265918103e+02
2.795553123903036408e+01
1.619022606530599262e+02
7.887457091444925936e+02
5.327943177829381511e+02
4.767968830734567973e+02
-7.988005240453526312e+01
6.265692190877878147e+02
4.237314541958186282e+02
8.537062397120238302e+02
4.913813724706122912e+02
5.151931551232449920e+02
6.004931983405831488e+02
4.973484699778267100e+02
4.948230476613606470e+02
3.772209194895946780e+02
2.434359355058617211e+02
1.082795929742761558e+02
4.041668300019590561e+02
2.172489143573426418e+02
2.797767410014890856e+02
2.390993836400934924e+02
5.332985136133305559e+02
3.798301222127633423e+02
-4.493666210058340198e+02
1.543679528905992413e+02
1.687571923497177124e+02
1.131234669657014535e+02
2.474185209748238776e+02
-6.682448605630050906e+02
-4.142551212125650295e+02
2.447831598444702763e+02
1.386150531992834942e+02
-4.566270199452413294e+02
4.929415480402381036e+02
2.845490344098789706e+02
3.125698749739458435e+02
-6.905863703914881171e+02
3.320080187358835246e+02
-9.736391057451669440e+00
-1.688788368034370535e+02
1.356276836516267963e+02
-1.685432785587622902e+03
1.373515352428391623e+01
-3.668419967477035470e+02
-3.245222929900377551e+01
-7.612023854864314671e+02
1.488402155558641766e+02
2.430503750969457997e+02
6.194822858148361888e+01
-2.603174080798972909e+02
-1.597918755920425156e+02
-6.568694747278980230e+02
-1.952216722279223404e+03
-7.702857663131561594e+02
-4.777819866230692014e+02
-9.114189602399667365e+02
-4.518462166476879247e+02
-5.112218529724990503e+02
-5.868948879638099925e+02
-6.537743958955480821e+02
-4.750911486103893253e+02
-5.070604269201613192e+02
-6.428607925100380953e+02
-6.063084696568821528e+02
-6.447033324675845734e+02
-8.513332938995215500e+02
-4.241338469179911499e+02
-5.600360011516816030e+02
-4.744891478534933640e+02
-5.459741237469554562e+02
-5.115639421380827230e+02
-6.111751476537150438e+02
-7.904584755792679971e+02
-8.123963298234943977e+02
-5.721863804881978695e+02
-7.948695659443283148e+02
-6.279414288724605058e+02
-6.452034943871265114e+02
-9.526000923278140817e+02
-5.240604396170128894e+02
-9.829665938887350194e+02
-4.520642549685916265e+02
-4.669131878904670430e+02
-6.665754944879088271e+02
-5.398020808460689750e+02
-6.452505265851813192e+02
-6.189219327140001496e+02
-4.835402715144834929e+02
-4.162677124444405194e+02
-4.800035791212038703e+02
-8.398877898238586113e+02
-4.725417223366087001e+02
-7.143535304321928834e+02
-6.272004905311616767e+02
-8.872667673160074173e+02
-5.206749924484183794e+02
-5.155147059127536977e+02
-8.111724039582003343e+02
-5.620274315052108705e+02
-7.888602555644482663e+02
-9.533395790723643586e+02
-5.008121547664071045e+02
-9.764123571081456703e+02
-9.766570117704801532e+02
-6.887349729037019870e+02
-5.176954344275283120e+02
-5.721927033582236390e+02
-6.620369065379378526e+02
-6.726642833976756037e+02
-1.087820426860210773e+03
-8.364048834343248018e+02
-8.834483505268161707e+02
-1.262695711209511728e+03
-8.972994013762552186e+02
-6.694379581673953226e+02
-7.547095489863145303e+02
-9.693715005304270562e+02
9.350076046421179399e+02
3.871891321743979120e+02
8.153121001109535655e+02
-1.311830172873823813e+03
-7.635359623124074915e+02
5.693729744826266597e+02
-1.226023390899013066e+03
7.723694848954411327e+02
-5.240943320933850202e+01
-1.212866266274555301e+03
-1.857229346153723554e+03
-9.217368530041524082e+02
-1.467036393653824462e+03
-8.592225939998280637e+02
-3.169855286814087094e+02
9.578165902475971052e+02
2.772446576561222287e+02
-4.088027646908695374e+02
3.365255575714344332e+02
1.051706530778508579e+02
-8.023591043236332325e+02
-7.409120222665372921e+02
-1.000840765820871979e+03
2.058014974572703295e+02
2.019465344453159048e+02
-9.175969084909223739e+02
2.989878635430329155e+02
-2.990791420984695606e+02
-4.185251272606637940e+02
-6.155553209175312759e+02
5.910296585164249450e+01
1.903477437272734676e+02
2.210255034111586383e+02
2.596748568418906302e+02
3.979316670947740704e+02
1.719052096128040148e+02
1.084826673880810546e+02
1.846138020381409035e+02
4.401342073202290806e+01
4.541710577748887090e+02
-1.281866135053778635e+02
2.199266727776875996e+01
3.459471190368083171e+01
1.778268118189913309e+02
-2.303388124761526967e+02
8.109340337332631066e+01
1.154261670501408048e+02
-2.874437109970446613e+02
1.291138990406551272e+02
2.294565465403762801e+02
1.417562106946333643e+03
1.350310105174421778e+03
1.250515858687465425e+03
1.235919510535790096e+02
1.907164587999469063e+02
3.307478513512972995e+01
1.751774244836662433e+02
7.074270869719501889e+02
1.006583081437406463e+03
1.093226508933041259e+03
1.087852457235137990e+03
1.000915366780675072e+03
1.118521221432371931e+03
8.415186118315145904e+02
1.012722793523964356e+03
8.653337173481731952e+02
3.396478912986291334e+02
7.483332335784907627e+02
8.969898065798819289e+02
9.289219232478645836e+02
9.520445157267296281e+02
9.119225295898227159e+02
9.167405214231638411e+02
8.911782051603162245e+02
8.895680191063074744e+02
7.293481391657138602e+02
9.740204033779334623e+02
1.068949131274207275e+03
9.375017348437721694e+02
9.466562811256472969e+02
9.615528623987976289e+02
1.061184541236301811e+03
6.940115766752351192e+02
8.703694751747756300e+02
9.197318347886521224e+02
6.848650401751459640e+02
8.562947694854125302e+02
6.687146679629053097e+02
6.174076027070028658e+02
6.736331658782764862e+02
1.059627946860367274e+03
7.010463527160366084e+02
8.230809666697489320e+02
1.047478919415635119e+03
1.150085230251883559e+03
1.085300696792241524e+03
9.967397980231349948e+02
9.682708463427683228e+02
1.066431432561497559e+03
9.845754622508860621e+02
1.154481298862784342e+03
1.158117314431370232e+03
1.057184308738677146e+03
1.257118989501674832e+03
1.143145647723939874e+03
8.162445444888262500e+02
9.894829508554482800e+02
1.253251781222786121e+03
8.197986924896027858e+02
1.213129006753284330e+03
1.244274578501413316e+03
1.043675938496249273e+03
1.234233609115928857e+03
1.054834446596365524e+03
4.287608492859559988e+02
9.260470953892421448e+02
1.090599296846575498e+03
8.853169741019266894e+02
9.574416459035579692e+02
9.402905376598718021e+02
1.078518168965124460e+03
8.714384681188965942e+02
1.170889414828552844e+03
1.177579505734905524e+03
1.292644752092528734e+03
1.032956986970897788e+03
7.898415994978057597e+02
1.501760772525526590e+03
1.242823236979307922e+03
1.351530588192450523e+03
1.038946273794536864e+03
1.004398256290071345e+03
1.114262028369208792e+03
8.693193514089167593e+02
1.146579221022413009e+02
8.671021107480161163e+02
7.275738450646845195e+02
8.913756946546056952e+02
1.006357640313821207e+03
8.903379545632299141e+02
9.281907010193795031e+02
1.100222785626646100e+03
9.922235459718647235e+02
1.156617292211353288e+03
1.164865303234929115e+03
1.018533770437051771e+03
1.038498637241745655e+03
1.081805159543304171e+03
7.862007406804393668e+02
1.062379641050861437e+03
1.040406184219092438e+03
9.688514057995425901e+02
1.265246135852346697e+03
1.282001089900040370e+03
1.097171601229369116e+03
1.160851966829316325e+03
1.296693194108695479e+03
1.169441662473823499e+03
1.419941548227621524e+03
1.212181034254743281e+03
9.774755861122353053e+02
1.182204948863126219e+03
1.022420038265512517e+03
1.249537925073081624e+03
1.198182315728854974e+03
1.073112128415075631e+03
1.120250330671946358e+03
1.381270621264139891e+03
1.345960590048079212e+03
1.138681057170517306e+03
1.031732568381715282e+03
1.170355222865980068e+03
1.164244510735690710e+03
1.142108792259639131e+03
1.241644732421820891e+03
1.037907766708038935e+03
9.072549960332195269e+02
1.127940132553561398e+03
1.148526900107739039e+03
9.605385210179202886e+02
1.252319043240646806e+03
1.073459258356195278e+03
1.487654752329588746e+03
1.340047799508003664e+03
1.141874490065550845e+03
9.392999826393889862e+02
1.200377712803141321e+03
1.048135900257588673e+03
1.076491974922210375e+03
1.174378355876974410e+03
1.092259141344112550e+03
1.062229622888557742e+03
1.010232884747754838e+03
1.044433837320160592e+03
1.151775489718016161e+03
9.711959789673402383e+02
9.071234623764393064e+02
9.534451749645448899e+02
1.140368780386451817e+03
1.102492104195647926e+03
9.828752765780823211e+02
8.125740189098369228e+02
1.292263957875143433e+03
-1.005799988006760657e+02
9.129336228647815688e+02
-1.825305798288746644e+02
1.161672125562850397e+03
1.357255846127870655e+03
8.001243065654303166e+01
1.249921264920175645e+03
1.119207844426153770e+03
1.254611413216328856e+03
1.214551903730761751e+03
1.168801676494809271e+03
1.373329839063967711e+03
1.096398077563612105e+03
1.244813203898890379e+03
1.285849687006586919e+03
1.320952781469113916e+03
1.370296824458918081e+03
1.157061791026164428e+03
1.340449813940643025e+03
1.160974685184797863e+03
1.373671507379174955e+03
1.169521891033828979e+03
1.196691420944778429e+03
1.342161835888516180e+03
1.216224801445493767e+03
1.202435515833835325e+03
1.192859763991171576e+03
1.228391049539250389e+03
1.116795527509440035e+03
1.251529368957289307e+03
1.210155846543930920e+03
1.052329503269509814e+03
1.208643936882500157e+03
1.183736192326051651e+03
1.074061533080144045e+03
1.222293292944638097e+03
1.271301786601444746e+03
1.051110581194022416e+03
1.011019696612450730e+03
1.237931074444029719e+03
1.130666027195789411e+03
1.072475359191168536e+03
1.046717053960064504e+03
8.692502852734417047e+02
1.019830375443723824e+03
8.990554494655784765e+02
1.065901712030066847e+03
9.531377092858216429e+02
1.203157723686706959e+03
1.082486917344863514e+03
9.720947190548216668e+02
8.614642871865322604e+02
1.017450423229334433e+03
1.186442880782635029e+03
7.452441835776782000e+02
6.541309216754439149e+02
8.386361356113175134e+02
1.060702172188954364e+03
1.198617930819652884e+03
8.724007016179812126e+02
1.192222129527557627e+03
7.241476535344737613e+02
8.326365642943114835e+02
5.950737511143200891e+02
9.946398304424981234e+02
1.097945834991116271e+03
8.608273938920015098e+02
5.216039678504624817e+02
9.026577977932479371e+02
9.777608533677509968e+02
5.506718889746848618e+02
7.144188113343592477e+02
6.162027044190656397e+02
7.506799465296866174e+02
7.316089072364526373e+02
7.988736910263540949e+02
6.562580448925926930e+02
8.108684191200794658e+02
6.385734392412803118e+02
6.657042695943430317e+02
7.039509616533417784e+02
9.138539211798140514e+02
8.549732733599134917e+02
9.913840751885827558e+02
5.065157061619478327e+02
9.473397497820606077e+02
8.309785734520181677e+02
1.008929824838231866e+03
9.103932931032787792e+02
7.628030048570565214e+02
5.290097840625892331e+02
8.866750147109704585e+02
8.412242717795721774e+02
9.277094723463075070e+02
6.139838906158945520e+02
9.185820009999251852e+02
9.180548217555590327e+02
8.476240312169101117e+02
8.191691951985621927e+02
7.392586611816708455e+02
1.108457043051404980e+03
7.900756657941963113e+02
8.714507666820060194e+02
1.040249937280613949e+03
1.069365388963181431e+03
1.150105522937098158e+03
1.059425418872891441e+03
8.228710570605570638e+02
1.013072997874278030e+03
1.006286606341870083e+03
1.049822009974091316e+03
8.502347153347707263e+02
8.135495847065309363e+02
1.002137058457866260e+03
1.174186865692713354e+03
7.966576930726747605e+02
8.788283531636847101e+02
9.452614062228711873e+02
8.498965365634167028e+02
1.011350221006433230e+03
9.657733418907524765e+02
1.089388880025820754e+03
7.943275655518835947e+02
1.075157528087738683e+03
9.148493990437544880e+02
1.222992717231176584e+03
1.149487350001664481e+03
1.313540522676895762e+03
1.470798104426482041e+03
1.554981636733277128e+03
1.209945456769635257e+03
1.298070670667545301e+03
9.419125291066882255e+02
1.161315007114414584e+03
1.278999390832650988e+03
1.124882256495041702e+03
1.177569888904498384e+03
1.226093108229441896e+03
1.515480307080345483e+03
1.445611857961644091e+03
1.194385483021193522e+03
1.480464591512188690e+03
1.375652250033134123e+03
1.153458162590082793e+03
1.249570127898599367e+03
1.227989969390520855e+03
1.397029365262408646e+03
1.309172369821942084e+03
9.231838054880332720e+02
9.932341481677892716e+02
1.286899493545526639e+03
1.248938864411320992e+03
9.872302879289734392e+02
1.125581084157251780e+03
1.212863439789958193e+03
1.099338385933265727e+03
1.417936866814843597e+03
1.362086157173164793e+03
8.635507775978760492e+02
9.653322433171209696e+02
9.674682782419619116e+02
1.190651037898280492e+03
9.621139680452419043e+02
1.340559030419578448e+03
6.932339853669402601e+02
1.215573285462544618e+03
1.035620854606682542e+03
1.114319844315079308e+03
1.084276992385948233e+03
6.717318431938066396e+02
7.637648200298417578e+02
8.932098430425364768e+02
9.787929382581677373e+02
1.248021958423756814e+03
1.107209581042094669e+03
1.308755857897189799e+03
9.836581386836597858e+02
1.269005158283870514e+03
1.100580829612217485e+03
1.155815283344200225e+03
9.710305725622855562e+02
1.364956340522220898e+03
1.288193167741569141e+03
1.339346412482392225e+03
8.334394583481904419e+02
1.248613824772495263e+03
1.061550112162728283e+03
1.417619322557157830e+03
1.271410525148039824e+03
1.202549894829119694e+03
1.277709587352899916e+03
1.251676490235585561e+03
1.364264088597891259e+03
1.405269847524070428e+03
4.753657470526637212e+02
5.273071254300830333e+02
1.242904554610800460e+03
1.261717759953215818e+03
9.547318859336959349e+02
1.290519213801518845e+03
6.476096965824232257e+02
1.140979529238937857e+03
1.088163418727242288e+03
1.033765700424849001e+03
1.441537771026236896e+03
1.131106239776232542e+03
7.222204742410133349e+02
1.039499978307097990e+03
6.624653494702347416e+02
1.061914227399266110e+03
1.572053143981730273e+03
5.466677672439362823e+02
8.260396797318960580e+02
1.300302505169439883e+03
1.371819138312813038e+03
3.650758333947941310e+02
6.016240136265330420e+02
3.015043625490044974e+02
5.469792097623569589e+02
2.663232611369310234e+02
7.685760682952702609e+02
4.798840239616558847e+02
1.269162094298873853e+03
8.917264649733588158e+02
3.605021057723811850e+02
1.257544244109785041e+03
5.867876113764091315e+02
9.651523018229721629e+02
1.423501931552757924e+03
1.395582036311788443e+03
1.516715861497941432e+03
3.799972682837288289e+02
9.408256740404377751e+02
1.444971270160359609e+03
6.101216910693020736e+02
5.695682594738871103e+02
1.302860525528012431e+03
1.095410587413719441e+03
1.268914028421988633e+03
1.165559305003638428e+03
1.388086635625730423e+03
2.750111305347199959e+02
1.047033468066285877e+03
1.215376706823989707e+03
1.371875004510416147e+03
1.412122763826343544e+03
8.466052677700254208e+02
1.480495437009406714e+03
1.546766118652024034e+03
1.485600638574145933e+03
4.434815524863657288e+02
1.016758729231226880e+03
1.060587630648766208e+03
1.286635861913914596e+03
1.281205407311239924e+03
6.037424498842774483e+02
9.907400172357664587e+02
1.154361098042473031e+03
3.831367164261052949e+02
1.429744430431614546e+03
1.238348070121330920e+03
1.072843622473212690e+03
6.994099333398849012e+02
-1.279730316386087168e+02
8.389184007448271814e+02
7.574832026450287685e+02
8.122156693972236781e+02
1.600605394016023979e+02
1.176913262528368705e+03
-9.331714744652970239e+00
2.820312567144826517e+02
1.464947698358982279e+03
5.706835437369754800e+02
9.997445724867408217e+02
8.562103827765026836e+02
8.712593599039716992e+02
1.001555584200355270e+03
-1.847616356390704482e+02
7.189059965315425416e+02
1.224489864438766972e+03
8.612081774531318388e+02
9.310289670819543062e+02
6.095284468652234864e+02
1.356442467362720890e+03
1.128513251221252631e+03
-3.438256676722721750e+01
7.275221298234666847e+02
9.144695311924148200e+02
1.345997594576992469e+03
1.246930786700266708e+03
1.044780408975861974e+03
9.801988049295200653e+02
1.059635103512201340e+03
3.908492179403051523e+02
3.466651886970964824e+02
-8.685220430002270575e+01
9.987270970236987750e+02
1.094872850933995551e+03
3.319527035796350560e+02
3.752835744362927244e+02
3.585057868550976536e+02
1.093337759162057182e+03
4.863555899891314311e+02
1.160264080422648931e+03
1.100900345250733608e+03
1.277020106243790224e+03
1.032250643539914790e+03
8.504836437939877669e+02
8.976560968764483732e+02
3.748716193081048687e+02
1.187096316024419139e+03
9.491632514098677120e+02
4.802785057451416719e+02
9.692579311426159165e+02
9.492266097913503700e+02
8.171291872240614111e+02
1.164035737143153028e+03
6.383740160047709651e+02
1.175826435799945557e+03
9.110476467893155359e+02
9.438879515290936979e+02
1.167567633525943620e+03
8.195327870419074543e+02
9.110727709481924421e+02
1.043964867992424388e+03
9.065408281047655237e+02
9.759979358598535555e+02
1.025771208282790667e+03
1.007440057119862445e+03
1.306651025343226365e+03
1.252988477506695517e+03
1.220100235823814728e+03
1.079593010841319256e+03
1.190449516340858281e+03
9.665287170064957536e+02
1.067707324133544944e+03
8.941826963987282397e+02
1.225023470032862406e+03
9.370698650651646631e+02
8.986961401544559749e+02
1.026087190264087894e+03
1.112170100117865786e+03
9.038405045326082927e+02
1.113774355829919386e+03
9.075452893786291497e+02
1.058265695349823091e+03
8.951785096386740861e+02
9.346404019190724739e+02
7.525804164624343002e+02
8.248585356860421598e+02
7.451789154529103598e+02
6.181924509019618199e+02
8.225754396419077921e+02
4.637866830969350644e+02
8.416586599492289906e+02
7.517241911547986319e+02
