-2.699926996074726048e+03
-7.991568214827398151e+02
-7.542473918056382445e+02
-7.547932876579453705e+02
-1.199427810487862871e+03
-8.300737714176458439e+02
-8.430889694353786581e+02
-7.522042162730657537e+02
-7.824215991505263901e+02
-8.182494150002296465e+02
-7.546481224021430307e+02
-7.069174710845545633e+02
-8.479191521717132218e+02
-8.204194184788583470e+02
-7.955377357883699005e+02
-8.861851294939248191e+02
-7.668610316111613656e+02
-7.733238925149674969e+02
-8.470549749599651932e+02
-7.760757671048901329e+02
-8.655701958222446137e+02
-8.217021905303889753e+02
-8.477956937159937070e+02
-7.734295219698103665e+02
-7.013810522343615048e+02
-8.415456032407087150e+02
-9.125023026087870903e+02
-8.257815555759492554e+02
-8.148165519438574620e+02
-8.292044759200846329e+02
-1.124518791627833480e+03
-7.761803699175840165e+02
-9.705715656597778889e+02
-7.548962302347067634e+02
-7.905507601466734968e+02
-8.854098329084371244e+02
-7.480300156067203261e+02
-7.890702086390174372e+02
-8.992984282213110419e+02
-8.660205060553370231e+02
-7.622478981260755972e+02
-9.221267602302539217e+02
-7.846291946562719204e+02
-7.968680767974493619e+02
-7.793749544456894682e+02
-7.174433910566143595e+02
-8.009526928477522461e+02
-8.888296935519119870e+02
-8.535931639189727775e+02
-7.795215952076705435e+02
-8.103201062900408260e+02
-8.178090435786871240e+02
-7.795009052137545495e+02
-7.760131602236399431e+02
-9.460413805612953411e+02
-8.409495765118984991e+02
-9.441404475326799002e+02
-1.083153040635078014e+03
-9.000225663145016597e+02
-2.967177898744137565e+03
-9.229623791730184621e+02
-1.360540842960800092e+03
-9.703996033063872346e+02
-9.300556203785482694e+02
-3.046695840922443040e+03
-6.294360284859227477e+02
-6.054057377600116752e+02
-6.313428983708269016e+02
-3.086468772221744530e+02
-8.558058716798248042e+02
-7.593908129120164858e+02
-8.139953450393613821e+02
-7.215587188039816056e+02
-7.467510458757203651e+02
-8.399149130506048095e+02
-9.919857750681314883e+02
-8.493625175011878810e+02
-2.215553870127649134e+03
-8.777135580219844542e+02
-8.918157851327151775e+02
-8.387262233839884402e+02
-8.360447067934558163e+02
-8.728238902794408887e+02
-9.782852612765897220e+02
-9.053750899192441466e+02
-9.024657925752995880e+02
-9.481615407768807700e+02
-8.236977309567446355e+02
-9.313227404845071078e+02
-1.029223850402550170e+03
-9.315062365968706217e+02
-9.913950394252337901e+02
-9.063062929817710938e+02
-9.683873281856102722e+02
-8.899228611381931842e+02
-8.557340173654563387e+02
-8.743760090476348523e+02
-9.934400554119301887e+02
-8.826792312813463468e+02
-9.135246756100927996e+02
-8.932708838971619798e+02
-9.600781784286878064e+02
-8.653671625054319065e+02
-9.486682566511728965e+02
-9.171800850454849297e+02
-9.415917558584330891e+02
-8.553740854852262601e+02
-9.277991940630629415e+02
-8.889206179648073203e+02
-8.917849473749632807e+02
-8.587540320430344991e+02
-8.835140155095986074e+02
-1.002209130423275610e+03
-8.897044527960254072e+02
-9.977577887898495419e+02
-8.578913953124207410e+02
-8.287859031812886315e+02
-8.491854445319585238e+02
-9.431239189564005301e+02
-9.621049064064018239e+02
-9.651764835615257425e+02
-8.305898107978123335e+02
-1.130314511851947827e+03
-9.813674696511636739e+02
-8.672965713359425308e+02
-9.739199842038137831e+02
-8.089786439502563553e+02
-8.261957941508441081e+02
-8.169833994268853985e+02
-8.943798091728576765e+02
-1.546237599911670031e+03
-1.048913505016231056e+03
-9.903631316696047406e+02
-8.344963460281824155e+02
-9.929465990751833715e+02
-9.333343117146333725e+02
-9.267495796455085610e+02
-1.126694331868347945e+03
-1.307835145368236681e+03
-8.629840783148761147e+02
-7.965789747125006670e+02
-1.095618841495302604e+03
-8.858755091966671671e+02
-8.913801088702718971e+02
-9.559083335139567907e+02
-9.482684752526814691e+02
-7.355392446596694072e+02
-8.624653359351594872e+02
-1.008238962902092680e+03
-8.067872307745645912e+02
-8.062346082140740009e+02
-8.832364798426099242e+02
-8.605462205998013587e+02
-9.315439894071236040e+02
-1.000626842831818635e+03
-1.060729428741377660e+03
-1.011593324848737780e+03
-1.018368943388065532e+03
-9.501957120677786861e+02
-8.337984793819285869e+02
-9.498880790804047365e+02
-2.105251474003614931e+03
-1.038628262611817945e+03
-8.314678581123246204e+02
-7.706683105034215941e+02
-8.496950811892738784e+02
-8.316172207645082608e+02
-8.372429923917978840e+02
-9.693808981987878042e+02
-9.157755440832012255e+02
-9.664714002916593927e+02
-8.449460030511617106e+02
-2.130330551375548112e+03
-7.844369107862032706e+02
-9.029718090729032838e+02
-8.891350689462037735e+02
-9.274098117842273723e+02
-2.104472719226287154e+02
-9.198158120317474413e+02
-1.875554437145604425e+03
-1.655600197056450270e+03
-9.517179644998490176e+02
-9.308708908131825410e+02
-8.029290007992506162e+02
-8.560150062191186180e+02
-7.372651430699088451e+02
-9.171723033175438786e+02
-9.260170491077332144e+02
-9.064007998472826557e+02
-1.664481014990517224e+03
-9.329099579806736529e+02
-9.422374551037974015e+02
-8.845674912736959641e+02
-1.192538602648069173e+03
-8.926919575152483048e+02
-8.378246549809431372e+02
-8.442475561300025220e+02
-9.642427456974476172e+02
-8.646998509657462364e+02
-8.138296576705702137e+02
-8.286545578552602365e+02
-7.756356547087483477e+02
-8.114092220123136485e+02
-8.058473284237099961e+02
-8.815140068605475108e+02
-9.440724695978599357e+02
-7.888462400541458237e+02
-7.970498776007896140e+02
-9.112298568384798045e+02
-8.183907364042771633e+02
-1.008861519939953723e+03
-7.808492669541581108e+02
-7.667761037639518236e+02
-9.275752102626879605e+02
-8.490377203807535125e+02
-8.443064602281070847e+02
-8.206037541306501453e+02
-8.900289063594440222e+02
-8.564492219849930734e+02
-8.240068800247719309e+02
-7.756664367713316324e+02
-1.058424876159544056e+03
-8.145209114442400278e+02
-9.100022446088250945e+02
-8.264822444959668246e+02
-9.211941767505650205e+02
-8.799198317785319432e+02
-8.603002462811712121e+02
-1.154154438406538702e+03
-9.359241637063064445e+02
-1.498205616675749297e+03
-7.066675998687121592e+02
-9.132829435299877332e+02
-8.542712657265494727e+02
-1.544033911827746579e+03
-7.763651286257742186e+02
-7.418410445066892862e+02
-9.456348908612629884e+02
-9.133949837877628397e+02
-8.197366138495467567e+02
-9.582188894864937083e+02
-8.585334028385580041e+02
-8.503058599812961802e+02
-7.503029937255034838e+02
-8.842751459610113898e+02
-8.081029216944818927e+02
-1.524727923190709134e+03
-8.828057855352097931e+02
-7.278916764733772879e+02
-1.336128991872134065e+03
-9.770615802952601143e+02
-6.311431176713936111e+02
-9.261887795750023997e+02
-5.024547251810492980e+02
-9.255079457674829655e+02
-7.421758784341710680e+02
-9.179476672001302404e+02
-8.655197635944497279e+02
-1.864295859427453706e+03
-1.006906830716608169e+03
-1.016080812999161708e+03
-7.997375551371561642e+02
-8.423430430869907468e+02
-8.477414962463021766e+02
-8.003297096008611788e+02
-7.597691347585192716e+02
-6.857153610580303393e+02
-6.821765692177901883e+02
-1.563587297277068956e+03
-9.426764768287637253e+02
-8.197814481880488984e+02
-8.893455867455963926e+02
-7.531585864258611309e+02
-7.493259981677157384e+02
-8.551082843679196230e+02
-6.591124908809262024e+02
-1.016711080413949276e+03
-9.177517486072786141e+02
-8.910247499243262155e+02
-7.144423344113786243e+02
-3.731144151909309585e+03
-9.809430111239778398e+02
-6.977869735965002747e+02
-6.950049406196436621e+02
-7.650198637032081024e+02
-8.970471610537587139e+02
-7.511837753092818275e+02
-7.773128577304779583e+02
-7.137145696304025932e+02
-1.034919773140322604e+03
-8.404757275448937435e+02
-8.774238296509359998e+02
-8.510900607232493940e+02
-9.044398059209723897e+02
-1.046464282738670590e+03
-7.852146549788609491e+02
-1.425392313530169304e+03
-8.890517126229134419e+02
-1.273457689566046156e+03
-1.398073654952620018e+03
-7.366167610004538346e+02
-9.808148642889279927e+02
-8.156394583085309478e+02
-1.371558310109235208e+03
-6.102609286436131697e+02
-9.453580953663393984e+02
-1.357594424477499842e+03
-1.008295395080089065e+03
2.361429140264194757e+02
-1.478622961347431101e+03
1.374921418563724274e+02
-8.985081063843030051e+02
-1.102594952228540933e+03
-1.964613151156096365e+03
-8.600477384673598635e+02
-5.660823755534067914e+02
-9.078532962833525062e+02
-1.016066602975199544e+03
-1.113946899814191056e+02
1.420073330647126681e+02
2.535941089487105273e+02
-8.368542656441214831e+02
-8.812648193690706648e+02
-1.513993266734224107e+03
-3.172476520445229085e+02
-1.739965486000774945e+03
-1.668353280195373372e+03
-3.156160213939905930e+02
-9.061540046266445643e+02
-9.070582391871212167e+02
-8.434273742264032308e+02
-7.599974552704643429e+02
-8.610772231167957216e+02
-1.061427924493327509e+03
-7.876269610121265714e+02
-8.380718016348907895e+02
-1.486577250149161046e+03
-1.630144177559002969e+02
-6.895546053604489316e+02
-1.904135315150394945e+02
-8.153778740786738126e+02
-1.583654366572169465e+02
-1.673441986613044037e+03
-6.935276243443780686e+02
5.288910276476872241e+01
-5.741831844914876228e+02
-7.391952499549286131e+02
-8.958555346915209157e+02
-6.725350411861975317e+02
-1.075111082378322862e+03
-6.499548678971323170e+02
-3.012465170867747020e+02
-6.839148432511716464e+02
-7.189290387824991058e+02
-3.861328245997164572e+02
-9.531047459318308483e+02
-1.800635365419439609e+02
4.956358860502086827e+01
-7.270441542010835292e+02
-1.365775454182103886e+03
-6.931467703410223749e+02
8.741056554526960554e+01
-9.144164079496473505e+02
-6.089853367673982802e+02
-7.455972432063211954e+02
-7.437484056227674500e+02
-7.855720000161987855e+02
-6.422209415516131230e+02
1.384551642869985244e+01
-5.271020735182636372e+02
-6.111112415055827114e+02
-1.394735877804169832e+03
-6.852466238675826844e+02
-1.479658650775587375e+03
-7.506091084690983735e+02
-6.635790457669096440e+02
-7.818965854254254282e+02
3.940819793589017763e+02
-8.862518998114892383e+02
-9.549071412904515910e+02
-6.545158641003189359e+02
-5.410587317517312158e+02
-6.303676360931573299e+02
-1.703022094030138078e+03
-1.014008208368342139e+03
-2.073327709100306038e+03
-1.391052996563618308e+03
-1.333826044552737358e+03
-9.722298496686009912e+02
-5.218632974997491374e+02
-7.576268271024356409e+02
-1.411982823239581649e+03
-4.385426096335856414e+02
3.456803073477881867e+02
-5.812903623742604395e+02
-1.113628559291516467e+03
-1.752992754551961752e+03
-6.241384603741330466e+02
-7.713472434043256953e+02
-6.233746972103019743e+02
-7.089425499935887274e+02
-8.350533951943934881e+02
-1.350183658496399175e+03
-1.369502077324630989e+02
1.680596135117633594e+01
-6.075791292635664149e+02
-1.723118625100996269e+03
7.656558206016510439e+02
-1.589821142605243267e+03
-8.408739521492591393e+02
-2.837891378135509513e+02
-1.469162699505207001e+03
-6.486269625867363402e+02
-5.442189165656004661e+02
-2.273043946705640224e+02
-1.655393237534460923e+03
-5.776441668023097691e+02
-1.037177626751732760e+03
-7.061467750908637981e+02
-2.717273173952283742e+03
-8.041378310963848435e+02
-7.305305000563528210e+02
-9.369557140350584632e+02
-6.331234006063594961e+02
5.029071469152153782e+02
-5.359644784537567830e+02
-4.708572511006715331e+02
-6.676054259393939674e+02
-6.954660274175647601e+02
-4.271313158761527120e+02
-5.437884501858019348e+02
-1.360325904579783355e+03
-8.013085864543766093e+02
-6.446125355998320856e+02
-3.656316805809790367e+03
-7.047304048625089763e+02
-1.212714516562079154e+02
-5.880677486725395511e+02
-1.636979947615162473e+03
-4.379132564913759325e+02
-1.429129169375286892e+03
-6.031282167326005492e+02
4.719302999186032821e+02
-5.333040611154673343e+02
-8.651573104224501094e+02
-6.343907991973262597e+02
-7.287831072601362621e+02
-1.727833993735724789e+03
-6.780538314823163546e+02
-8.694545294830619468e+02
-4.840047524578368439e+02
-6.256336983838413062e+02
9.167183074040400470e+01
-1.107742406657310767e+03
-1.137560936024723901e+02
-6.146654349288585308e+02
-1.503262889098282812e+03
-1.617439423900743350e+03
-9.057365416025124887e+02
-1.861719821864376854e+03
-5.113670210287158397e+02
-9.789648654855066070e+02
-1.714352109232750081e+03
-7.748757117174683344e+02
-9.679867709891150298e+02
-1.727281801046351120e+03
-8.631596903306282229e+02
-5.982526507287482218e+02
-1.608661443752152991e+03
-6.015007388483634259e+02
-1.344135799098401549e+03
-1.255541992329790901e+03
-1.009483218629338921e+03
-1.375878013767504854e+03
-1.252360178965159548e+03
-1.417999282946685298e+03
-4.637608233046330497e+02
-8.160959819524750856e+02
-2.635380404827714074e+02
-4.384959001164224901e+02
-5.177531091150269731e+02
-1.134434829055647469e+03
-1.569918809184220208e+03
-1.740574190185733414e+03
-1.502133880397800112e+03
-1.200380697805774844e+03
-1.537201436271406919e+03
-9.528330459849685212e+02
-1.764220998135557920e+03
-1.217270578547091191e+03
-9.091096588196955963e+02
-1.321775135807697097e+03
-1.485779954260227896e+03
-5.785998930419166300e+02
-1.645992684967308833e+03
-8.818129020162432425e+02
-1.414071461242438090e+03
6.806471019239876341e+01
-7.618081785152216980e+02
-1.305415621897727760e+03
-9.021385169205434522e+02
-7.944362748830401415e+02
-6.981392109769049057e+02
-1.402150646179077285e+03
-2.183605911907702364e+02
2.336002978612972925e+02
-1.205796232822908223e+03
-5.461733860055066998e+02
-1.192691152423704352e+03
-9.308697602303295753e+02
1.389325191853225192e+02
-4.276955954305386740e+02
-4.833199866139950132e+02
-1.296229602954997972e+03
-9.431835358532189275e+02
-4.795113697654696807e+02
-6.468468661435734930e+02
-6.397179647244714715e+02
6.967161154478486651e+01
1.403865017700827025e+02
-1.392961627337759637e+03
-5.660377447657267567e+02
-5.980157750669759480e+02
-5.741851895792999585e+02
-5.937933171484867216e+02
-4.306608909728555545e+01
-1.326160450136792861e+03
-1.412625277552617263e+03
-1.184821857548252410e+03
-4.070768703274279119e+02
-8.784136123425230380e+02
-6.769953574664667713e+02
-3.676299355888854734e+02
-9.809720083142524345e+02
-1.007179460627201706e+03
-3.580562813188191740e+02
-3.613100418938157077e+02
-8.304506312387031812e+02
-4.952187120444119159e+02
-3.893655164201762773e+02
-8.332292133343448768e+02
-1.202007001702467733e+03
-7.308832144153889203e+02
-7.006854130592078036e+02
-3.318259997265939774e+02
-5.982865285606535508e+02
-3.290034781511125175e+02
-7.230488825397350183e+02
-4.447831573123124826e+02
-4.254728263636561678e+02
-2.613313473072492457e+02
-1.725310821448576348e+02
-2.008021075960573398e+02
-3.340391292393002800e+02
-8.008512781218589680e+02
-1.087404357983058674e+02
2.393606678263795970e+02
-4.467795507533998034e+02
-4.747692042309674321e+01
6.622612679380843019e+02
5.858081796954694482e+02
8.647076654313873405e+02
7.081546939402162479e+02
6.862032801641632886e+02
4.346577024641005664e+02
8.548341304913110434e+02
5.333572787001847928e+02
6.352819557200186864e+02
4.576468952277432436e+02
6.772041957641077943e+02
5.082977715972825195e+02
-6.037322834909417679e+01
4.968829908816468333e+02
-4.856809692594194985e+02
-1.122754083001728077e+03
7.400004869749516274e+02
6.435600065531169776e+02
-3.096441938678725592e+02
3.004302301848381376e+02
-6.000325734148177617e+02
2.749666043187133937e+02
3.815888526461575339e+02
6.784469551302156560e+02
1.204484980563567547e+02
-1.807639614138155366e+03
3.835822701221582633e+02
4.327648107660311894e+02
-1.181008822671314192e+03
1.025839564666532624e+02
1.446319891865211389e+02
7.087272535351571605e+02
-8.131645887352215141e+02
7.343539431330930256e+02
-1.133454830510286229e+03
7.072125174741579485e+02
5.138932067156270023e+02
7.019358912211326924e+02
6.353604315038231789e+02
7.446166614774605250e+02
8.354615524826879209e+02
7.196843407818930700e+02
5.370026086213307508e+02
7.003307466912037853e+02
4.456447203454027317e+02
6.737130254247194898e+02
6.025891011032682627e+02
4.197887960369390044e+02
5.895921648522794385e+02
5.432426797142046553e+02
5.338474460587835893e+02
4.947220496836527559e+02
5.281252122039642245e+02
4.796652640610823823e+02
4.722484798280370342e+02
4.278695526799988897e+02
5.712818809280367987e+02
1.438640481331859178e+02
5.970214282697602357e+02
5.859112454401487184e+02
8.166665483891989652e+02
4.545116097269124680e+02
5.599253127063431066e+02
6.087595507839594120e+02
7.260781187374082037e+02
5.423014256346964430e+02
6.995413648521039249e+02
6.056137804386249854e+02
4.598717672999284218e+02
6.310726841958871773e+02
8.724967775903498932e+02
1.102184672105960090e+03
7.476010319754982447e+02
6.500177625091118898e+02
9.329454792753307402e+02
1.064593403565460221e+03
8.621845625434522162e+02
9.356563338568819290e+02
6.463146304738666004e+02
5.570459704593107517e+02
6.906104351804107182e+02
7.428793784503084225e+02
7.793939496298279437e+02
7.740043683374601642e+02
7.220788613543541032e+02
7.257988856045128614e+02
7.149699254856712969e+02
5.468926100384376241e+02
7.854434597571577115e+02
8.240503848688729249e+02
6.644427869738743766e+02
9.172602085139806150e+02
7.798575200317080771e+02
8.285526550349874242e+02
9.528814797325647987e+02
9.144199860015833110e+02
1.049197226177138646e+03
8.814461237096819559e+02
5.290539885541479634e+02
9.675045462374278031e+02
1.039167326045499749e+03
7.241536762479606750e+02
9.092300139168518172e+02
8.379676857536403531e+02
8.937123633942161405e+02
8.229783581742331080e+02
9.627962504047595758e+02
8.379833754818866964e+02
7.333675439241515051e+02
9.930351736004549821e+02
8.657532182329325678e+02
6.534804993955340251e+02
9.334788206016668255e+02
8.754209308326013570e+02
3.937670405524439161e+02
5.396652303457293556e+02
6.243091185083158052e+02
2.547374452116037560e+02
6.515582686475868286e+02
3.882633799410427287e+02
6.383882151077252729e+02
5.788002471133988820e+02
3.101109672232744856e+02
6.492126690979819159e+02
-3.236042932799190908e+01
6.097752980998618568e+02
6.304564257540575909e+02
4.639404868632200305e+02
5.307379336187976833e+02
5.633327193750493507e+02
5.024132460429963203e+02
4.106229517737536412e+02
5.970813737758545585e+02
1.466085934745011059e+02
3.861792529988534284e+02
6.783341503390649905e+02
6.066485588214528661e+02
6.052267110718456706e+02
-2.718733811678923757e+02
7.092762995169744045e+02
6.962852112327484519e+02
6.218222513150187751e+02
3.101272758875726367e+02
5.590281988955445058e+01
3.256750268158837116e+02
3.969989589486111754e+02
1.175470682290770128e+02
-5.873950776181910669e+02
4.022627930000697347e+02
9.933181652199004930e+01
-1.621519606977217336e+02
-5.133154206797114227e+01
-1.328980797341750304e+03
-7.344578808595781538e+02
-2.466555386154579423e+02
4.211120416873947079e+02
-1.453788057611069178e+02
6.431951468814483519e+01
6.315960534060673126e+02
1.125892766149464705e+02
4.524909298335509220e+02
6.354361426000286883e+02
4.635243218165376220e+02
2.284136071398581294e+02
5.061433331633302259e+02
5.166644235857800140e+02
5.265609649198240731e+02
3.940693930379056837e+02
4.702197202224715511e+02
-1.527547745599186158e+02
7.314285994695096633e+02
-6.249498060097727148e+02
-2.160990789041136964e+02
5.125414608233993476e+02
4.016124944969544686e+02
2.847979231012702712e+02
-2.601495006970233703e+02
-3.909048362667432457e+02
5.961540357319331633e+02
7.502973821924896356e+02
6.976496403675466809e+02
7.316282452071304760e+02
7.412778312833041809e+02
5.430117891397987933e+02
6.625862737748207110e+02
7.769389282882984844e+02
6.619278592825783107e+02
4.849998232961212352e+02
6.213588621753995085e+02
5.374036408155679965e+02
5.532255297948001953e+02
5.654032182156246336e+02
6.982021206009128491e+02
5.955887608286220711e+02
2.635998104573127421e+02
6.696468781162145660e+02
5.416930317314106560e+02
6.789644573458973582e+02
6.705940252031159616e+02
2.648198556788884730e+02
5.848561938196181700e+02
5.553854065879420432e+02
4.101595427906341342e+02
4.281387111250654129e+02
7.804482206072430017e+02
6.260713972920057131e+02
5.438092032706762211e+02
6.404055512471379643e+02
7.451074055500382656e+02
7.279598448332736780e+02
6.338227411852673185e+02
2.692622253553100791e+02
5.936480587504072446e+02
6.152679498518700711e+02
6.794118116670483687e+02
5.857373845913768946e+02
6.209047810355443744e+02
7.162426335693405690e+02
6.232826348112819232e+02
4.588229512529779299e+02
2.417343935278586855e+02
5.481169122101107405e+02
7.170089211097044881e+02
6.932619048519171656e+02
5.833301276471436267e+02
5.426715549600650093e+02
5.253976695642656978e+02
3.974037549595259406e+02
6.528672339260415356e+02
6.728186680106739459e+02
7.210815022567084043e+02
6.027022007559276062e+02
9.033839668630746473e+02
7.183848589879082738e+02
4.428940535686264752e+02
7.721691565286598689e+02
5.440593429709758766e+02
2.487018894556340456e+02
7.473897781965365539e+02
7.751456823630376221e+02
6.424007680783932983e+02
8.387567063488866097e+02
7.726397865363737765e+02
7.355737495569838984e+02
8.168104533393994870e+02
5.659825573340312985e+02
6.238169103868069669e+02
8.489061380038883726e+02
7.132298550956566032e+02
8.943793936085021414e+02
8.704856216187312157e+02
8.805186197515844242e+02
7.851366828816103407e+02
7.543148734035736425e+02
7.600899332609351404e+02
9.332589688683526674e+02
7.767274368536593556e+02
7.037739448598781564e+02
5.261073501793250671e+02
6.035006622620402368e+02
8.301088501984198729e+02
8.439394763282898566e+02
8.852237754158688858e+02
7.276099990034232405e+02
8.715600099897752671e+02
7.983688213780897058e+02
8.456724561216882421e+02
6.914864085169394912e+02
6.436218830793649204e+02
6.500627987812779338e+02
7.277267671136230547e+02
5.604881755038829851e+02
9.589345441218773658e+02
5.635703839998483318e+02
5.852334431950886255e+02
6.049395256958758864e+02
9.882856287090820615e+02
6.333509055419358447e+02
6.918678668939757017e+02
9.100959683303030943e+02
7.053653574247446159e+02
7.886461126986935142e+02
7.917963459391954757e+02
4.713765261717659314e+02
6.671523025692523561e+02
5.175000715710463055e+02
6.652981444455094788e+02
3.492585144819435072e+02
8.128638026789205924e+02
5.483287835386436200e+02
6.575688532202541410e+02
8.487994395627588347e+02
8.173843511837457072e+02
6.828634404618112512e+02
1.007681332590495686e+03
9.016485507994548243e+02
8.333059937037293139e+02
8.522696921308272522e+02
1.010633416174644253e+03
9.398875253163039361e+02
6.492800202956534577e+02
7.456140788574600720e+02
5.492647292597680462e+02
8.598873122364132087e+02
8.486647428073953279e+02
7.873712920383873097e+02
8.453944941021356954e+02
-1.832272130187335279e+03
7.365054979711607075e+02
6.921794095525954162e+02
5.044251297864597063e+02
7.476594734896365253e+02
9.589001638306210680e+02
7.838186094808856978e+02
6.897582060905142498e+02
7.441470686359073170e+02
8.559108342994791201e+02
8.104866806195275331e+02
7.999989997585323636e+02
1.065206300442311203e+03
9.532451844005995554e+02
6.672255860020782166e+02
9.660455805424161326e+02
7.074547083107186154e+02
8.958363940154247302e+02
9.282305422139580742e+02
9.880571954666023657e+02
1.055134064356033605e+03
6.900027436933509080e+02
-3.471783289831022330e+02
7.980978793557178506e+02
-2.810948891629142281e+02
5.868097687204394788e+02
6.323606039732578665e+02
5.992053296773931379e+02
5.763650815256861506e+02
4.803910953024922605e+02
6.097815741454394356e+02
-3.159326996709182822e+01
5.510311469705392255e+02
-4.335307608841502542e+02
7.677124959725485951e+02
8.256748494063053840e+02
6.144707324892344786e+02
7.375310713669414326e+02
5.832004343919147686e+02
7.791422987196494887e+01
-3.330350176084270970e+02
6.156631303951221525e+02
6.993025516036286717e+02
7.951229668569019395e+02
7.084105096208095347e+02
8.666818224728478981e+02
7.449848616939557360e+02
7.069402901429907615e+02
8.412855268413468366e+02
8.252789528426280867e+02
8.320025258716633516e+02
6.781347086624184612e+02
6.355261252142570356e+02
8.783663247020367635e+02
6.882479402852789008e+02
7.013417667833846281e+02
6.721186497643818711e+02
8.131952003347726077e+02
8.363298229695262762e+02
8.169888718314998641e+02
7.616499623598178914e+02
7.848508952433322747e+02
8.916499158244129148e+02
8.618216545160890973e+02
7.355828804615113086e+02
8.819955122755832235e+02
8.028464052478605026e+02
8.678684690365776078e+02
7.536913106545739538e+02
6.811917698327413291e+02
6.454819255810822369e+02
2.281207161142266386e+02
8.713336607530482070e+02
7.736343052464389984e+02
6.482066216709780520e+02
7.744800916911797231e+02
7.124388367034018756e+02
7.388943937144721303e+02
6.918487995909312076e+02
8.062655988636458915e+02
9.193089671934278613e+02
7.324542951309662158e+02
7.614823369334458221e+02
7.408805727695087171e+02
7.991258769845927645e+02
7.896739748348961712e+02
7.427715879011525431e+02
7.609495591809297821e+02
8.448585629297102741e+02
9.188494390224092285e+02
7.145596449776483041e+02
7.875835515496783046e+02
6.917151990871379894e+02
5.660368192262726552e+02
7.191528158791795704e+02
8.530216358394706049e+02
7.261348694349060224e+02
8.475759390396792696e+02
7.952618861477543533e+02
7.814679654042536185e+02
7.724206022411769936e+02
9.243772253938319636e+02
8.148305670874340194e+02
9.116382207568257172e+02
8.530107673569144708e+02
6.688979955790941858e+02
9.514132106930126156e+02
1.079365751365826100e+03
9.608359766009454006e+02
9.014298968561081438e+02
7.941334635880261885e+02
8.488858220452518708e+02
8.470439273790148036e+02
8.783352018282721474e+02
1.027954370827442744e+03
9.215526784071259954e+02
9.015470231228273406e+02
8.759005740117834193e+02
1.002341578908966994e+03
9.809937470728302742e+02
9.481359754983213861e+02
8.974257707652993759e+02
9.459528866904664710e+02
8.179764808256288688e+02
8.573325145511696519e+02
8.966392504995727677e+02
9.106003874090056343e+02
8.237136199733868125e+02
1.013231932376019358e+03
9.389680817337875851e+02
9.074570497949409855e+02
9.916563070127619994e+02
8.474777514362418742e+02
8.528228029368963234e+02
