-2.461759218541755672e+03
-6.909369418593314549e+02
-6.241768117395860145e+02
-6.023988332113929118e+02
-6.746635911858560348e+02
-6.629716981960343674e+02
-7.402626877824286566e+02
-8.100955668731894548e+02
-7.980438018552947597e+02
-7.483402569663751365e+02
-6.498248408897626405e+02
-5.713345162830753452e+02
-7.579010889321822333e+02
-6.783443319621990213e+02
-7.416944988234246239e+02
-6.307352972508435869e+02
-7.115827319961190369e+02
-8.640659026589389669e+02
-7.641407482505039752e+02
-7.084497666772442699e+02
-6.172399369592246785e+02
-6.909949953966587373e+02
-8.199661351021893552e+02
-8.056692470802654498e+02
-8.528075295740413821e+02
-7.441770446567910540e+02
-7.202673828096448005e+02
-8.220043908951557796e+02
-7.840549053333587608e+02
-5.300149282197899083e+02
-7.269391885322851010e+01
-5.018234213876870626e+02
-1.601009834572967065e+03
-7.485335754221945308e+02
-7.169855972111519122e+02
-4.081362087937930028e+02
-1.149369302976601602e+03
-9.062932630740533568e+02
-4.895639632111311812e+02
-6.487022773624157708e+02
-7.448498038148838987e+02
-9.584693451994119187e+02
-7.784087550319217144e+02
-8.651718187016226693e+02
-6.957043226607703446e+02
-5.793282898595844017e+02
-7.692880598419232001e+02
-8.312798624285769620e+02
-6.587983573563922164e+02
-8.570825161116773643e+02
-1.090294601664446418e+03
-7.335157316957506737e+02
-7.510001015466440322e+02
-6.282730185140735557e+02
-5.544452681861266683e+02
-6.953585200362618934e+02
-8.157187828572405124e+02
-8.094727735890531903e+02
-9.037428813923532971e+02
-6.436585497062936838e+02
-7.923828517470874431e+02
-6.132297604999911300e+02
-7.156016699530908909e+02
-6.092844966600365524e+02
-6.482103692475172920e+02
-8.173432359349827721e+02
-7.623324393716454779e+02
-7.055639477754928066e+02
-6.829440143406237667e+02
-5.500206167694645956e+02
-5.911297090588689116e+02
-6.659025157912060422e+02
-4.262189511905518202e+02
-6.971803860272138991e+02
-7.009865818395853694e+02
-6.876279157547188561e+02
-6.566057003062223885e+02
-1.219380260888771090e+03
-1.235630713623449083e+03
-7.511423201063364559e+02
-1.144756318627636347e+03
-8.199005264761490253e+02
-7.719353930856183297e+02
-6.012365049730568671e+02
-9.865969519577257643e+02
-6.472837547078756870e+02
-5.709381195404984055e+02
-6.585678864206286107e+02
-6.655851227557541279e+02
-1.082233725910027033e+03
-5.466652342412164671e+02
-7.288260762373648731e+02
-5.190597540173251900e+02
-1.016435743696964551e+03
-1.130211515976658802e+03
-7.055528550075533758e+02
-5.730186722485674409e+02
-5.255538847753942946e+02
-5.916374606103815950e+02
-7.143314325740593631e+02
-6.664143072737533657e+02
-5.796681437892075337e+02
-8.138498060474258864e+02
-8.007517398287650394e+02
-5.419561809722780481e+02
-7.512161981222230906e+02
-6.024765833683926530e+02
-9.035574929882741344e+02
-8.142100207161522576e+02
-6.757179684253347887e+02
-7.918492540077189688e+02
-7.966379100613658011e+02
-1.126402595182404639e+03
-8.334395098078572346e+02
-4.226666040518486511e+02
-8.825108610342493876e+02
-5.108537074404396776e+02
-7.569173563472097612e+02
-6.504298349201061455e+02
-1.124806024875229014e+03
-8.564026325681206799e+02
-7.535267080993620539e+02
-8.315521644039272360e+02
-4.804422270256064280e+02
-6.917338435763820144e+02
-7.449935717737528194e+02
-7.447158772433333525e+02
-7.655822169571969198e+02
-1.320448855811717522e+03
-9.910705845119741753e+02
-1.467825656984806301e+03
-7.236802275115902603e+02
-7.317967611904043679e+02
-7.617857229535229635e+02
-8.185921775452370639e+02
-8.603407741949270076e+02
-7.734649114946373629e+02
-5.914762144278314508e+02
-4.379449494540044725e+02
-5.175008852426676640e+02
-6.885435000345984236e+02
-6.807016853016178857e+02
-7.433345274794158968e+02
-7.746884602977260101e+02
-3.738304455041193251e+02
-7.517355317590939876e+02
-7.576525211389463266e+02
-5.079141735801549657e+02
-3.525397877265111788e+02
-6.596742212662533120e+02
-8.043197440405124325e+02
-8.986160087474856937e+02
-6.955449965799186884e+02
-8.928090369231267687e+02
-6.143001833567129779e+02
-9.767552407151423495e+02
-5.764542854470131488e+02
-4.170001751606244511e+02
-4.693498866128345526e+02
-5.778185693910036207e+02
-7.486834849418778504e+02
-5.827785544062436429e+02
-8.394613480775838070e+02
-1.331262653408577535e+03
-8.984867624911273651e+02
-6.137352456560047358e+02
-5.966427181313409847e+02
-2.661746500592843176e+02
-3.736697620372659685e+02
-6.171178228428672128e+02
-7.194206058465683782e+02
-6.073597588406765908e+02
-8.091814123839623107e+02
-6.355092184520824503e+02
-5.964719096582794009e+02
-8.758049509530120531e+02
-7.014488904737303301e+02
-7.669002216569924713e+02
-8.223395212976569155e+02
-5.885939196939843896e+02
-1.543640031642354188e+03
-5.010906345355501799e+02
-5.404534529585266682e+02
-5.523048203559369540e+02
-6.441545864736609701e+02
-6.125667142541514067e+02
-8.311561494689747178e+02
-8.435415838276278464e+02
-4.464038103021993038e+02
-6.071040612562860588e+02
-7.286168168554178237e+02
-9.537082548009705079e+02
-6.251817848271655294e+02
-3.415009505819357400e+02
-5.574239021798625799e+02
-7.126774095844782551e+02
-7.529831293056774939e+02
-5.643594388623854456e+02
-4.284593556121295705e+02
-7.855570519180863585e+02
-6.074323839247058459e+02
-5.012318398385338014e+02
-5.233159837706778035e+02
-4.614921205464175955e+02
-5.058978229604098260e+02
-6.951392394082615738e+02
-4.720743520277180778e+02
-1.875051282516002971e+02
-5.280649860667660960e+02
-2.298371268205304148e+02
-5.224403408713008048e+02
-4.582373992836214143e+02
-3.083487138599842865e+02
-6.045119078425638008e+02
-7.043275402379241541e+02
-4.400473736980248987e+02
-6.178357027318229910e+01
-2.414153419181035645e+02
-9.178537823192931455e+01
-8.289733655843838278e+02
-1.140316664891247001e+03
-3.692734134580890100e+02
-4.732947254185902466e+02
-5.719209185928519901e+02
-5.931963877136773817e+02
-3.524385211143336960e+02
-4.210315663068729464e+02
-6.437818673004451284e+02
-5.216059114920591355e+02
-4.729478848614544972e+02
-4.595754156245394597e+02
-9.241759752869119211e+02
-5.342429117579752074e+02
-4.196658622575412778e+02
-5.361919982935551161e+02
-8.589221465987420743e+02
-5.787093374324138040e+02
-3.015501794475338215e+02
-4.225407424382842123e+02
-9.664695097746117654e+02
-4.770620855206773854e+02
-3.718736388197634710e+02
-4.659928094841378652e+02
-6.138604178104690163e+02
-3.534753331348275083e+02
-6.684602145763773251e+02
-4.701781994934320892e+02
-2.125836480346088138e+02
-4.822338711148411790e+02
-5.121992713852999941e+02
-5.401079516534772438e+02
-6.483520910157038770e+02
-4.679335463910774138e+02
-5.220302369673429439e+02
-4.905593810488707049e+02
-5.240938174050596672e+02
-7.597994642994079584e+01
-2.370205675493204467e+02
-4.841583659793185461e+02
-2.919280626357957544e+02
9.650159083702795897e+02
-5.038330205401128410e+02
-3.949922200423264940e+02
-3.519521456933637751e+02
-8.112042051388922346e+02
-2.268954864626659855e+02
3.314144185513690672e+02
-1.112732858408297943e+03
-4.414867304476149457e+01
7.264694259663326648e+01
-4.278742075458254135e+02
-9.576528313561252617e+02
-5.927787782391966402e+02
-6.742333219827721678e+02
-3.338391236972902334e+02
3.294442149785633092e+02
-2.593910949762084783e+02
-3.410376262144850443e+02
-1.900378551303388974e+02
-3.465203522430225007e+02
-4.450363873947571847e+02
2.190295099287748144e+02
9.365231308728901922e+02
3.660849183060162204e+02
-6.536469703838525902e+02
-4.277478182103477593e+02
-2.790975234859246257e+01
-4.522114074119482439e+02
-1.356068152368603705e+03
4.680811591753328571e+02
2.117482883328061973e+02
-6.582524995730418595e+02
8.243834183489709631e+02
-1.092373766336827657e+03
-4.170348987762661750e+02
5.714057248505786220e+02
5.882798628691710974e+02
3.962203405600465089e+02
-3.840928820721044303e+02
-5.162166765053160589e+02
5.625196463207062152e+02
-5.133507094387454117e+02
-6.265658368508829881e+02
-1.098031249103491973e+03
-1.071600839804528050e+03
3.714098234601053719e+02
3.128910385298669325e+02
-9.939078492386715880e+02
-8.918469908277628519e+02
1.325168276267870397e+03
-3.896415511018247457e+02
-5.103404925032361916e+02
-2.959972270624812154e+02
-5.421897114344970987e+02
-9.200823605522085700e+02
1.188731296991952888e+02
1.453095761170999651e+02
-6.723702003477534390e+02
-6.681195146765037407e+02
8.341772128272430109e+02
-3.749539630661615206e+02
-8.375830556973935472e+02
-1.096567134242362869e+02
8.469858460285288970e+01
-3.396500377788610194e+02
4.561212389445856275e+01
-7.085117477535987973e+02
-8.125507096531498519e+02
-3.216269694788476841e+02
-5.707461824985086878e+02
-4.883293760199073290e+02
8.297939390244481217e+01
-6.660598808804778628e+02
-4.644088233086652053e+02
-5.948203898909249574e+02
-2.753226164357678840e+02
-6.427465707068150778e+02
-1.457978711208259597e+02
-5.503970180591753092e+01
-4.892045560521177094e+02
-6.175071013601824461e+02
-6.861627760435160326e+02
-4.536488716600874795e+02
-1.890005181075594010e+02
1.045930109553573175e+03
-4.588217913380030382e+02
5.763907064171270349e+02
1.113307689143257676e+03
5.953838035727141005e+02
8.588137363613591333e+02
3.648587156077576310e+01
2.264741524423533860e+02
6.357278227890803919e+02
-6.106820494221668696e+02
1.032695393635203345e+03
-4.966109439290204364e+02
2.267797955625645159e+02
-6.761065046591839689e+01
9.806016979600811965e+02
2.918945052435852858e+02
1.077630012979540652e+03
1.348315517311346866e+03
1.086092519764292774e+03
1.367951280847853013e+03
-6.469539003357592719e+02
1.705292689513349558e+02
-2.359296830961609999e+02
7.702896278704971564e+02
-7.966152545770047482e+02
1.138940570348779602e+03
9.787188177054937341e+02
1.349369105891157687e+03
-3.129158432159498489e+02
-6.528560657697079250e+01
7.688195823743424171e+02
8.397130339297857518e+02
7.281485973112255579e+02
6.171371605465383254e+02
7.721466860836954993e+02
9.071875133613355047e+02
2.640734353269081112e+02
5.936390121095171253e+02
7.374336300092049896e+02
6.596623367618379916e+02
1.033018918346921964e+03
5.727749855012734770e+02
9.625197491210750513e+02
1.066178723662692391e+03
6.998763314162489451e+02
-1.553961816403540013e+02
-3.322143822561274646e+02
1.541542200623074734e+02
-1.324473097186760810e+02
3.957871900511936474e+02
1.357075815544482566e+03
1.179093197616022508e+03
9.420632053713399046e+01
2.495364590587922748e+02
9.001398543664635099e+02
1.181120205067624340e+02
8.858233799609339485e+02
2.548918120610209144e+02
-7.756034921682017966e+02
7.529810132266654819e+02
5.039172030028834115e+02
4.235293790131906349e+02
6.107382337653182276e+02
4.050266739317187330e+02
1.461946868359333848e+03
1.130170455668956947e+03
6.385873733497076046e+02
1.178139824435222636e+03
1.233342389042925561e+03
7.374245846761066332e+02
1.185969638405531896e+03
3.147677088536266865e+02
1.181467602296848327e+03
1.073673751655705701e+03
1.364328441512049494e+03
8.985012736243805875e+02
1.080580768303454079e+03
1.445196953964377371e+03
1.507429744231696759e+03
1.174261707601893704e+03
1.023219079739739186e+03
2.095763659939622698e+02
7.401029877140503004e+02
1.170701492497423487e+03
1.002306599839363230e+03
7.899295598615576637e+02
9.197507883888761171e+02
7.815968191275854906e+02
8.370875312991843202e+02
5.871409422585062430e+02
5.357945543314142469e+02
4.075820671516753464e+02
5.836536226463354069e+02
7.261951570904677737e+02
8.240848673259093857e+02
1.065731648496591561e+03
1.329000499882625263e+03
8.251469949607069339e+02
6.687446883734078256e+02
3.117676725149275399e+02
6.418796337346499286e+02
1.178921228979760599e+03
1.216557753866768280e+03
1.165093557460884085e+03
9.321683388313134628e+02
1.098548075466092769e+03
1.320637393104525927e+03
1.155250486404815092e+03
1.272032951222806787e+03
9.342825565518836584e+02
8.436171879063047072e+02
1.057870997431602518e+03
1.527199338050783808e+03
3.941848431275547000e+02
1.354704991496741741e+03
9.421173078372373766e+02
1.189799208190892159e+03
1.191668506224568546e+03
8.260448933887419116e+02
1.047781383892454414e+03
1.090714720351639016e+03
1.133392641009920908e+03
1.280378885180809448e+03
-6.908909729871470518e+01
7.970007702002320684e+02
1.191198378392259428e+03
9.481130871262859046e+02
9.828061869255909642e+02
1.182660085640758325e+03
1.273716083463979203e+03
1.348794776564727954e+03
1.666373027658826231e+03
1.252852581416184421e+03
1.421133213683797294e+03
1.140629671835572935e+03
1.330907419439200794e+03
1.017715526332001446e+03
1.183512806384935175e+03
1.122083676741466434e+03
1.234506066923231174e+03
7.032534739206917038e+02
1.352370105199856880e+03
1.352750825995323339e+03
7.547329728530434068e+02
1.523223538086494045e+03
1.325317897145998813e+03
1.392637503301893048e+03
1.177785056662919033e+03
1.401752894912759302e+03
1.461463356639269477e+03
1.598501472632585546e+03
1.492754005796135516e+03
1.318397472948770201e+03
1.659586368227017374e+03
1.397741757637778846e+03
1.426784873398001309e+03
1.660974497154345954e+03
1.625098759803458051e+03
9.975976731978944372e+02
9.786564731407297586e+02
9.779309202492917166e+02
1.347864838608923492e+03
1.303155472181697178e+03
1.075122351046488347e+03
7.556325858247122369e+02
1.186383949299382266e+03
1.102641137191813868e+03
1.209625637606925011e+03
1.291362973226276154e+03
1.192373619167338347e+03
7.131840856177013848e+02
1.391912805325128147e+03
7.513115442000506619e+02
7.178475985498776026e+02
9.588414711514037663e+02
9.613145489206732464e+02
1.151897347037333930e+03
9.072621496258672096e+02
6.459371580406350404e+02
1.156597761799309637e+03
9.183766443132440145e+02
7.213677933939486593e+02
1.171350933724554125e+03
9.402493368887976430e+02
1.097312279464047606e+03
1.056422135523963789e+03
9.368906129424293567e+02
1.261572430889045791e+03
9.528606449117264674e+02
1.121077169192452857e+03
1.048134829014470824e+03
8.673129142893920971e+02
9.118113385781396119e+02
1.263166560554779153e+03
1.347530774399622715e+03
9.463702175211946042e+02
6.819109333415692618e+02
1.310505696195201836e+03
1.120371745855434256e+03
1.065922499598305194e+03
1.364630627663302221e+03
1.011710789007500125e+03
9.521574849358066785e+02
8.913241098465236973e+02
8.312169491428644506e+02
8.914115543897881935e+02
7.094663984615247045e+02
7.700966071342514851e+02
7.487624161502805009e+02
8.222371037278289805e+02
5.896923972471249726e+02
5.959861845489390362e+02
1.000560530489365874e+03
9.781665521837196593e+02
8.972573650662257023e+02
9.388096364890579935e+02
9.184002754813927822e+02
1.297961774240148543e+03
9.313785128780932610e+02
9.702272616449015459e+02
1.049829637411744898e+03
1.228920849330545025e+03
9.842790796719727950e+02
1.081609057775077417e+03
1.104058933251641292e+03
1.272900143612578177e+03
1.232957539570150402e+03
1.216797796830790048e+03
1.327672380788276314e+03
1.333898149295353960e+03
1.379093811227006881e+03
1.477632009840033106e+03
1.096908297287167670e+03
1.073800515876715508e+03
1.393137617491910987e+03
1.226700910922022331e+03
1.484789810635463027e+03
1.157560260404470455e+03
1.351167541500073185e+03
1.243351930452412489e+03
1.363973616892515338e+03
1.225797256674646860e+03
1.451001605301662948e+03
1.211745792628386198e+03
1.161060715904116250e+03
1.122438641479687703e+03
1.361252001177577768e+03
1.181525890202337905e+03
1.281244820882807062e+03
1.215171601661302930e+03
1.348533308878186062e+03
1.079756848027390333e+03
1.209168780753993587e+03
1.225089292415278578e+03
1.308892827220079425e+03
1.219507076269029994e+03
1.271049795642999015e+03
1.086063765158057777e+03
9.855746155715908117e+02
1.387450919889646457e+03
1.184210800028242375e+03
1.131076224130187484e+03
1.171408617362554651e+03
1.259323782034794476e+03
1.345619064702952073e+03
1.452787269741399541e+03
1.319780568665727515e+03
1.126232332324360186e+03
1.247546288170247863e+03
1.123364896338658127e+03
1.169152294989259190e+03
1.076594358395105928e+03
1.297795075505110617e+03
1.302810275578874325e+03
1.487615467866051176e+03
1.450490958823129859e+03
1.297330228953278947e+03
1.310843600414559205e+03
1.235784806031299695e+03
1.303604806989682402e+03
1.229244850803736881e+03
1.202164253428134089e+03
1.184470186104981167e+03
1.134129708684557045e+03
1.369218107944865096e+03
1.329291408838336793e+03
1.213471163275919480e+03
1.116172232322436230e+03
1.104210897043902378e+03
1.314483368121431340e+03
1.274132796105364150e+03
9.782157962273131488e+02
1.140130706186987254e+03
1.339751326643491211e+03
1.027292200342837759e+03
1.252278777951019038e+03
1.344139074206106898e+03
1.355305451102162351e+03
1.065615627805988652e+03
1.381425659240280993e+03
1.226288812659955511e+03
1.340903495339759729e+03
1.334876262257039343e+03
1.291982573328961280e+03
1.227351407143501092e+03
1.266899091808204957e+03
1.199726825669373284e+03
1.336973520140994424e+03
1.148153087230705978e+03
1.400462663014622422e+03
1.043750973629656528e+03
1.256310359317453049e+03
1.282296097374684450e+03
1.275743344532393166e+03
1.290782596126709677e+03
9.871146177721965387e+02
1.181977205379619363e+03
1.253949797265287543e+03
9.982564928989438613e+02
9.485683823049630519e+02
1.002289325558174596e+03
9.646951478271471387e+02
9.318606413365378103e+02
1.096954221741518268e+03
9.976342238748723048e+02
9.958106183741194855e+02
1.433279772840337046e+03
1.484976572011778899e+03
1.339406926737966842e+03
9.862702341956168084e+02
1.313460020496767584e+03
1.187986379441396139e+03
1.290959845402018345e+03
1.546418210178955405e+03
1.467008525102475915e+03
1.185091008865982531e+03
1.601341640487159339e+03
1.467595904515576422e+03
1.628282865652767214e+03
1.416205006569439774e+03
1.702951959098462339e+03
1.505506445084038660e+03
1.438217263601895411e+03
1.443379509112522555e+03
1.373558268590312991e+03
1.463614025234979181e+03
1.554205941127141159e+03
1.296017596891630319e+03
1.555249788407529650e+03
1.430293101795681423e+03
1.385451944559240246e+03
1.595136228849962663e+03
1.512477697705833862e+03
1.360361079229656980e+03
1.524330854884404062e+03
1.541613070740530929e+03
1.345712643403322318e+03
1.408227844521829411e+03
1.385635231155765268e+03
1.394584719507138288e+03
1.393419199072136507e+03
1.495666068843583616e+03
1.511793306934963766e+03
1.531024121159356582e+03
1.659835597685251514e+03
1.467350997422885939e+03
1.476853800259369336e+03
1.458894022995968953e+03
1.515003254726476371e+03
1.634988060897153446e+03
1.504314076918159572e+03
1.514394509620140070e+03
1.470023029424971583e+03
1.665194499191307159e+03
1.517418390989746513e+03
1.616886914223685835e+03
1.368969783644614836e+03
1.599126428524221637e+03
1.480000513099670570e+03
1.401789781933902304e+03
1.446688172179077355e+03
1.444695330690111405e+03
1.510553009985295603e+03
1.515211825924031928e+03
1.447191037684191315e+03
1.373336599669082943e+03
1.401747237319806118e+03
1.339359413523319290e+03
1.387109557258151654e+03
1.321797981833743052e+03
1.533050000826706537e+03
1.597181215246782131e+03
1.293384372598678965e+03
1.414175586364248602e+03
1.365877760906171034e+03
1.375929346585366147e+03
1.464038704192268369e+03
1.393717298824803720e+03
1.519568728236083643e+03
1.545893349379080973e+03
1.249461983860129976e+03
1.495114651288394271e+03
1.562912560291369346e+03
1.374175749506260445e+03
1.476641514983648904e+03
1.282814447408678461e+03
1.390826272825732758e+03
1.474120224585049527e+03
1.423840545518532963e+03
1.375645427158404118e+03
1.455764661288088291e+03
1.449905643356893506e+03
1.514242189593835747e+03
1.394372645278833716e+03
1.255593952714064017e+03
1.143608645294478265e+03
1.253304029347423693e+03
1.431051680209644474e+03
1.516415082120802253e+03
1.613558694102151094e+03
1.307900903778988777e+03
1.447977682484205616e+03
1.370202888019981174e+03
1.459903505361264706e+03
1.368601699913919447e+03
1.409114169328886419e+03
1.278712395201823483e+03
1.576510235535537277e+03
1.533617085517691976e+03
1.525273376683272318e+03
1.587019246564954756e+03
1.413344882250942874e+03
1.686469393415031618e+03
1.506803368935492927e+03
1.574179162118019576e+03
1.625895094825369142e+03
1.661939974001622659e+03
1.609545795556373605e+03
1.635208572953268231e+03
1.661180648293603781e+03
1.540221924864891889e+03
1.572196397944505861e+03
1.543676175209610392e+03
1.630465706387613409e+03
1.624315644213653968e+03
1.592225546493181582e+03
1.615479432290806926e+03
1.526323345051071556e+03
1.548797635424991086e+03
1.629531818623070649e+03
1.444779057970712529e+03
1.685812658329651185e+03
1.654708551117749266e+03
1.644563524777914154e+03
1.584693646403404955e+03
1.582352908404365962e+03
1.518968184476636452e+03
1.684403185766333991e+03
1.387943188615540976e+03
1.553007548170792688e+03
1.635770254461180230e+03
1.691086003438341777e+03
1.556122212546245919e+03
1.529781174704917476e+03
1.570055773385020075e+03
1.412295168729278203e+03
1.489370717759891249e+03
1.739184176710739393e+03
1.706810561485060134e+03
1.556546021472596294e+03
1.404627131851322474e+03
1.468749559276342779e+03
1.398942545207118201e+03
1.466691761801383564e+03
1.550007640121580380e+03
1.334955998451949199e+03
1.531321579817721613e+03
1.444972129001166650e+03
1.498446071372575034e+03
1.368993039784790881e+03
1.375779307833747680e+03
1.405413453617167761e+03
1.452226022421032894e+03
1.358965729460226612e+03
1.456012481473055914e+03
1.551604326708942153e+03
1.265129482507447392e+03
1.281896035703377265e+03
1.529164130987576755e+03
1.484798076416576805e+03
1.353505279925642981e+03
1.552730097193280926e+03
1.569955577715813433e+03
1.540697528913497763e+03
1.481486441367915631e+03
1.557457018274486018e+03
1.528842569595530676e+03
1.506976986575817818e+03
1.517789713122927878e+03
1.510852577253715026e+03
1.436249896847643413e+03
1.511498673270322797e+03
1.438971102053357527e+03
1.461709553104786664e+03
1.477666568685988750e+03
1.462676348976100599e+03
1.319369489534134118e+03
1.619844017782055289e+03
1.349513484446824577e+03
1.465300876705551673e+03
1.525174799678227828e+03
1.552145410538139004e+03
1.615284207257986282e+03
1.371016750602010688e+03
1.511635296436968247e+03
1.298214161733669698e+03
1.444753713960833920e+03
1.399384911411930261e+03
1.575953523716548716e+03
1.465923645656870349e+03
1.504439273576201686e+03
1.365872335160697958e+03
1.400183988200550175e+03
1.541939598418930018e+03
1.465628376477174697e+03
1.384167841485377494e+03
1.402701461101933091e+03
1.381321321653331324e+03
1.296879562738592767e+03
1.490657766589202993e+03
1.422088315133469905e+03
1.487112415910165282e+03
1.600933177865700145e+03
1.379846976174163274e+03
1.372986678479801867e+03
1.491222618444182444e+03
1.518375254090296949e+03
1.586390244846655150e+03
1.486320286150659967e+03
1.326716711312272309e+03
1.447340012396287875e+03
1.600919605926815620e+03
1.560139026533669039e+03
1.542997646639571030e+03
1.486357277504120248e+03
1.542704088049135862e+03
1.432114362705970052e+03
1.557378150968840600e+03
1.379224274973163347e+03
1.526559481207879799e+03
1.574227975989438846e+03
1.419461090655704766e+03
1.522066338749221586e+03
1.481982963972474181e+03
1.391749670452457622e+03
1.528901708755736763e+03
1.529926774576930711e+03
1.341630449749377476e+03
1.484276438627005518e+03
1.423476208678861212e+03
1.512081335821682160e+03
1.579702627365694525e+03
1.327890268567463636e+03
1.427932093571763062e+03
1.473913866991757004e+03
1.461078658374093948e+03
1.447082852402709250e+03
1.446701153746203317e+03
1.360673604481578650e+03
1.260562567437283633e+03
1.295348567774981120e+03
1.426697953802686698e+03
1.225989731694919328e+03
1.333969712112185789e+03
1.383363436040788201e+03
1.183443603844671543e+03
1.354044449375851400e+03
1.405676473828004191e+03
1.350388403043323706e+03
1.324075628794407749e+03
1.263912077291393643e+03
1.206287691416496500e+03
1.389082869871724142e+03
1.245474321357816052e+03
1.446216725674503323e+03
1.367228453295373811e+03
1.237340400818175340e+03
1.352657226164049689e+03
1.307607936589211477e+03
1.226190819030431612e+03
1.512169147861485044e+03
1.348545768975603323e+03
1.284782231865562153e+03
1.372019470050807740e+03
1.527156172089762094e+03
1.476380013328697942e+03
1.352773708392025128e+03
1.322155831297506438e+03
1.382083148219379609e+03
1.228805453368066992e+03
1.269272077125838223e+03
1.175947424157358228e+03
1.365708415731894320e+03
1.303390339256019843e+03
1.413894263649169488e+03
1.399671012931766427e+03
1.460986482260162575e+03
1.370689312533509110e+03
1.446904259831237823e+03
1.440702959464334072e+03
1.322351494755781687e+03
1.350008142967777530e+03
1.449674305968920180e+03
1.368018928749085717e+03
1.434679164992997585e+03
1.541602923143597081e+03
1.339938794999156471e+03
1.350305695601429306e+03
1.280947391201959135e+03
1.362079901113194182e+03
1.405623400608294105e+03
1.337854887212583890e+03
1.314117579248773154e+03
1.311557955836902011e+03
1.364175545725022857e+03
1.532978854129851698e+03
1.416590660821540041e+03
1.441642353326982402e+03
1.317100186052304707e+03
1.253130122434222812e+03
1.428679977671705728e+03
1.354750916834460440e+03
1.476744534746606632e+03
1.440707179338147625e+03
1.363970233799101607e+03
1.435164424781302387e+03
1.357803625991539320e+03
1.025605278037882044e+03
1.488138882066657288e+03
1.510912014404359979e+03
1.244524535807324810e+03
1.376021162565592704e+03
1.568451899369850253e+03
1.418859983379808000e+03
1.416514286788616573e+03
1.271706845506310628e+03
1.379738847067731513e+03
1.349002572698709400e+03
1.378229835828834894e+03
1.396366305207516461e+03
1.398198026667008435e+03
1.450945939290333627e+03
1.262615159960844494e+03
1.445680518316561802e+03
1.381168118035349607e+03
1.440339559679966214e+03
