-2.760510884841208281e+03
-8.397658259132348348e+02
-7.973803826546459277e+02
-7.709696938257059173e+02
-1.018319337728228106e+03
-8.100115695552370880e+02
-9.274832309861022850e+02
-8.916757618971922739e+02
-8.569648256360771938e+02
-8.080500761860902230e+02
-9.542787468525699524e+02
-1.265017419706877490e+03
-1.000489451365522655e+03
-1.230152933014142718e+03
-9.045331779653895410e+02
-9.401574304673778215e+02
-9.462081250002370325e+02
-9.272752073824318586e+02
-1.057774364755992792e+03
-8.688635851284452656e+02
-9.817121249977583375e+02
-9.197997887381991404e+02
-8.628899576453939062e+02
-1.052736116108311535e+03
-8.458070257006463635e+02
-9.982233512010897130e+02
-9.644008840663084356e+02
-1.062653502892426559e+03
-9.582628518839546814e+02
-1.019148334542296425e+03
-1.123958056537231187e+03
-1.267846433380699409e+03
-9.304815742816465445e+02
-1.003530806493751356e+03
-1.225170501692444759e+03
-1.046615259488177117e+03
-1.218069869084770517e+03
-1.465130621611680453e+03
-9.949751045121827246e+02
-1.576329647316632418e+03
-1.326336476779933719e+03
-1.209973662642601084e+03
-9.518561347235721541e+02
-1.367411381988587664e+03
-1.020415917534240521e+03
-9.628585885317451130e+02
-9.704488614083523998e+02
-1.391950793628862129e+03
-1.219597425616831970e+03
-1.032760337177643123e+03
-1.186191653919703640e+03
-1.314843261882241904e+03
-1.319613483714892709e+03
-1.958370443683966414e+03
-8.740794508914096923e+02
-1.706931329438695002e+03
-1.081180991260496967e+03
-8.154257770647786856e+02
-1.218860837056153741e+03
-8.986543044369752806e+02
-9.819870693593773012e+02
-1.232855355395932520e+03
-1.087052141552450621e+03
-1.267178667544505515e+03
-8.353781794654545365e+02
-1.378624066642481694e+03
-9.134210960744305794e+02
-1.100921777993055457e+03
-9.010670601100428030e+02
-9.176524329172593752e+02
-1.246269370186168999e+03
-8.717805149199979269e+02
-8.788658001328492446e+02
-1.000948551836479737e+03
-9.438233014802891603e+02
-9.267725249343511678e+02
-9.283672417153102288e+02
-1.181518806995457680e+03
-1.032895273367149230e+03
-9.558351182384366211e+02
-1.206184138926386822e+03
-1.100756372362984848e+03
-1.438357764008391996e+03
-9.665771017063059389e+02
-1.321884367926935965e+03
-1.071468465814303954e+03
-8.838265115017229618e+02
-1.289354265475838019e+03
-1.096931637754794565e+03
-7.607864695249513716e+02
-9.033991349612014119e+02
-9.780155467781678453e+02
-1.123440864831470662e+03
-9.875139788642383110e+02
-1.320715005084417953e+03
-9.765535122682148312e+02
-8.679094922134796661e+02
-1.071256675753412082e+03
-1.006626312302793622e+03
-1.107472463527473337e+03
-8.901690313939772068e+02
-8.778901331635198630e+02
-1.110571112243619154e+03
-1.020212571712669842e+03
-9.414562899614281832e+02
-9.412276036062670528e+02
-1.153944326851318010e+03
-1.302473605173766828e+03
-1.362768689110292371e+03
-2.103358310422577688e+03
-1.223607074236181916e+03
-9.420521159303968943e+02
-2.598718666411620688e+03
-1.293725254055213327e+03
-9.877453456097791786e+02
-1.017087318748579264e+03
-1.293079331469334193e+03
-1.472505994774440069e+03
-9.015910319494680607e+02
-1.229128312615457389e+03
-1.171672403831168594e+03
-1.372664007612931300e+03
-1.714680764491194395e+03
-1.075945499103509746e+03
-1.422176547725942100e+03
-1.863116693430068608e+03
-1.526768415828586285e+03
-1.292146844531083389e+03
-1.397591651211181215e+03
-2.155139914593396043e+03
-1.321821095527820034e+03
-9.553260686862371358e+02
-1.657036632338382105e+03
-8.999302179727067141e+02
-2.365675303540114783e+03
-1.457993525474682656e+03
-2.815978269260877369e+03
-1.145668742754982304e+03
-1.342808410657640707e+03
-2.003915325380850391e+03
-1.059285032756874443e+03
-1.377368124303614650e+03
-1.505781348832482763e+03
-1.983949899717918242e+03
-1.229754704076797225e+03
-1.413312085905774438e+03
-8.792321495976215147e+02
-1.270851683603325910e+03
-1.252651058016083653e+03
-1.536343379912374985e+03
-1.178820560195508051e+03
-1.262713984664039344e+03
-9.003726176979955653e+02
-1.365443194557683455e+03
-1.463101719543109084e+03
-1.640908093678584009e+03
-1.083174959568533041e+03
-1.481169948666975415e+03
-1.317275729772933573e+03
-1.335318148934455394e+03
-1.616965062167377710e+03
-1.313010961429200051e+03
-1.226370823197641812e+03
-1.446776001963072531e+03
-1.664836406455632186e+03
-1.139226588530743584e+03
-1.490688554132527770e+03
-1.596031273655359882e+03
-1.106095172335984671e+03
-1.411034783475680570e+03
-1.250932059343856736e+03
-1.656547665598947333e+03
-1.449962802106613708e+03
-1.485673720801617947e+03
-9.755523565377266095e+02
-1.470106862461319906e+03
-1.409199605286019050e+03
-9.788555539999248367e+02
-1.384405146126787031e+03
-9.665938944389881726e+02
-9.889629167577246562e+02
-1.728911656116005815e+03
-1.412211064494083075e+03
-1.402789032479589878e+03
-1.228661095293574590e+03
-1.781578968752649871e+03
-1.394526460466659273e+03
-1.771896072604940173e+03
-1.289756400782879382e+03
-1.822742264669287124e+03
-1.832948264809748025e+03
-1.775280299880736266e+03
-1.629287317089162116e+03
-8.594426881616768696e+02
-1.474120203243388687e+03
-1.711411344209845993e+03
-1.016826103367847054e+03
-1.280587766265730579e+03
-9.679838885352137368e+02
-1.166801129183459580e+03
-2.886088603946250259e+03
-1.449665170894917310e+03
-1.422821643281922888e+03
-1.291383457635504783e+03
-1.069716873040857763e+03
-1.271534735947127274e+03
-1.150001985230711398e+03
-9.876673218266298591e+02
-1.167424362711241884e+03
-9.301018665800654617e+02
-9.819736722360636350e+02
-7.973404698351114348e+02
-1.313974541511746565e+03
-1.409720473536351619e+03
-1.303703070970349245e+03
-1.566655779233583871e+03
-5.559112959142338468e+02
-1.915397685608845222e+03
-1.153970784490065171e+03
-2.033444706141388906e+03
-6.102645288814493370e+02
-1.162850890881038367e+03
-1.642045701734835347e+03
-1.016202295905449091e+03
-1.453367041126066852e+03
-1.289051170313272451e+03
-1.081355759521234404e+03
-1.416348985966155624e+03
-1.475241682032872404e+03
-1.040204327607036248e+03
-7.511362923787974069e+02
-1.591448933492698416e+03
-9.865785097172939686e+02
-1.435997497452523476e+03
-1.110249773068316472e+03
-1.147304568370983816e+03
-1.247111511366790410e+03
-1.286128510829082188e+03
-1.048280694606189400e+03
-1.061693762993892051e+03
-8.217286395632089580e+02
-1.055835105383176597e+03
-1.040910752358847503e+03
-1.402771822080109359e+03
-1.046437024625741060e+03
-9.734566195953152601e+02
-1.229474929828978020e+03
-2.228357010156922115e+03
-9.686454199651309409e+02
-9.017975918194742917e+02
-9.480720894358393025e+02
-9.133064267767899764e+02
-1.081942595270504398e+03
-9.932788872615228684e+02
-1.764177065077991074e+03
-1.182524286486760957e+03
-1.260704572479786066e+03
-1.073203681360448627e+03
-9.172211599796150949e+02
-1.129972896408467932e+03
-1.167230488445109359e+03
-1.215976935902274590e+03
-9.019916753256700304e+02
-9.547301181126963456e+02
-9.427167198312156415e+02
-1.135080237104374874e+03
-1.290967014177726924e+03
-5.253701797550661468e+02
-1.068295212761196126e+03
-1.132242211034495767e+03
-1.009247934474430849e+03
-9.777776085284532428e+02
-1.389596764596828052e+03
-1.264219288297878393e+03
-1.354252573472273525e+03
-8.775169146912801352e+02
-8.653509564986854912e+02
-1.150392248583014180e+03
-6.649172816113421050e+02
-9.866233578028452484e+02
-1.135570564428447824e+03
-5.841018959240246886e+02
-1.185450588839770489e+03
-6.804404483310971727e+02
-1.284568372978119442e+03
-8.697811134665407735e+02
-9.303360446023922350e+02
-1.303596137181242966e+03
-1.500738662097152201e+03
-1.047257425185856619e+03
-5.751171166954042064e+02
-1.061044611325937922e+03
-8.061950666717427794e+02
-1.138116461563077792e+03
-9.150895111140259814e+02
-6.438942548655820701e+02
-1.359631660639799520e+03
-8.800047109544859723e+02
-8.284000937083424105e+02
-6.452547265530388358e+02
-7.407926984675461881e+02
-1.432617417282067890e+03
-1.091418991329540859e+03
-9.761293965246501330e+02
-6.717836448682677428e+02
-1.574058683452094101e+03
-1.311571637871590838e+03
-1.004381655146194703e+03
-7.390657215894382261e+02
-1.093910567600164995e+03
-9.211713767034501643e+02
-9.709729773135094320e+02
-1.276711963443338618e+03
-1.045904619466387430e+03
-1.029082680456808248e+03
-1.091204758134683289e+03
-1.031238151631754363e+03
-1.567713639729177430e+03
-9.883744267155194620e+02
-1.265196149712700617e+03
-8.801510200549849969e+02
-1.013634607733396024e+03
-1.460991967154914846e+03
-1.211498465820744059e+03
-8.037367038194449833e+02
-1.578745309537224557e+03
-2.127439045982356220e+03
-7.952540868595788197e+02
-7.717177653797799621e+02
-1.079749261589241542e+03
-9.439656177918764115e+02
-1.252301786364634381e+03
-1.520203545148645844e+03
-1.213892709242249111e+03
-9.397667430380846554e+02
-8.936123508051842919e+02
-9.467406886300567521e+02
-1.118528696990058961e+03
-9.544184455539949568e+02
-7.898093435869244558e+02
-9.551905844116048456e+02
-1.376236501174420027e+03
-1.103955117486904101e+03
-1.065994251468526727e+03
-9.947015728284522993e+02
-9.040084548435698935e+02
-8.993776835167516310e+02
-1.042951305002636445e+03
-1.580148306307704388e+03
-8.129694553751500052e+02
-7.052489106162993266e+02
-8.522917381896596680e+02
-1.164240358545869412e+03
-1.080100552655363799e+03
-7.683918606995872551e+02
-9.061562017423590305e+02
-9.749767984689464129e+02
-9.963196188489117731e+02
-8.485733962927488392e+02
-9.078994439386984823e+02
-7.622750722884849210e+02
-1.213932321173228729e+03
-4.266857974007401708e+02
-9.582991723887402031e+02
-7.036736175694820759e+02
-1.120607197363233581e+03
-1.165443864055513814e+03
-1.046343298891008772e+03
-7.184427664010963781e+02
-9.127924557067235583e+02
-1.066362173319280828e+03
-8.149752385969893567e+02
-4.022990209585290131e+02
-8.543653406154684262e+02
-9.512923957504501686e+02
-7.606534853081587926e+02
-8.201778207233987814e+02
-1.021135382161183202e+03
-6.653446979108505275e+02
-6.474716503373101659e+02
-9.756244463795896991e+02
-4.803187758116485497e+02
-5.188967587238255419e+02
-6.553569673894454581e+02
-6.791467607656339851e+02
-7.668843418626003086e+02
-6.105329132035815292e+02
-8.217273700944938355e+02
-6.453285512680173497e+02
-5.952443329020729834e+02
-7.240118245576916252e+02
5.980053423690694672e+02
-5.821977655984715057e+02
-5.657118312014658841e+02
-8.672909338811100497e+02
-9.623869959896181854e+02
-6.618073612930692207e+02
-9.200094770019167072e+02
-4.329601176342985696e+02
4.814281677751505413e+02
-6.138080542507183281e+02
-5.519384035185012181e+02
-8.630496031954487535e+02
-7.360786746987541846e+02
-6.586490924499402126e+02
-8.831732510775191258e+02
-1.453779089390618992e+03
-9.731707575652693549e+02
-8.082444483739664065e+02
-1.404894690464325322e+03
-5.356731408146525837e+02
-5.620086527548594404e+02
-5.074845667394322959e+02
-5.035789997316902031e+02
-7.513289106995933935e+02
-5.323697731062178491e+02
-4.140654991880270472e+02
-1.718744333518424355e+03
-1.510759769869910997e+03
-7.684635878796894985e+02
-7.427311769371555101e+02
-3.848193011540647603e+02
-1.320084268947185819e+03
-9.897837589846715218e+02
-6.791219557515694305e+02
-6.271714557721028314e+02
-4.614535574371703888e+02
-1.134201833006561174e+03
-9.338213694105704690e+02
-1.376379572054950131e+03
-5.101279390412331622e+02
-5.562875888468747689e+02
-5.614141337923271067e+02
-8.695051759816194590e+02
-4.349497569064978961e+02
-8.437630609431364519e+02
-5.632134018995777751e+02
-6.978440365573281952e+02
-6.473635259100860821e+02
-4.726994731351275050e+02
-7.002267785881516602e+02
-5.856912735231354645e+02
-4.715447501384952602e+02
-5.103916463105299499e+02
-6.623473643846142522e+02
-1.475353114906963356e+03
-5.166204178323275755e+02
-4.539237009169652310e+02
-3.453772220966336590e+02
-6.248305469219185397e+02
-8.559392782144723242e+02
-5.492921401966365238e+02
-5.026326031870373185e+02
-7.917934350339224920e+02
-7.905305464582800141e+02
-1.053841092060130677e+03
-7.405651595401601526e+02
-1.430242501795282351e+03
-9.921716186739279237e+02
-4.499424169451477837e+02
-2.197340684014963301e+02
-7.851225801873163164e+02
-9.169059510387024829e+02
-7.436363249563815998e+02
-5.882670828797456579e+02
-1.227257960337226677e+03
-6.676618888880175291e+02
-1.116431559919069514e+03
-4.336416035022056121e+02
-7.030758213385997806e+02
-2.742121685098006765e+02
-8.483888989037222927e+02
-2.203005813508171968e+02
-1.429415725403594479e+03
-7.318399856455599775e+02
-8.761972789638991799e+02
-1.215263607984890939e+02
-5.656210798774837940e+02
-7.444589500641902760e+02
-6.439116924531643917e+02
-5.662044254194843234e+02
-6.010466836537718791e+02
-9.241026084593443102e+00
-1.696562973211750887e+02
-7.205831212098692617e+01
-3.264122766544441561e+02
-2.480487859769517343e+02
-4.107313542536154500e+02
-7.848070071803711016e+02
-4.266324771751437765e+02
-1.501885597047182159e+02
-5.552682849588510408e+02
-6.316504461210176942e+02
-5.372378019196929699e+02
-6.551002078082663047e+02
7.049688621539648636e+01
-5.133299416659025383e+01
1.921044159091376002e+02
2.876607393954338932e+01
2.392928866911788646e+02
6.656975585801808393e+01
3.055175318509495810e+02
-6.462495620754652919e+02
-6.518635572446097513e+02
5.099274664416146834e+02
5.699668819012955510e+02
-6.713178597892398614e+01
3.868193239060799442e+02
-3.975661526819438336e+02
-4.570159827064072715e+02
-6.384599165939796421e+02
2.457388264098831883e+02
7.457548259894559806e+01
4.508982435242426163e+02
4.260534910267250552e+02
2.007105280354833781e+02
2.557701778546791331e+02
3.782888474670593837e+01
3.579022525684899279e+02
3.079021176523004328e+02
-5.948336446701474642e+02
6.152067860052939068e+02
1.745970410262639803e+02
-3.023259649885947056e+02
8.025370523823104350e+02
-1.836749957421226554e+03
4.076713001512382561e+02
-1.169591301785826687e+02
-5.200102057623550422e+01
9.129872066288504584e+01
-1.528202831362469993e+01
7.438583982979805853e+01
-7.833545284541012279e+02
-5.160423456365687116e+02
-2.278552344843662638e+02
4.715776179656859313e+02
-2.664035335312772190e+02
-7.157323661051134422e+02
1.993371298422760560e+02
-3.759523234998573571e+02
1.318312389368394122e+02
3.081381294431150764e+01
-9.424258668267763142e+02
-5.089899620682426757e+02
-1.615609363381940966e+01
-1.261519204007550456e+02
-3.392058764828174162e+02
-1.048209276857699933e+03
-8.008092560330441074e+02
-3.136174271965272169e+02
-8.975166699645822064e+02
-1.500846465054542477e+03
-1.122193469023734224e+03
-2.813338481847793560e+02
-2.471434825788128080e+02
-2.565756835180645794e+02
-1.588331177900804505e+02
-2.665546240111343081e+02
-2.650543948901847102e+02
-3.932864728769077374e+02
-2.104332619654565519e+02
-3.202563701296089107e+02
-4.681612031152377540e+02
-3.652540034058799279e+02
-3.155210399264438479e+02
-2.416856882459572375e+02
-1.364538283607098208e+02
-3.037697926710080765e+02
-3.079498862490401052e+02
-3.528708975332842783e+02
-3.207386899451184945e+02
-3.057370542168062002e+02
-2.234646084724274715e+02
-4.456668004761965562e+02
-1.943698049867730333e+02
-2.536276723099070409e+02
-2.491173809530066023e+02
-1.844158704777051128e+02
-2.192465667945798486e+02
-2.603266791860274338e+02
-8.223143705943466841e+01
-1.898361409172214280e+02
-3.519661377671901050e+02
-3.161912122400872249e+02
-2.334122967704255132e+02
-2.093336257761741024e+02
-1.902503566041390286e+02
-3.437992375391089581e+02
-1.325076688748910556e+03
-9.893357933545479455e+02
-1.438043163974819208e+03
-1.306435113549746632e+02
-6.532176966962275628e+02
-9.648833831407936259e+02
-8.768908937583062198e+02
-9.898917217434268423e+02
-8.482833366415948149e+02
2.335029330227584410e+02
-5.929632305595748676e+02
1.147532617266581951e+02
-7.261186104202058686e+02
-1.493659128203307773e+02
4.766053525676844060e+02
5.048448347650261212e+02
7.159088841114302681e+01
-4.536468014265570758e+01
5.078003724150997300e+01
7.314788843360182113e+01
1.047415389706244468e+02
1.194812121475035838e+02
1.570378554459487077e+02
1.385983672843875638e+02
-2.371667393777574659e+02
-1.988458534006024081e+02
9.185334048291684894e+01
2.625419446292556813e+01
-1.333589788124763800e+02
-9.093797288002106427e+01
-3.855332878769498848e+02
-3.085818616432134576e+01
-5.749224621919184983e+02
-2.815225174563020687e+02
-4.853079682994762152e+02
-2.720235904393250053e+02
-1.616442910100560653e+02
-7.054813463543653143e+02
-4.006230758905422817e+02
-6.891328110513964020e+02
-4.922827980980650864e+02
-3.093612985147247514e+02
-3.563902888198182950e+02
-4.287547901105955361e+02
-2.030336039653176670e+02
-4.703369304813520557e+02
-8.897623694777944365e+02
-8.767331184042841414e+02
-1.033659819805693814e+03
-6.445760237785182198e+02
-2.213430167270881270e+02
-4.101081802087456936e+02
-1.014811072516130395e+02
-1.412084197204291343e+02
-5.227018563028919118e+01
1.137793677407455561e+01
-1.201477905406494529e+02
-4.863790955319878435e+02
-1.017121178232311195e+03
-1.186966724847472108e+02
-8.719626455227935935e+01
7.471044859775517466e+00
-4.921988276346765474e+02
-2.814217488674293577e+02
-6.477403574984032275e+01
2.008428270103981674e+02
2.326329673309796249e+02
-2.764273783033901282e+02
1.658737242819640301e+02
-3.962018716010250046e+02
-1.515058248149357269e+03
-3.761104022564250613e+02
-8.007706931900102063e+02
2.359175436670665817e+02
2.537485241696019784e+02
3.535898899139574496e+02
1.070483353323489837e+02
-3.594897619119400929e+02
-8.106912987966006767e+02
-3.473411136158659929e+02
2.263643263500015337e+02
-6.694220893046511378e+01
-5.717470862337381732e+02
-1.069969682831679734e+02
2.065313149532254613e+02
-7.274965022161850356e+02
8.871541589240722203e+01
-3.820136098216033105e+01
-1.123496419972990168e+01
1.817700681316860027e+02
-2.399477356159691794e+02
-3.788035776918201236e+02
-1.607388236826998025e+02
-5.912435410490966206e+02
-7.189151089593653978e+02
-9.528385612396164106e-01
-2.022177382892211597e+02
-2.943594336580105164e+01
2.153262917448309111e+02
-6.168117798376910059e+02
-4.771438453702088367e+01
7.667111680282712882e+01
-1.685913269231690492e+02
-4.323913019220687488e+02
-2.788883810982893010e+02
-1.928903336367215786e+02
-4.282196518928410001e+02
-6.549629127708295755e+02
1.393529037557320862e+02
1.675585779619137270e+02
-1.524136635616480930e+02
-1.461295540888847597e+02
7.560925751220192126e+01
2.358185545310172415e+01
-2.461357826037133520e+02
-2.652041226406144006e+02
-5.966335409971466106e+02
-2.537546949185641267e+02
1.617953180645558007e+02
-1.813956109140247008e+01
-1.158283737529198163e+02
-2.130710664575955775e+02
-5.641656163135449731e+01
-2.590153492521354792e+02
-3.674099652449981477e+02
-1.135624147566431645e+02
-1.557959711216415997e+02
-1.764667374238654247e+02
8.227301060812786204e+01
-8.920374250562608154e+01
-1.032931749978686753e+02
-4.606646030197107677e+01
-2.901431390827484051e+02
1.016754023409649221e+02
-7.894901407719035547e+01
-7.638229170311609550e+02
-2.575145185794315239e+02
1.552828866294426859e+02
-9.285062063145808509e+01
-1.560774742595823454e+02
-6.104608946541127068e+00
1.966120707576120878e+02
-9.331774347599680652e+01
7.226614513638571680e+01
2.918720318468330106e+02
1.436720119011499435e+02
-2.139784254437709166e+01
8.231662477586955617e+01
4.282048300219045700e+00
4.078513392596434528e+01
-3.049557152754714195e+01
-1.049407892106547990e+01
-9.544347901012503144e+01
1.100659556483618360e+02
4.516445632279505844e+02
4.604340268281084150e+02
7.364909096510673692e+01
3.010194991546024994e+02
3.104741877664941967e+02
3.396192561196177166e+02
1.614750247098492082e+02
1.180202276815386142e+02
2.455094888042436310e+02
2.240313111592113842e+02
1.275307495041528654e+02
4.709797411173790920e+02
1.403299053958407967e+02
3.675686896138761881e+02
1.277816397799839478e+02
2.596923744778090963e+02
-7.119631341420466697e+01
3.436868669684618567e+02
-1.629634352586019190e+02
2.351017145698218940e+02
1.286285748678830032e+02
2.367626652523790654e+02
3.875230606559110811e+02
1.350835266435076392e+02
1.918900934455494962e+02
1.770374086659244881e+02
1.413704276449866200e+02
1.188745439218348707e+02
2.042593494527163784e+02
2.504954659050211205e+02
4.685621642953523178e+02
3.795035015081538177e+02
2.056281485508722540e+02
3.972072548228291566e+02
2.526055773817042791e+02
1.827404859475778949e+02
-1.649232077816719197e+02
-5.822906837521301782e+01
5.616429076665831417e+02
3.351905613647652444e+02
7.430009635075261087e+01
5.808836008141954608e+02
5.470147767993928483e+02
5.325194639435092085e+02
5.178746414665280327e+02
5.515588573414358962e+02
3.620133985702192376e+02
1.007812538892331133e+02
5.105759895831596964e+02
3.518408111871954134e+02
-4.725945712863628501e+01
5.723778594566271067e+02
4.326864720501552597e+02
4.314974671372904709e+02
2.693246861334845903e+02
-2.036016601462281130e+02
3.132070275040899787e+02
2.305527367586929017e+02
3.629860675046544998e+02
7.280723678189851853e+02
-9.394339550323113599e+02
6.149123518055318982e+02
-2.569804331660390631e+02
5.331181497018732216e+02
4.137822142215871963e+02
2.057696884661819752e+02
5.858927546010888818e+02
-3.575719806602155586e+02
1.041617725782459729e+02
3.458405063297739730e+02
4.789771059158957769e+02
2.642109055449847688e+02
3.887847642617074939e+02
2.634547908343777749e+02
5.320522461418927378e+02
3.361938703459850331e+02
4.136146408711959452e+02
2.429376817232786436e+02
4.084221003042107441e+02
3.702513207905113291e+00
4.469029938286886932e+02
5.519086861435037008e+02
4.077683584529382301e+02
-9.200540466287462777e+02
2.878948358869872095e+02
4.530138554387098111e+02
-6.853114261412849828e+02
2.935473906638277413e+02
5.005032292767357944e+02
5.047970897567222437e+02
5.977781950193916600e+02
4.329693046130317384e+02
5.254357550039278522e+02
3.885087222520070327e+02
2.709014700249383054e+02
3.597832912368663187e+02
4.510207684953325042e+02
4.809298675148374969e+02
2.388619908855931158e+02
6.114576649192092646e+02
3.269737693203126128e+02
4.108450688577926257e+02
2.597286403728741107e+02
5.840366172038488912e+02
5.953458518303614255e+02
5.128468508530355621e+02
4.322175902203753139e+02
4.376637345989782943e+02
5.618951964093681681e+02
3.807215608004993896e+02
6.012548080938073554e+02
5.097159477752435350e+02
1.639796019074792639e+02
5.336953074175282836e+02
3.081158120456074130e+02
4.466338452571014841e+02
5.856768943159617038e+02
4.986300458722195117e+02
5.753667803731146932e+02
5.455366657913858717e+02
6.184862046991511306e+02
2.436778610199208401e+02
2.000347743144542392e+02
3.986867740115753804e+02
3.681921801076653082e+02
6.016365204072211554e+02
6.353855415531850213e+02
1.866406211294852824e+02
2.711829511076002177e+02
2.794245446557328023e+02
4.632383155029274917e+02
-6.347330721954330102e+01
3.030590969795855472e+02
4.814755391979505816e+02
5.299898137607200397e+02
4.260457544814047992e+02
1.654297480374277143e+02
7.762475389643233257e+02
5.664771093417133443e+02
4.392781711204348198e+02
5.419387932616526768e+02
2.065618324910293495e+02
5.883755728990284979e+02
7.109114812085560970e+02
5.781041582240155776e+02
4.817256704339426392e+02
3.314129298814768845e+02
-7.257677029245799361e+01
5.336838420504038822e+02
1.387322548757967411e+02
6.166847915059836396e+02
3.902423110354532696e+02
4.698644939985462088e+02
2.711986408417473626e+02
1.732424715353087095e+02
6.512191672836322596e+02
6.352369762182020168e+02
4.019598823412092088e+02
5.796021066402279303e+02
5.589935691177494164e+02
1.257540881053442376e+02
4.136946332522506395e+02
-1.333770476447804185e+02
4.070506188947068154e+02
3.421127862565792270e+02
2.591740876781450424e+02
5.147880926872261398e+02
2.647591080208568428e+02
4.311515782720830998e+02
-4.622754975012804834e+01
3.651471810689085373e+02
1.954708233283976710e+02
3.565071982745614605e+02
6.214657323066008985e+02
3.158922219390667010e+02
-8.838758467869968172e+01
3.049673624893525812e+02
1.301253227526416367e+01
1.056350750576242490e+02
2.387844028046856693e+00
3.330257509513190826e+02
2.301270776160710909e+02
3.962545456944715170e+02
3.592611798792959803e+02
4.641583387084699552e+01
1.814156086337835063e+02
3.509831298583879402e+02
5.408142229552510116e+02
4.483744882376031455e+02
-5.949827532661262808e+01
5.589658929140490500e+02
3.842341355306445507e+02
1.074768605928119882e+02
1.358123974325631025e+02
4.972831894510200641e+02
1.244177405007845323e+02
4.880057618419493224e+02
1.861206197167637981e+02
3.564845300353227913e+02
3.649543393444020012e+02
-6.943871679534981922e+02
-1.757076694939171091e+01
-1.516232271686294553e+02
1.048634977004029452e+02
2.538713210584396904e+02
-3.056716615564547510e+02
3.201272274002095486e+01
2.274004064032948236e+01
4.823017583884122246e+02
-2.540832568316784830e+02
5.121945624053580559e+02
4.184534459773563526e+02
2.186432867211476037e+02
3.100398653072638808e+02
1.311157106967349364e+02
2.251807883135701616e+01
-5.194205840160761909e+02
2.000609228513035589e+02
1.014072013561343510e+02
4.220267613533105759e+02
-5.540285707034954044e+01
-7.448793277164998017e+02
-8.537775903469855621e+02
1.051425451336877757e+02
5.831056659813265242e+01
-3.785904364626702545e+01
2.343422186997480594e+01
4.548638432290819651e+02
-1.533798202741561738e+02
3.190488746119725079e+02
-9.137902785359089819e+01
3.261089079104806387e+02
2.720063467385473359e+02
1.838681322026518501e+02
3.787541836972792453e+01
3.587656438995228996e+02
2.900895460173591687e+02
1.542586785493256230e+00
6.406229637275214372e+01
-1.647267605928350349e+02
5.854769939942136716e+02
2.768965932457942358e+02
2.223152615751785959e+02
5.891571881595986042e+02
1.858225006475395276e+02
4.979432260285664711e+02
4.280242871269848024e+02
4.603894883322652163e+02
-2.613167161760168256e+01
4.983415221840974709e+02
2.415481474887658919e+02
9.655282204217604658e+01
1.968533251801513302e+02
1.714757836081525397e+02
4.782021014713878344e+02
-6.697829402444426705e+00
4.838990755675071682e+02
4.747724524772961558e+02
