-2.317926996074724684e+03
-6.742527358046688732e+02
-6.060609794843162490e+02
-7.230980652776555644e+02
-6.214857977623518082e+02
-7.829479519873808613e+02
-6.587483517878027897e+02
-5.660603902042524851e+02
-7.042540143396629446e+02
-6.797803644012933546e+02
-6.096124447822890033e+02
-6.741798408457862024e+02
-6.277136442675318904e+02
-1.424030784648213512e+03
-6.999239941032304841e+02
-7.948686769043378035e+02
-7.781918973674032713e+02
-9.797026576784251120e+02
-6.465243837747680118e+02
-6.714105508236776814e+02
-1.162670444079543813e+03
-1.289793284842865660e+03
-1.126746418726764432e+03
-1.367847305159246616e+03
-1.117129101858607783e+03
-1.799450610789136817e+03
-1.189779283310859682e+03
-1.649299904865782310e+03
-1.216672330072131899e+03
-1.340329927852985975e+03
-1.244062068128444935e+03
-1.389282303752784628e+03
-1.418626595770012045e+03
-1.020595382215968129e+03
-1.063497411021558491e+03
-1.304068622096144736e+03
-1.479191305098707062e+03
-7.534492625372519115e+02
-1.024479053470823374e+03
-9.173812577239568782e+02
-9.632731643311459493e+02
-7.288173738873737193e+02
-1.249918700475849846e+03
-8.555093908490188142e+02
-8.766140018501856730e+02
-2.038022917324674836e+03
-7.229016044379851564e+02
-7.847396456276271692e+02
-7.984708191857976090e+02
-8.996843613822770749e+02
-9.530031891689662871e+02
-8.865050152637311385e+02
-1.224575207681210941e+03
-1.044225179768815906e+03
-1.491158515585039822e+03
-9.594201556386415177e+02
-5.960299245372607402e+02
-5.662835107347464145e+02
-8.124502287078767040e+02
-5.522767508198701307e+02
-6.379976297994548986e+02
-7.656242010447535904e+02
-1.035963792748778360e+03
-6.975117370425676881e+02
-6.203593899808510059e+02
-7.211578729511394386e+02
-1.004801217661289684e+03
-6.278548358409051389e+02
-5.270882901914435479e+02
-8.793988932680870221e+02
-5.107518758519103699e+02
-7.051782985046396561e+02
-6.821142929075022039e+02
-3.010219661209155220e+02
-6.851087731855415086e+02
4.045320686549175093e+02
-8.243760618961094906e+02
-6.398315661980037703e+02
-7.292589445936017682e+02
-1.008749012517740539e+03
-1.224801367087438848e+03
-7.624946108952416353e+02
-6.728150906345597377e+02
-7.098533194273611571e+02
-6.114610304014237272e+02
-6.835354082785986520e+02
-7.376940530396771010e+02
-4.873911180108983103e+02
-4.885606727983880546e+02
-2.424407787933897680e+02
-7.968519471167968504e+02
-6.269394160742735949e+02
-4.321536666198127250e+02
-3.377138676638749359e+01
-3.134066401558580424e+02
-6.871236881373546339e+02
-1.077627581276421154e+02
-6.200879458161311959e+02
-1.826760299185268366e+02
-3.951515004016457624e+02
-4.484908997256216026e+02
-6.334550641250677927e+02
-1.786592504491713953e+02
-6.187417595945282756e+02
-6.629222109317595368e+02
-2.346255015519393510e+02
-1.450880059182580339e+01
-6.067955810517183863e+02
-5.240985528319337163e+02
-2.771368511347458821e+02
-4.880196405217451456e+02
-5.481220460702153332e+02
-4.664540271393017292e+02
-6.750217584869935763e+02
-7.448686372516856409e+02
-6.392695238978104726e+02
-4.970702693982118490e+02
-4.974634714487634710e+02
-5.666040653851586057e+02
-8.232481250400882118e+02
-6.671682829627732190e+02
-5.957970709200328656e+02
-6.785339702711315795e+02
-4.118041876959870251e+02
-5.106210519501281624e+02
-3.013430515290577887e+02
-5.792343929497418458e+02
-1.308821384515572390e+03
-9.817565953937004224e+02
-6.345567262321108046e+02
-3.193879874334161286e+02
-1.548369861144335118e+03
-3.874699378958700891e+02
-6.710921234109724764e+02
-9.070076975574353355e+02
-6.409392928949432644e+02
-5.756734038071075474e+02
-7.051698339284344001e+02
-8.008547523257728926e+02
-8.272388660012908304e+02
-6.553268686593927441e+02
-7.554014447821502927e+02
-4.725240056718704977e+02
-3.981016107059687101e+02
-6.957811438776592468e+02
-5.808349073289314219e+02
-1.031481823526521339e+03
-5.632164526811916403e+02
-4.439898819591078905e+02
-5.172260529094583035e+02
-2.937563481514668524e+02
-1.567167280055825586e+03
-1.054251633623557382e+03
-6.334635730271339753e+02
-6.453684895988048993e+02
-4.552186599874449371e+02
-1.408739087341298273e+03
-6.385711513110875330e+02
-6.254607559182396699e+02
-2.685444597256775978e+02
-4.964611522295288069e+02
-4.617298819233465110e+02
-3.134804607307886499e+02
-2.680537895062449252e+02
-7.162040144187176338e+02
-6.586066601598885200e+02
-1.327722289608728943e+03
-4.357266261602233612e+02
-3.999461249385120141e+02
-6.314056729179408194e+02
-9.288824252125579051e+02
-2.560269536033281383e+02
-3.474745700922807146e+02
-3.130721926428159918e+02
-3.366035613894192124e+02
-5.048706306696917068e+02
-5.907074035398675278e+02
-5.226774329639744110e+02
-5.692936005485952364e+02
-5.030402120942096644e+02
-6.243174938617389671e+02
-3.001038096270184496e+02
-6.070991152192524396e+02
-4.603071141414113754e+02
-5.389241009057142264e+02
-2.779302819590524223e+02
-5.280426877311221006e+02
-3.748893739073122902e+02
-1.083984614580923335e+03
-2.755311816737173558e+02
-3.927315717456095854e+02
-3.034748210404979432e+02
-3.151337815330754211e+02
-1.268192154680638168e+03
-3.013722814358603728e+02
-4.081966686588274342e+02
-8.844617807399736193e+02
-8.620564407141919219e+02
-3.931150787436893097e+02
-1.335189472137208668e+03
-3.972395400523097351e+02
-5.391819650464710776e+02
-2.770966574612292561e+02
-3.060511843705004367e+02
-7.659259313102729720e+02
-1.046950815533982535e+02
-5.271907143315022495e+02
-2.826789179112426496e+02
-2.318020039577143621e+02
-3.545901419127158078e+02
-1.067641196984539192e+03
-3.610505843536622024e+02
-1.889244441940188608e+02
-4.227915095086878523e+02
5.215297639932427387e+01
-5.326890229144629529e+02
-5.433034716183758519e+02
-7.826473922425249157e+02
-4.161934605826202187e+02
-1.009084984839553499e+03
-7.453136247857912622e+02
-5.492542359964249954e+02
-2.445174489217126279e+02
-2.328100746725423846e+02
-1.770588201705179472e+02
-2.815154772161009191e+02
-6.171114379910073922e+02
-6.085436234841566829e+02
-6.517517800124262521e+02
-6.125699902072535679e+02
-8.570296777504364627e+02
-2.975073539749355405e+02
-6.230893244333269649e+02
-6.493505767564170128e+02
-5.137358644628982347e+02
-5.591591992102455606e+02
-1.683430799777901825e+02
-8.984221611910133731e+01
-2.257014186032505165e+02
-3.841468860245953465e+02
-4.612951854108113707e+02
-5.681118981326198991e+02
-2.112373852337642290e+02
-3.408032782574154567e+02
-3.449075170604621121e+02
-1.501098155375484566e+02
-9.123642724843899998e+01
-2.892939872514619424e+02
-8.456915911045161920e+02
-9.780215367607461303e+02
-7.932135148759738286e+01
-2.050042470092776625e+02
-4.739057428489637118e+02
-3.384111819872529168e+02
-3.441645116934078033e+02
-1.676302599410107348e+02
-2.014901001704401438e+02
-1.075086244292962334e+02
-9.664407101527192481e+02
-1.275919048668734348e+02
1.573022621620421546e+01
1.073392738010961978e+01
-7.599633572449790790e+02
5.328367212005028932e+02
4.148607999927962453e+01
2.426211137670980804e+02
-2.748982774483251319e+02
7.155555082387463699e+02
2.961403188295772679e+02
-2.819532080822689579e+01
-1.046563972658519788e+03
8.588588411754460594e+01
5.975900417895928740e+02
3.654600294467471713e+02
-1.956658819754152034e+02
-3.161182812066938936e+02
-3.250259366021702476e+02
1.091505692579478932e+02
6.359152590325355732e+02
-1.122598152481427718e+02
-2.325578989007248651e+02
7.467628585096683764e+02
-5.414312903269375283e+02
-2.596504028818312690e+02
9.175076322440091303e+01
-1.625472275125307533e+02
-1.137446310437950814e+02
5.593340188308387724e+02
2.678087900803951129e+02
-1.020061606877635768e+03
-2.630652895789933154e+01
-1.746421952222299296e+02
-3.683338037447910551e+00
-5.627092609539898831e+02
-3.176141233299138662e+02
1.340920238124476782e+02
-1.588361726867672985e+01
8.567530639512223445e+01
7.861267155568218357e+01
-7.166864053476018626e+00
-5.708538353565348444e+01
-5.376015318738970450e+01
7.607954028655242951e+01
-4.366959720547641410e+01
4.161006866963700190e+01
-6.865594316241657680e+02
-9.393286185445514320e+02
-1.909863999838796644e+01
-1.185929695280663282e+03
-1.020736416469639153e+03
-1.210086879418087733e+02
-2.066419421144667012e+02
-1.106051117842294843e+03
-1.469075346465173197e+02
-1.728939075130555239e+02
-1.701122128514298311e+02
-1.083404538717934656e+03
-8.756643925722545418e+01
-9.972965740451072634e+02
-9.638897735722218840e+02
-9.160848372704191434e+02
-1.640467205027647424e+01
-1.396914376911306590e+02
-8.677026066756893670e+02
-8.631303018981416244e+02
-8.208857417284981466e+02
-8.504282019672979231e+02
-4.791553889383349656e+02
-5.944158671487359697e+02
-1.468560718891914121e+02
-1.163209224105391968e+03
-3.234036130654899353e+02
-5.425566052076560197e+01
-6.577350517783240775e+02
-9.733125936681749408e+02
-7.940209811144935657e+02
-7.499402524614463061e+01
-6.701206665666367144e+02
-3.908748114180284574e+02
-3.163314104506885087e+02
-2.562206452179510165e+02
-2.981575351534123683e+02
4.119301149651622609e+02
-8.820275062804986419e+02
-5.033927417565819269e+02
-8.310408864620940506e+01
2.753276644733439227e+01
6.729343985851522802e+01
3.824548437375668186e+02
4.161162583274894189e+01
-4.695816674929477017e+02
3.479984468091628855e+02
1.003272517450118251e+01
-8.469143463494786772e+01
5.325946158019667109e+02
3.796246491614410843e+02
3.250810458254411515e+02
2.697541998223481983e+02
2.616059049482660157e+02
8.334582570299277293e+00
2.158968455212586832e+02
-7.438457206114972564e+01
4.918162493943510754e+02
-5.673584285763799926e+02
-2.561837783501948351e+00
9.045304510216712401e+01
5.241580391562615659e+02
5.688796998320676721e+02
-1.563114677011061815e+02
-2.149614474397530159e+02
-7.197076571100069486e+02
-5.930308359209329865e+02
-2.134406927902656150e+02
-4.209911070495008971e+02
-8.136540460856026584e+02
-8.236090990193241623e+02
-1.434982907441281895e+03
-7.704371527056639479e+02
1.142797325952327725e+02
-1.475065951069634025e+02
-7.207097899328921358e+02
3.416238904229085165e+02
-7.092208640333590211e+02
-6.768944055942477007e+02
-8.328158521153746960e+02
-5.162711377705849145e+02
-6.117873017088697907e+02
-9.734154148098339192e+02
-6.076514788122118489e+02
-8.260103117007681703e+02
-8.958600407654258788e+02
-9.285371534523072796e+02
-8.253253160275971823e+02
-6.829325183239104717e+02
-2.023418511418092862e+02
-6.262932426922048990e+02
-9.587995904923648141e+02
-6.025645800424257459e+02
-6.112993881584828841e+02
-8.978365732182825809e+01
-1.206199961279334730e+03
-9.705495476576247711e+02
-6.733252002534434268e+02
-9.755094077018054577e+02
-6.875918849873838781e+02
-9.829811218799945891e+02
-6.348093634369877236e+02
-1.076030053877632099e+03
-8.795138823875048502e+02
-9.585733293942688533e+02
-1.083314282241741694e+03
-7.751243118728682475e+02
-1.270196679394849070e+03
-1.702840840808066787e+03
-2.694558888440597570e+02
-1.330012446089017999e+02
-9.051177360637267384e+02
-7.728921614819375918e+02
-7.584710510293124344e+02
-5.816244734341033791e+02
-5.008188710146652056e+02
-1.981148534699059383e+00
1.557134222793390848e+02
-5.302410437809953692e+00
-7.395322078948873923e+02
-2.831006820978674909e+02
-1.733555901264022054e+02
-1.514120280412433885e+02
-2.023089859357622800e+01
-7.705565320288968678e+00
-6.403790821419647727e+02
-3.055720834594009716e+02
-2.473333761922084761e+01
-1.934533635665319196e+02
-4.329671558127833464e+01
-1.977715528537674743e+02
-4.369365242665925280e+02
3.357516159604796826e+02
4.882379295905399772e+02
-4.167868774990644738e+02
6.753226304079320244e+02
9.237095245155690009e+02
1.361019145882526686e+02
-7.773641382175014769e+01
2.460186717337897164e+02
4.810272920350955133e+02
1.585621035844890798e+02
9.286661416272836505e+02
-1.493794363344315173e+02
-3.344810101411346182e+02
-3.138195781752157245e+02
-3.157610107759155085e+02
2.404560008398809146e+01
-1.250619870599089438e+02
1.470109778877093731e+02
-2.275597579296103277e+02
-1.626941487372418749e+02
-8.061458467445829967e+01
-9.374611905864310302e+01
-1.215408411560180468e+02
2.967624980048943257e+02
2.868336068978554749e+02
7.391596959139648959e+01
1.098475276635061846e+03
5.277578287602273122e+02
4.849744115567474978e+02
1.925106215411248911e+02
4.103542867267955785e+02
7.457225163546891054e+02
1.561205202421473359e+01
-7.244681812534486198e+01
-2.911459299242700922e+02
-9.203752515846706217e+01
-1.289382600482971668e+02
-2.632054172473502831e+02
-5.301497353456868211e+01
-1.360837500912245162e+02
-1.293842581668920388e+02
6.516397308134386890e+00
-1.885617309138983728e+02
-1.067818927674889693e+02
9.843593757563979807e+00
-6.513535014466657458e+01
-7.995028929885359048e+02
4.327579010376112478e+02
-6.794758946171725711e+02
-3.437409380696981316e+02
-7.720569972577189901e+02
4.597100158647083390e+02
-3.141620855483805030e+01
-8.045202266826261166e+02
-6.573210664429777239e+01
-8.152321120363619684e+02
8.553254590497029142e+01
-8.066512689489154582e+02
-6.595300591147808973e+02
-3.097533365477542020e+02
4.892424163998354629e+02
8.387651915865368437e+02
-6.193063146520312330e+02
-3.327908961089348168e+02
-1.818655595558599316e+02
-4.292185341739540831e+02
2.786095451956169313e+02
-9.837068566063709341e+02
-5.795531024024919020e+01
-6.896272612361019583e+02
-6.912460840607750470e+02
4.448554880113345007e+02
-7.898693004808671958e+01
-2.367021754502057718e+01
4.729490538618568394e+02
4.826690897671083746e+01
7.464949642137988803e+02
8.612565619516951756e+02
1.973423442838500250e+02
8.116477772000127970e+02
5.234867467229805698e+02
5.118011935392860892e+02
4.069693402173897994e+02
4.758601511081844819e+02
-5.939703083497943226e+02
-1.106506268923031485e+03
3.924334917395056550e+02
2.497608233000276243e+02
-3.562992705332016499e+02
-5.675166095526129766e+02
-9.189693788980467843e+02
-4.893656762296997726e+02
2.211971372425526567e+02
1.654279644349318801e+02
-5.599616449182883571e+02
-5.340932635991380266e+02
-7.236317893906976906e+02
1.058968406939371221e+01
-1.115978488822382388e+02
-5.901791447942166542e+02
8.265781622311806132e+01
1.258554815018114965e+02
-7.807912322880122247e+01
-7.709240477146146304e+02
-9.634879620112436669e+02
8.547731700805317701e+01
-7.102676707745702060e+02
2.786482682145743865e+02
-1.611872999756177194e+02
3.691563007127996343e+00
-3.054400075602333118e+02
2.050222597346808584e+02
-4.104782047134188474e+02
-6.428861314837635064e+02
-8.116491853046368021e+01
-2.481622634438162720e+02
2.790907720230437121e+02
-5.789853425297035301e+02
3.031186095953374888e+02
4.201029742855046152e+02
-1.541203245026466675e+02
2.077941052863326945e+02
4.154968376212942758e+02
-4.165742939604653543e+02
2.099004944798658130e+02
1.196468287462417948e+02
-5.931048089808431456e+01
3.824102216467299513e+02
-5.349007057031187742e+02
1.833071025420020703e+02
6.399404269496028519e+01
-2.393292804805906826e+01
6.194162250133459793e+02
7.651336480293836075e+02
9.417381891161699059e+02
8.626730937162816417e+02
3.713115336160298057e+02
8.567056047672375598e+02
5.639144112210144613e+02
5.457317307439786873e+02
8.668481716282408343e+02
8.920163392702545480e+02
7.777950962858673165e+02
9.079182835450071707e+02
4.528252607885621046e+02
1.053493356034843828e+03
9.602600858302376992e+02
1.012834025388911186e+03
1.166003235660835571e+03
1.017437025604801875e+03
9.254733599447502002e+02
9.612288686055669586e+02
8.180387533750080138e+02
1.079575273267953207e+03
1.236868146661920491e+03
8.639660510915505256e+02
1.075735170360721440e+03
1.030029304466196209e+03
1.215029697247205831e+03
6.478457318778965828e+02
7.716575728536993211e+02
5.631346236913814209e+02
6.264671701120691978e+02
1.780237546443112819e+02
7.746258261726128467e+02
7.567905818839788026e+02
6.778814969856414336e+02
5.659069877393171737e+02
1.295080766399630079e+02
1.399329733960256306e+02
4.200904920016432698e+02
2.069390417260841559e+02
5.480375318822286772e+02
3.803399028552203163e+02
5.427235164030530541e+02
3.876581966334264280e+02
3.212334101574222132e+02
2.139200949883384624e+02
-7.827552758146416068e+01
-1.800581723815346322e+02
-2.674408313935153387e+02
9.697231142305750495e+01
-1.059739634555648990e+02
4.840844055224414433e+01
3.610328114712003185e+02
-4.523056732791956165e+02
-2.750069331058222133e+01
1.865490615821889833e+02
-1.942890714531599201e+02
-4.849076404125407862e+02
2.500548981032979725e+02
-2.107005774250001195e+01
-6.069143667344433197e+02
-3.487803142959999150e+02
-1.335791511529396303e+01
-3.832066119233350037e+02
-6.857678233105554000e+02
-7.010392072156498671e+02
-1.931241495905117631e+02
-2.392929347082798586e+02
-2.474079146336235624e+02
-4.154871819817674350e+02
-8.897318560420554832e+02
-4.042667924355532705e+01
4.265652880124774242e+02
8.251129566210549910e+02
-5.295569567312295476e+02
-4.972497896097877401e+02
4.294539029936060501e+02
5.952912333445908644e+02
5.735858398136515461e+02
1.247299169880839997e+02
7.122268070944628562e+02
-1.527283290966527829e+03
-7.027944063372282244e+02
-7.442055104314549681e+02
-8.303615864309945209e+02
-8.394774103399264504e+02
-7.051610383415844581e+02
-1.405024599217410469e+03
-7.428848250258547523e+02
-7.880620109443809724e+02
-7.019604245479142719e+02
-9.511865922991469233e+02
-7.333330398952703035e+02
-8.111991728899818099e+02
-1.113381631089489019e+03
-1.554116740409332806e+03
-2.114523477195593387e+03
-2.672687552878038787e+03
-1.216691763588343974e+03
-7.490759791285523761e+02
-8.409478100726672665e+02
-6.990067627903158609e+02
-7.302555451798309605e+02
-7.138372404911528974e+02
-6.008176379635749527e+02
-9.764821935647676128e+02
-1.032237762399960729e+03
-9.245941011884874570e+02
-7.454978454007201663e+02
-1.585166470629890455e+03
-7.971212593756065417e+02
1.686171626027062302e+02
5.793535169854088736e+02
-9.800618726064863040e+02
1.885426526170982129e+02
-9.885451213162890554e+02
1.429760346938424505e+02
-1.711958389934909974e+03
-1.942045154102993365e+01
4.673445612054357525e+02
-1.418774956613900486e+03
6.599917282542571684e+02
2.044282576775452185e+02
-1.256035587273765941e+03
-1.384926884690378301e+03
-6.665102742405799745e+02
-1.241213469759295322e+03
-1.376394710782540415e+03
-1.488459892694550717e+03
-1.973375013354765088e+03
-1.123309019190517347e+03
-1.616562648095372651e+03
-1.660454584810092911e+03
-1.842388203029144961e+03
-2.185576351550251729e+03
-1.744601693877559001e+03
-1.007859919826166788e+03
-7.894672338545656203e+02
-1.152204561754600491e+03
-7.737369977628408151e+02
-1.368172835837149250e+03
-7.322773250705952250e+02
-1.920627671172470400e+03
-1.794280978331383039e+03
-2.121073449226051252e+03
-1.176444715655258960e+03
-8.434167005945830624e+02
-1.782358875822232221e+03
-1.309168359182904624e+03
-1.698916776905614370e+03
-1.492081005650293264e+03
-1.210064811581383537e+03
-1.013821842078669420e+03
-8.443464395391881681e+02
-1.063166480842137162e+03
-1.041788127480567709e+03
-1.794276264297006719e+03
-8.346655872985626274e+02
-9.551855098453016808e+02
-1.015273624346932024e+03
-1.068405980010319581e+03
-8.937058556237321909e+02
-1.344157839020139136e+03
-8.514242481558381996e+02
6.012626738741669215e+02
-1.199275916630051370e+03
-1.655992728678783692e+02
-8.543088572367532834e+02
4.207223717015741613e+02
-1.234450431873892057e+03
6.659668805898593291e+01
8.107437107006101087e+02
-1.604868658379693670e+03
7.269798489398183392e+02
-5.286729036399859751e+02
7.132901852494298964e+02
-1.489004213136159251e+03
5.803659407393822676e+02
6.218463829091458592e+02
-6.265745012103031968e+02
3.320509904776506573e+02
-5.522136818977576240e+02
-7.137132977055673564e+02
-2.285873883894979031e+02
-2.698430903286894704e+02
6.565818026253672315e+02
-8.821613003642363537e+02
2.551055727145394769e+02
-7.758916859747049557e+02
-9.160387724820702715e+02
-5.694639488144474626e+02
-6.526077973860210477e+02
-1.573158116126261348e+03
8.435350268106290059e+02
5.570988935166021747e+02
2.158911425367706158e+02
8.106484647954694083e+02
-7.774304551637286522e+02
4.418740749883046988e+02
-1.080932580996478237e+03
-6.281257940983349499e+02
1.474210150342060501e+02
1.017416073850674479e+03
2.483524527474980061e+02
-6.763180287319977424e+01
6.907521542353630366e+02
4.228506019649927339e+02
-1.682910607208620604e+03
-2.172900761260450508e+03
-1.614403271928961658e+03
4.187783712133904146e+02
3.397811387590418235e+02
-1.907986031891411812e+03
1.001812250264075601e+03
-4.902078300989337549e+02
-9.062171643896396063e+02
-7.990320322216559816e+02
-8.245323073653628398e+01
-3.318860729223036401e+02
-1.312743286649937772e+03
-1.862746538839935965e+03
-1.075941027180205765e+03
-1.551648676248386892e+03
-1.490118901224978345e+03
-1.285535705213468418e+03
-2.142146036273158188e+03
-1.867580533653438806e+03
-8.828301783907857043e+02
-1.545541693234623835e+03
-7.972554785746349353e+02
-1.868852914051959715e+03
-2.623629144773879489e+03
-3.257420180004793110e+03
-3.160468377118009357e+03
-9.452060266151707992e+02
-1.999582658944848163e+03
-2.574496336800575136e+03
-1.074571047508525453e+03
-2.609830713707933228e+03
-9.212351695604509132e+02
1.469203346305975401e+03
-1.856635520865386070e+03
-5.594242376177305687e+02
-1.143770743846372170e+03
-7.787829011240888804e+02
-9.536953495296612573e+02
-8.599252544910926872e+02
-5.988573837377514337e+02
-7.699644176186519644e+02
-8.083746580131692099e+02
-6.726111269478290069e+02
-6.750407365275550546e+02
-7.609501634979999380e+02
-7.338147516735439240e+02
-6.468205794696466455e+02
-6.754755738200883570e+02
-7.604489384943568666e+02
-8.573168581221199247e+02
-1.014054826760479386e+03
-6.608823942738168853e+02
-7.081665593990404659e+02
-6.712668749319029757e+02
-1.164197610480359344e+03
-9.557739737587205582e+02
-7.811842985218167996e+02
-6.971577955914444829e+02
-9.049053649312222660e+02
-8.712656962835769718e+02
1.685286723073887288e+03
-8.835827350092782808e+02
-9.103083336240194967e+02
-1.002076332246401307e+03
-1.519862300140284560e+03
-1.236369448993458491e+03
-1.360832333817321796e+03
5.264643855117747080e+02
1.281946679692717680e+03
2.435076795913194303e+02
-1.667441162155684196e+03
1.456506301035396064e+03
1.123085111727700905e+03
1.441762789868508662e+03
9.079442034845191074e+02
-2.225494428432511086e+03
-1.169305785517689174e+03
1.495482268865986725e+03
1.540654250491108314e+03
4.527902905868086805e+02
1.546801202723365805e+03
-9.850196007750065519e+02
1.571431357400283105e+03
1.341208821454598819e+03
-7.852977639968033827e+02
1.131856794774728314e+03
1.956451763351783200e+02
1.480494991729546200e+03
7.234653175143625958e+02
5.574351213525162620e+02
1.000884550809838970e+03
1.237943180971591573e+03
9.171077564920950635e+02
1.073629681931515051e+03
8.393081743781899604e+02
1.382470962034439935e+03
1.461678120414268506e+03
-3.000204205795725443e+02
1.556573605411040262e+03
8.421455288645676092e+02
1.554109947984987457e+03
1.689162113779630545e+03
1.667046335419984416e+03
1.791474654385758640e+03
1.899883582292585288e+03
1.385344268013704095e+03
9.390746707663987536e+02
1.381811345183536559e+03
1.549843890789069974e+03
1.702292909562766226e+03
1.469859014699573891e+03
1.534236434095830418e+03
1.440161559445662760e+03
1.390253860980133595e+03
1.443643184539485901e+03
1.518400505798152153e+03
1.643671401526195723e+03
1.538625320953053233e+03
1.567954154964045074e+03
1.721342216737610215e+03
1.628482838908290205e+03
1.626813105583029937e+03
1.756197526886213154e+03
1.739699220795228484e+03
1.795070528899124838e+03
1.637603106307831013e+03
1.563030357443662979e+03
1.760530791732449870e+03
1.443021886082936817e+03
1.582203457517431843e+03
1.429512581857879923e+03
-5.855775456282638061e+02
1.616585255510045499e+03
1.776571239643667241e+03
1.414397869609720601e+03
1.744780644594546175e+03
1.809441873209138066e+03
1.756586027383371857e+03
1.706120912909616891e+03
1.610312264335130294e+03
1.250099481305806421e+03
1.728284307989816625e+03
1.716165091667137403e+03
1.647768314809649155e+03
1.181767471276071319e+03
1.704861957526632978e+03
1.813955534117512116e+03
1.582748726650412209e+03
9.655317299087363381e+02
1.728438276870678237e+03
1.598738245312711115e+03
1.393580641562484743e+03
1.721232516286062264e+03
1.949722147485413757e+02
1.471976701521565928e+03
1.739742864360619706e+03
8.891253924572469032e+02
1.883598942560718797e+03
9.155835674206924750e+02
1.239705960926289436e+03
1.866553534160065283e+03
1.509195740054339467e+03
1.408415033178918293e+03
1.324915296741189650e+03
-8.856819442750020244e+02
1.289457299229359705e+03
1.365093618740969305e+03
1.147219599016490065e+03
1.481352316866180900e+03
8.976786077379192648e+02
1.350232483763877553e+03
1.326484521737524574e+03
1.292544135083497849e+03
1.290155819655877622e+03
1.561231127013038531e+03
1.319308898328818486e+03
1.588183272954094491e+03
1.320744056697605629e+03
1.315562282967832743e+03
1.453086958819327037e+03
1.500395742614894743e+03
1.327162484996663579e+03
-8.786829449201611624e+02
1.184429089540829409e+03
1.259078379932541338e+03
1.573854233659919828e+03
1.321255644634568171e+03
1.248828106969294595e+03
1.144695061388439399e+03
1.550538517207655332e+03
1.443706201707373566e+03
1.045044030279320623e+03
1.092590535043051659e+03
1.284739705322552254e+03
8.379716946460694089e+02
1.413164221139281381e+03
1.360122656460452617e+03
1.009698666558295372e+03
1.287269008755716186e+03
1.281304590022432421e+03
1.230177965639428294e+03
1.319407628441322231e+03
1.487022156196219612e+03
1.014168298009065438e+03
1.391135462477909869e+03
9.699451572389102694e+02
1.066603239272227938e+03
1.337593587584163060e+03
1.013622746091315662e+03
1.056737917920564087e+03
1.333326077045363263e+03
7.531045530632270584e+02
8.146718633615515159e+01
1.070603446566163257e+03
1.361736687422038813e+03
1.520762681206357229e+03
1.833157206650698981e+03
1.223013003020396582e+03
1.169176630692056960e+03
1.585701294676728139e+03
1.326881779322436614e+03
-1.090279873147057543e+02
1.247476707163537867e+03
1.850846508093724651e+03
1.927690157817864474e+03
1.139473160567767081e+03
1.813383811141956130e+03
1.730099609553804839e+03
1.205250413486233811e+03
1.166463574601720211e+03
1.758108465921206971e+03
1.314586712041162173e+03
1.271661814028512481e+03
2.238162582726778282e+01
1.433298706438831005e+03
1.995446962008515811e+03
1.599933560572335864e+03
8.963087704913380094e+02
1.818694649586954256e+03
-1.478703379503896031e+03
1.192421644346588891e+03
1.249503730871694870e+03
1.282900338924425114e+03
1.578865360005592265e+03
1.121287690143277814e+03
-2.039260747933194011e+02
8.815259136801246314e+02
1.270247032218607728e+03
1.016966893503685924e+03
1.526925000365562482e+03
1.197114660182467333e+03
1.452344722530164290e+03
6.890266776124049102e+02
1.416206943262245886e+03
1.512738935837397094e+03
1.558169023246061215e+03
1.440920395133814964e+03
1.399908035459173789e+03
1.581860728546269911e+03
-5.546874219476204644e+02
1.537802333532335524e+03
1.287645625492212730e+03
1.336438389278790282e+03
1.449704143011439783e+03
1.567172421306068827e+03
1.248572723071357814e+03
1.386577434951814212e+03
1.478870172556255284e+03
1.307465226825873060e+03
1.284765690158831148e+03
1.222924452013123982e+03
1.319700648406083019e+03
9.758035985216579320e+02
1.269532866392471760e+03
1.324707627401645595e+03
1.586010250652206423e+03
1.278263995130425201e+03
1.450541999551228400e+03
1.137890995833929082e+03
9.558729794541818592e+02
1.449188276894620003e+03
1.542761992185504141e+03
1.107674502173348401e+03
5.332442311122844103e+02
1.259665395466417522e+03
1.517314106628029776e+03
1.224487310564640438e+03
1.389681372199440375e+03
1.396083599313500599e+03
1.387541569143508696e+03
1.451078767160274310e+03
1.395636681863152489e+03
1.356530129445778584e+03
1.474952669863674600e+03
1.457928761271576832e+03
1.415712383150710593e+03
1.206329344089882170e+03
1.608736598478602900e+03
9.867691523657485959e+02
1.414237503038862542e+03
1.490629781049222856e+03
1.506165265317007652e+03
1.412052406896927778e+03
1.304454811781602984e+03
1.183901424914363815e+03
1.079018288869384378e+03
1.064588986888024692e+03
1.218028150113045740e+03
1.141838362556415859e+03
1.162776229706576260e+03
1.183421344841332939e+03
2.967507661189206942e+02
1.267169301595679826e+03
1.224945517317539725e+03
1.152860517365541909e+03
9.547435209845691588e+02
9.074557622860299944e+02
8.976701780567794913e+02
7.893987542234572174e+02
9.020777590555328516e+02
1.145296136989678416e+03
9.207168625647578892e+02
1.051993448703407239e+03
1.046075675997462440e+03
9.838741212543518486e+02
9.240196922720730299e+02
1.198730108741850245e+03
5.033073618225196810e+02
1.011938517575431774e+03
9.313291618910902798e+02
1.032768574582547217e+03
1.201714204593580916e+03
8.587428808827557987e+02
1.220354235182529010e+03
9.305130295352502117e+02
7.929359893953103438e+02
1.173765339751480496e+03
5.605053514339451795e+02
1.165719102566667971e+03
8.275948415548497223e+02
5.749765938826552656e+02
8.943891727506639882e+02
1.009280363235551135e+03
8.276842427766774790e+02
6.786586193839154930e+02
9.687095202259725966e+02
1.169976852276822456e+03
1.085387049667881911e+03
8.949485243781591635e+02
1.035363192847677510e+03
1.116617893449408029e+03
8.916568877463423632e+02
1.054692151463180153e+03
8.002551648665589710e+02
1.006835625774095433e+03
1.018875874118506317e+03
1.163500331806179474e+03
9.952548756925873477e+02
1.385219688887629673e+03
1.354574612453443024e+03
1.065686863714857736e+03
1.282597911698738244e+03
1.257031441988842062e+03
1.399071416771445001e+03
1.080967336526272447e+03
1.293428714288365654e+03
1.353746116975006544e+03
1.543549220250817825e+03
1.495579538725793100e+03
1.539317281464750067e+03
1.312716092241430488e+03
1.472136831329048164e+03
1.114561767424619120e+03
1.504850726487991778e+03
1.479753447642025549e+03
1.608009895810117087e+03
1.691301440869545331e+03
1.600843336630609883e+03
1.447561932502437912e+03
1.335789741774153072e+03
1.509208401455442072e+03
1.582378650246837424e+03
1.499095009569665763e+03
1.517942234082128834e+03
1.750196894574406997e+03
1.568462588065678574e+03
1.493113781278150327e+03
1.516099923249508720e+03
1.381407450875930863e+03
1.415049753638918901e+03
1.334165064364458658e+03
1.488994443312031308e+03
1.587908636125714111e+03
1.626136516856660819e+03
1.632748395387817709e+03
1.471415672876735016e+03
1.712634013205630708e+03
1.732771613824986616e+03
1.477953394247458618e+03
1.718744880122670111e+03
1.568620719480118169e+03
1.797756632909243763e+03
1.600830790723027121e+03
1.695794254086511501e+03
1.724917591895947453e+03
1.830741622533801547e+03
1.714755504445919541e+03
1.453363100982177457e+03
1.647599748842533472e+03
1.345534444058599320e+03
1.182524615723913939e+03
9.874558343722862901e+02
1.329704915587243249e+03
1.225779058047027320e+03
1.167979777802212993e+03
1.038620120857973689e+03
1.182956193924709396e+03
1.007371097092049922e+03
1.087967428084991298e+03
1.240669911213461319e+03
1.299911585673866966e+03
1.421814721389461283e+03
1.686519291077890784e+03
1.655459094863328573e+03
1.271184830781838855e+03
1.229217517432145996e+03
1.290196110568601853e+03
1.764254394740192083e+03
1.642532514739102226e+03
1.626021714330351188e+03
1.713561396356378737e+03
1.651304765437063907e+03
1.672978167188601674e+03
1.686265326811162595e+03
1.721411257925952214e+03
1.495989227667872683e+03
1.604049677850192893e+03
1.412524964671508314e+03
1.868333850794556383e+03
1.706795435634848900e+03
1.631625547163347164e+03
1.646785474732489092e+03
1.329466152048446702e+03
1.579803307419640987e+03
1.605085491155907448e+03
1.720855261466916545e+03
1.678759786126183371e+03
-8.251854267373927314e+02
1.585610651682809248e+03
1.420099504331651360e+03
1.389129860850527393e+03
1.520504068061817861e+03
1.580220929174138519e+03
1.554337881081914020e+03
1.650152541915957045e+03
1.755523866860604357e+03
1.801045406829453441e+03
1.247631100663418920e+03
1.643516687568270299e+03
1.605045964018510858e+03
1.604904249677294501e+03
1.450492501318430413e+03
1.535959740734226216e+03
1.565095963746210600e+03
1.477091940623978189e+03
3.231785808741196320e+02
1.670725409691361619e+03
1.418423453790615667e+03
1.490633420937380833e+03
1.458350048989123934e+03
1.546700351611059205e+03
1.515731035969512504e+03
1.532110630057093886e+03
1.372473298564509832e+03
1.611070826204197374e+03
1.453975313930962557e+03
1.450175404583020736e+03
1.467092199192458793e+03
1.582292862033772508e+03
1.545098160670371499e+03
1.411522487400475484e+03
1.519672368225845503e+03
1.447358632749159142e+03
1.546006516398907252e+03
1.468391625770675091e+03
1.457377571182279098e+03
1.528714046579167643e+03
1.391788499680692439e+03
1.519822515599176313e+03
1.486339942454993434e+03
1.438985730431218144e+03
1.555539516815864317e+03
1.392324806880749065e+03
1.371912297103143374e+03
1.606320436753525655e+03
1.556871927598768934e+03
1.315147992413239308e+03
1.579892135995167337e+03
1.552858251043720657e+03
1.318403437259835528e+03
1.455549665203552649e+03
1.239245526816594065e+03
1.324525820052030895e+03
1.486613290891843008e+03
1.587366332815095575e+03
1.368546817546079637e+03
1.423474474015666601e+03
1.611865729504801948e+03
1.521261261625019870e+03
1.414274036469480052e+03
1.465810271938009464e+03
1.555686444676162864e+03
1.553528922574485023e+03
1.318465340804923244e+03
1.372733097990627130e+03
1.406309366859159354e+03
1.515737970730282086e+03
1.483019163138096246e+03
1.422608063987340302e+03
1.190468296560112549e+03
1.233887154844383531e+03
1.419840563168754898e+03
1.393808595610418706e+03
1.419423511496507217e+03
1.402914598266068879e+03
1.525251595292869297e+03
1.348187399542050571e+03
1.469452435751011990e+03
1.404027479016799816e+03
1.422401761341169731e+03
1.584606425409978101e+03
1.354949848535494311e+03
1.433124563045426157e+03
1.380518117070586186e+03
1.416117408751214271e+03
1.596554062211276459e+03
1.306339532378006652e+03
1.626921378935914845e+03
1.530476361712547714e+03
1.520082291868591255e+03
1.591262611941566774e+03
1.618437356968461700e+03
1.457939855976925628e+03
1.657176353703164295e+03
1.673383718315371880e+03
1.641285628670975484e+03
1.685850873390066226e+03
1.561858467912247988e+03
1.565463791654437046e+03
1.650478131174400460e+03
1.584943292091840931e+03
1.460530373254632195e+03
1.547045270347898168e+03
1.577150172864849992e+03
1.529512594126685826e+03
1.495329714496933775e+03
1.379840907414103867e+03
1.635747514794413064e+03
1.667670198494769465e+03
1.562388741499225944e+03
1.566076713129203199e+03
1.599669678404329261e+03
1.560504029991229118e+03
1.609443281624038718e+03
1.644824286986319976e+03
1.530850018442699820e+03
1.764770411875586888e+03
1.474106954534798888e+03
1.560875845752638497e+03
1.639489406843735651e+03
1.458537994534063046e+03
1.498193104416211327e+03
1.721807054488827362e+03
1.629327799789145047e+03
1.480800303441226333e+03
1.661077424034011983e+03
1.642496764191276498e+03
1.565712386629551474e+03
1.754740596973287438e+03
1.642399575237556064e+03
1.422494667190317614e+03
1.599570085853257069e+03
1.747065565952976613e+03
1.675488155783649518e+03
1.504740564888559220e+03
1.794367525550166647e+03
1.722714532957482788e+03
1.461152795069907825e+03
1.792048104051911650e+03
1.733157650180054134e+03
1.684627634121217625e+03
1.816844162651203533e+03
1.590985210705334794e+03
1.708274028773128521e+03
1.616634622535095787e+03
1.718456233359751195e+03
1.591706586872167009e+03
1.681564060991376437e+03
1.767186549315957336e+03
1.658833650956162046e+03
1.699827024501536698e+03
1.859392232335122571e+03
1.767542763099840386e+03
1.745398121644964249e+03
1.635194118341813919e+03
1.756275596339908134e+03
1.589676733756826707e+03
1.674605824244227733e+03
1.753753216381339598e+03
1.817195312960803676e+03
1.627648902585255655e+03
1.843796384248991444e+03
1.745337145211469078e+03
1.763499285033220758e+03
1.696514344029429367e+03
1.930306706635187311e+03
1.613367568363765713e+03
1.677305379615440415e+03
1.645465486100865974e+03
1.745748528752938228e+03
1.692226184926603764e+03
1.765130366295358726e+03
1.785038777476134101e+03
1.680430008279526191e+03
1.494530002763454604e+03
1.850774986813974465e+03
1.778625059618332216e+03
1.797465518142497558e+03
1.821665018018351930e+03
1.633180182177313327e+03
1.586372215771844822e+03
1.666070227387392606e+03
1.588542629091964272e+03
1.690810559718991499e+03
1.516248743910433404e+03
1.653996393250326946e+03
1.592191410897242349e+03
1.534577326612837169e+03
1.268367079377744176e+03
1.363099820657954979e+03
1.231214279997078847e+03
1.214579936707500565e+03
1.349867075451029905e+03
1.217564527121730634e+03
1.039164136121330102e+03
1.144682766958413367e+03
1.241011688399903733e+03
1.069028644432782585e+03
1.108959948769432231e+03
1.198940332835720710e+03
1.286702743090137574e+03
1.199571170913057358e+03
1.072416553237374274e+03
1.161463910019686409e+03
1.125151790270909487e+03
1.276328216644173835e+03
1.054440425461195446e+03
1.206027330381560432e+03
1.148916841344275554e+03
1.192579571440405289e+03
1.342483843481986924e+03
1.199000327486300648e+03
1.167232065698539827e+03
1.295034891181384637e+03
1.213806971915401164e+03
1.295331679662949455e+03
1.223998710083919377e+03
1.194110702422184659e+03
1.263006471224674442e+03
1.228719957927408814e+03
1.192108530159538077e+03
1.212066677109947705e+03
1.348765313834564267e+03
1.353246202657135882e+03
1.166627823042259024e+03
9.861456972083466326e+02
1.240838826079480896e+03
1.344288001023209290e+03
1.218241055343242124e+03
1.185794213669109013e+03
1.294997708109433006e+03
1.422042127536565204e+03
1.115418452265133510e+03
1.182360548449193402e+03
1.165137470158939323e+03
1.251383918563943553e+03
1.303157835797086136e+03
1.321479016978334130e+03
1.439164987011411313e+03
1.317385218740449773e+03
1.393037828095874602e+03
1.171475789192219054e+03
1.442588526110356725e+03
1.529790187037172473e+03
1.393494850774562337e+03
1.382592949061359604e+03
1.477987514832243733e+03
1.482507573153282465e+03
1.353169894287586885e+03
1.512469538050343544e+03
1.343346245077113963e+03
1.523188059627549364e+03
1.395794412393338007e+03
1.540406373064794707e+03
1.386036617233578227e+03
1.346542998338271900e+03
1.376125362660479368e+03
1.385115195685964181e+03
1.468974433193724508e+03
1.513267677840771512e+03
1.532682166592466501e+03
1.441051028734516422e+03
1.497242252296851348e+03
1.357806667809751161e+03
1.419893083115235186e+03
1.630159806226619821e+03
1.521972854778121700e+03
1.652040290060705274e+03
1.477034143734410918e+03
1.598668303998285865e+03
1.435342339243043398e+03
1.333783071192016678e+03
1.255686463330496736e+03
1.256609842166483759e+03
1.152032892029857976e+03
1.203474520791348823e+03
1.225327022005051276e+03
1.225316471774991669e+03
9.848062085217213735e+02
1.191032690720926439e+03
1.154667158264949194e+03
1.160448825372202009e+03
1.232725311121550931e+03
9.766787959918196975e+02
1.140243219976286582e+03
1.336146934904133559e+03
1.414226340690956476e+03
1.490485373761140863e+03
1.249843346904899590e+03
1.437559823359810025e+03
1.330342528745615482e+03
1.196406261356479263e+03
1.358739733354737155e+03
1.470446821246357104e+03
1.458178630689287502e+03
1.451089794775183691e+03
1.461009663664643085e+03
1.243596734284700460e+03
1.496102159756347191e+03
1.530855837982346429e+03
1.629730514406711791e+03
1.402244695463215976e+03
1.775432123261879951e+03
1.287447532716578280e+03
1.457178474929003187e+03
1.545746715345047278e+03
1.607072802262002142e+03
1.523277841711173551e+03
1.421574405741237115e+03
1.592071240911179757e+03
1.633831942290491270e+03
1.618091555365187105e+03
1.489824172329155317e+03
1.624441644136787772e+03
1.494209464430010030e+03
1.580807648729482025e+03
1.461311590717549507e+03
1.338675687762677626e+03
1.534975048615434389e+03
1.479189768504435278e+03
1.639074796892040922e+03
1.379216920851119767e+03
1.302079898559707317e+03
1.471354921879127915e+03
1.367936021911358466e+03
1.389751851242056091e+03
1.287300043328545371e+03
1.245138773258480114e+03
1.246960986421352345e+03
1.289815167508001196e+03
1.263663915493526474e+03
1.389781780717859647e+03
1.340508337211020944e+03
1.508763181174058445e+03
1.372723340911049036e+03
1.133599148759815080e+03
1.364003972995462846e+03
1.367214126358575186e+03
1.419340602975693400e+03
1.505180971401644456e+03
1.185539537875843962e+03
1.384844036953578097e+03
1.405645792549082216e+03
1.370847440443790674e+03
1.514272196377286264e+03
1.472816724433509989e+03
1.555914483008870320e+03
1.295277315338087419e+03
1.539392031759339716e+03
1.448085824640701276e+03
1.485533016706784110e+03
1.418210816603730564e+03
1.521580192164531582e+03
1.574921297952517307e+03
1.541257715708380147e+03
1.536126543690508697e+03
1.526769454519174360e+03
1.632567914208765615e+03
1.624369680409846751e+03
1.465905047666029986e+03
1.561138505404994476e+03
1.631933766115666685e+03
1.452802431920637446e+03
1.431602852491152589e+03
1.584516041616084976e+03
1.392127565337945498e+03
1.422910506254773509e+03
1.467910012866967463e+03
1.440984805128822700e+03
1.380994391006614478e+03
1.315166243202234455e+03
1.307009175613751495e+03
1.458841964872185144e+03
1.373259270402757465e+03
1.464668581223378624e+03
1.389137908097098716e+03
1.325229515480883947e+03
1.529826515740639024e+03
1.476258335320648712e+03
1.557601416518832366e+03
1.473819526062061868e+03
1.359167803150605096e+03
1.339342678048286643e+03
1.475824357945606380e+03
1.314348574153405025e+03
1.362044405384388483e+03
1.406152089670212945e+03
1.285820389139550798e+03
1.394580852545056587e+03
1.339519217603385641e+03
-5.388100235377147555e+02
1.386871376545145722e+03
1.492422555519756315e+03
1.316940289201586666e+03
1.302039617948099931e+03
1.494542347043545305e+03
1.472196208026871773e+03
1.438069875946559932e+03
1.469541927751245566e+03
1.448023515081355526e+03
1.343181945762996293e+03
1.348510947437303003e+03
1.564787358370602078e+03
1.433131120827710674e+03
1.369395314124254128e+03
1.545552939317222126e+03
1.391956222956122701e+03
1.398226278800049386e+03
1.452698004759759442e+03
1.520405453011479722e+03
1.550895998839549520e+03
1.567899249651344689e+03
1.519808794968481607e+03
1.590598134171508718e+03
1.566816451233486760e+03
1.682389821218449697e+03
1.550806872258803878e+03
1.327339089224218924e+03
1.626156162945987035e+03
1.756251421164698968e+03
1.464136448798711172e+03
1.492226655750285772e+03
1.603244192592060699e+03
1.532123030359786299e+03
1.640935188900123649e+03
1.594749667389705792e+03
1.538448412140509163e+03
1.517677494153122552e+03
1.746366896017109184e+03
1.707769294879289191e+03
1.471654798521199382e+03
1.654824745880519231e+03
1.642797123143035606e+03
1.470466167820520695e+03
1.663147893130142620e+03
1.480204552354952284e+03
1.658736288431541652e+03
1.409280809976023193e+03
1.654498933009467237e+03
1.613130462210292535e+03
1.603599264327996934e+03
1.576155681467909289e+03
1.694286191300117935e+03
1.584833999126008621e+03
1.469401465526675111e+03
1.626076301126397084e+03
1.633526961031784822e+03
1.551191511111166619e+03
1.612297780798849317e+03
1.552899219487827622e+03
1.555013012766086149e+03
1.544874195940832578e+03
1.369753231047748159e+03
1.576285800964109740e+03
1.557912003448354653e+03
1.574227362342425749e+03
1.558324611588587231e+03
1.505752579114280934e+03
1.552913827961913967e+03
1.562516529902399043e+03
1.555743569807377298e+03
1.640079889164997212e+03
1.562213422979894858e+03
1.559990287922582866e+03
1.456211764369034427e+03
1.492729662420112163e+03
1.577830756363336150e+03
1.349516822638075610e+03
1.359431697169499103e+03
1.484346008828760660e+03
1.358313193818401260e+03
1.377258959111298509e+03
1.212812459678506912e+03
1.294709359626406467e+03
1.450471291504996316e+03
1.293444090467381784e+03
1.405031953835863760e+03
1.345112875184268205e+03
1.346924842277375319e+03
1.281515205888165383e+03
1.444254593217572165e+03
1.391173855222844850e+03
1.458854007011395197e+03
1.250364574301219363e+03
1.281459168519204695e+03
1.492923119936872354e+03
1.443964156600231945e+03
1.523922144410989631e+03
1.467590967127193380e+03
1.480626179493329801e+03
1.521125312329954568e+03
1.570472194296990892e+03
1.516396898280926052e+03
1.545772980517074529e+03
1.537045388344970888e+03
1.436263127032710599e+03
1.568343742166618995e+03
1.361570918978000918e+03
1.572586122158955504e+03
1.607572628740840173e+03
1.522187377777658185e+03
1.425753749621268526e+03
1.571273688684939771e+03
1.520991096020253735e+03
1.456217962104117760e+03
1.438723036580680628e+03
1.486856397456673221e+03
1.485491347807756028e+03
1.516748872628192430e+03
1.175576930861786877e+03
1.393687785026360871e+03
1.318737923007053269e+03
5.952150014269083158e+02
1.462034205339949267e+03
1.192435873853209841e+03
1.420382842897145792e+03
1.500692219541076611e+03
1.400394991228250774e+03
1.399401368443746833e+03
1.397805561300424415e+03
1.403227437903112559e+03
1.458650215236092208e+03
1.475628719458403339e+03
1.422902251697546035e+03
1.270124768512409901e+03
1.266351211053157840e+03
1.515008756645157746e+03
1.599716784444843597e+03
1.397226996028562780e+03
1.519609889770290920e+03
1.468540385719470578e+03
1.389244089046016597e+03
1.408781503671496466e+03
1.606959153038448903e+03
1.498884552246743169e+03
1.762145471863939974e+03
1.531975748349621881e+03
1.425819306294342823e+03
1.427203081400617975e+03
1.546381692455751363e+03
1.467101142634265216e+03
1.150685369338878900e+03
1.501911309536470526e+03
1.355179590962979546e+03
1.356600664654355342e+03
1.673756920938613348e+03
1.622544718385776832e+03
1.672812291398400248e+03
1.491536272926294941e+03
1.473855379244728510e+03
1.530979870103340545e+03
1.298112732886797403e+03
1.606645036595627744e+03
1.514498473847929290e+03
1.491178313930681270e+03
1.624794520901975602e+03
1.548213854735397490e+03
1.762274426051704495e+03
1.656279655008253030e+03
1.594340434059449763e+03
1.785103381270210093e+03
1.509604778951064418e+03
1.600706170478920740e+03
1.914807583125613291e+03
1.578104646469486170e+03
1.931001991549645936e+03
1.782233218911042968e+03
1.758622187439703339e+03
1.846466015518546101e+03
1.670945224545162773e+03
1.728185692445081941e+03
1.672044129687991926e+03
1.910401618663118825e+03
1.598458228948952183e+03
1.748337979324047410e+03
1.711720898549076082e+03
1.845453728047300501e+03
1.806761503298811022e+03
1.485316175264213143e+03
1.819986465523122661e+03
1.768073104412988641e+03
1.703090207498652035e+03
1.441283980142653036e+03
1.839262132865551848e+03
1.665397953083302809e+03
1.524328905934714385e+03
1.861580673905224558e+03
-8.429914443618500854e+02
1.918040227904540188e+03
1.768321956826666565e+03
1.812195320821799669e+03
1.893535604190465619e+03
1.587556012395454673e+03
-1.015594433377702444e+03
1.674866194309556022e+03
1.483624180834790195e+03
1.791747762910317761e+03
1.404964691304644475e+03
1.703571709789464649e+03
1.353231652217544706e+03
1.492744144058171969e+03
1.351443476609768823e+03
1.046753821556635557e+03
1.494254267529531944e+03
1.180243025997177710e+03
1.533448481960190293e+03
1.538561571008785450e+03
1.044260967895728072e+03
1.171117698807134730e+03
1.039883405265014972e+03
1.183406902347551750e+03
8.653927457881811733e+02
9.070579428982946411e+02
1.138326289457456369e+03
1.122921899084141160e+03
1.240367288890796090e+03
1.145197571605456687e+03
1.133819516003460194e+03
1.289550812303709563e+03
1.580356475409279028e+03
-2.590543538505492620e+02
1.550088855570128089e+03
1.640774714775950315e+03
1.663473746826731258e+03
1.802288348333810745e+03
1.466617117205766135e+03
1.262244072732432414e+03
1.592032440587830024e+03
1.753223862049185300e+03
1.646475317568231731e+03
1.411039339637563899e+03
1.715214014063533341e+03
1.754414875560167047e+03
1.808955927399048960e+03
1.861357712753949045e+03
1.729855089257569261e+03
1.809519882905813574e+03
1.752173856717873150e+03
1.704409615508383013e+03
1.640150880650612862e+03
1.722000210106291433e+03
1.641664666046009415e+03
1.756012278241517606e+03
1.527787451890641250e+03
1.422971101062469415e+03
1.511976173798326272e+03
1.611842695734344034e+03
1.667457325522573228e+03
1.339859586638739756e+03
1.541825185731440797e+03
1.505333092647349986e+03
1.398877280923761191e+03
1.756847125906141855e+03
1.457095885722673302e+03
1.520139867397869239e+03
1.378948886499282708e+03
1.477264726793535601e+03
1.310706834693251039e+03
1.424100373108695749e+03
1.329095252540618958e+03
1.366317712975252107e+03
1.244633609399546913e+03
1.377074382498822160e+03
1.262827037870332560e+03
1.282395907852398523e+03
1.488963863016954974e+03
1.208687171390565709e+03
1.446963756207928554e+03
1.289057068110803357e+03
1.325272418754801492e+03
1.425983824688154073e+03
1.207430967837067328e+03
1.238112350836883252e+03
1.447677166668802329e+03
1.538553400187999841e+03
1.282361306045326273e+03
1.295564186941957814e+03
1.411625210481672411e+03
1.406715209092908026e+03
1.470731794259883145e+03
1.425036394041559333e+03
1.405594510316933565e+03
1.500288349905198402e+03
1.578070495318078429e+03
1.478827917751659243e+03
1.552625105817394342e+03
1.516701848367257753e+03
1.678248380034262254e+03
1.559880154119375220e+03
1.688264482511612641e+03
1.487187293838149344e+03
1.442061566912257831e+03
1.699274358178803595e+03
1.437843604558751167e+03
1.488283188784767390e+03
1.448887067308539599e+03
1.464929166693870911e+03
1.596436880801971711e+03
1.420164413218382833e+03
1.672087311179226617e+03
1.579063274943611304e+03
1.596610007989968835e+03
1.760083417322548485e+03
1.702463386222756981e+03
1.563032457919055332e+03
1.528614082695301022e+03
1.690235856549817299e+03
1.496082978634947267e+03
1.820085850248936822e+03
1.556363913728589978e+03
1.610640253243732786e+03
1.549167281569748411e+03
1.704895806652619058e+03
1.449804807130930612e+03
1.734726365744665827e+03
1.641683330197585974e+03
1.565997113793486506e+03
1.536587549303404558e+03
1.755737663571908797e+03
1.594643294685031151e+03
1.437100917044758262e+03
1.724754820653215575e+03
1.478886743736889684e+03
1.639051389183262472e+03
1.483599451249895083e+03
1.501503682418317112e+03
1.504569754556986481e+03
1.622808431833859231e+03
1.493855698976352187e+03
1.592915318923837276e+03
1.521826257766921117e+03
1.599681774376651219e+03
1.652705711206403066e+03
1.663887676877348667e+03
1.469061632163028435e+03
1.569763563891272042e+03
1.576140043098019760e+03
1.727606828688630685e+03
1.610312602254368358e+03
1.462361562498180319e+03
1.475260291093696196e+03
1.579678696301767104e+03
1.776449321315614498e+03
1.559608440140266111e+03
1.541490897936997044e+03
1.580583887372798472e+03
1.478904629693207198e+03
1.695320206552637956e+03
1.631091208175875636e+03
1.694214956640395485e+03
1.806413484770630021e+03
1.672501167418094383e+03
1.747342536000345717e+03
1.758037753060819114e+03
1.607008611286485120e+03
1.648885133135275055e+03
1.703420630459754420e+03
1.831549254014127200e+03
1.782757899462831119e+03
1.776385412334031116e+03
1.753329585595200797e+03
1.675406796624922663e+03
1.645159882995634916e+03
1.686184868997061130e+03
1.718918763866881136e+03
1.930498321914594044e+03
1.668973694742442376e+03
1.651511873465306962e+03
1.850469532635946507e+03
1.704131450395332195e+03
1.550523897852622213e+03
1.706348147030488690e+03
1.777596061784865697e+03
1.689111004929896808e+03
1.879103065464552401e+03
1.717735271974789157e+03
1.730862737199963931e+03
1.737994894524690153e+03
1.673215118603625115e+03
1.763016465844062850e+03
1.621305588132491266e+03
1.620662204295700576e+03
1.860281204952225835e+03
1.685236391936525706e+03
1.771177593879438518e+03
1.867630287020414698e+03
1.753226240081143942e+03
1.588917816199267691e+03
1.714013080716285685e+03
1.719460545094243344e+03
1.790038350409613031e+03
1.809032553938138335e+03
1.803717488016994139e+03
1.722715217408194349e+03
1.854553763534446716e+03
1.862568150376046106e+03
1.775896640473992875e+03
1.814107647327833774e+03
1.725238830031767520e+03
1.775269317569312079e+03
1.806670306009160640e+03
1.734730540628124345e+03
1.739015726396351511e+03
1.713008013546914526e+03
1.867586113296872554e+03
1.979653066271306670e+03
1.759663443273613211e+03
1.739613219827743933e+03
1.733470822059445709e+03
1.829449914343315868e+03
1.811217375678049166e+03
1.572654304565682196e+03
1.721768708304650318e+03
1.687990068198511153e+03
1.794550969663526530e+03
1.802249510017184321e+03
1.679171577020746554e+03
1.665939334951522142e+03
1.583831209375573962e+03
1.680831444771867609e+03
1.378130656204184334e+03
1.888808586509652059e+03
1.745101092449628595e+03
1.592976519222802835e+03
1.851243954920739498e+03
1.744014619898824549e+03
1.731966512706473168e+03
1.510061124222525905e+03
1.696279724794825142e+03
1.829772110062813681e+03
1.670864203365394360e+03
1.663791273743516513e+03
1.291739865349065667e+03
1.791893117292201850e+03
1.656946431046995485e+03
1.567009358381709717e+03
1.660982398794495793e+03
1.830003963472690657e+03
1.758955370457087611e+03
1.667095455361064751e+03
1.642870434590686727e+03
1.545352526673160810e+03
1.493060271200996340e+03
1.538330095687563698e+03
1.401670947671744671e+03
1.730995234926816920e+03
1.875493608770442734e+03
1.791840406334467843e+03
1.663828733193044400e+03
1.542483579169226914e+03
1.625311515470055610e+03
1.601887120643629714e+03
1.608263568838756328e+03
1.614791456615889274e+03
1.511547865119059225e+03
1.948732727018441665e+03
1.628328759083964997e+03
1.685034144937504607e+03
1.566782154294251995e+03
1.882016808132553706e+03
1.754780549230031056e+03
1.632193928098226479e+03
1.556043497162785570e+03
1.868627260779482867e+03
1.796667079086651938e+03
1.707303764774396768e+03
1.725760992271501209e+03
1.454154127571069921e+03
1.832102594644524288e+03
1.858097618035213600e+03
1.927643178052405801e+03
1.487761959352605572e+03
1.952483952455893814e+03
1.608269437090903466e+03
1.429287406722751257e+03
1.543761249371124677e+03
1.591599198576741856e+03
1.773381768276580942e+03
1.452819817318872083e+03
1.563767855810727042e+03
1.552240057107564553e+03
1.356442315681521222e+03
1.582740507699553973e+03
1.362273930677441285e+03
1.754545337416700022e+03
1.629072342837013366e+03
1.272108274939036392e+03
1.461049546785721986e+03
1.078019586510499721e+03
1.357447340473646818e+03
1.410589767951517615e+03
1.488247808183862617e+03
1.393213515864604005e+03
1.395174669302837174e+03
1.254964382385319368e+03
1.578906142737589562e+03
1.276763348941427012e+03
1.228620769248936085e+03
1.746602662840072071e+03
1.748576510159094141e+03
1.315098063710239558e+03
1.162653903114473906e+03
1.247952117296582855e+03
1.318531909456289668e+03
1.776449170925793396e+03
1.180133237627965400e+03
1.439279534431132788e+03
1.598811469725325651e+03
1.214211065487945916e+03
1.382500973104153900e+03
1.363306791132290755e+03
1.249959530996579815e+03
1.162259120535356715e+03
1.372361789898935967e+03
1.798163875969261426e+03
1.694368065067129010e+03
1.410692722593042618e+03
1.217452980906577750e+03
1.128345921156594841e+03
1.335471994806208386e+03
1.378345566090498323e+03
1.100213061810566160e+03
1.292236265355672685e+03
1.326319264704970010e+03
1.273101695657714117e+03
1.364651650311524236e+03
1.139187470993373154e+03
1.314804364689037584e+03
1.489237132871824770e+03
1.402212950253465351e+03
1.414759271923325741e+03
1.310481832242892324e+03
1.577111450153283386e+03
1.462787833102190234e+03
1.403471313500996303e+03
1.314156763474724130e+03
1.172328163488366272e+03
1.523323857197088500e+03
1.369294070635205571e+03
1.160076248619332773e+03
1.483565585959331656e+03
1.404854076009737355e+03
1.300482606037320465e+03
1.381931116989703696e+03
1.518460244725066104e+03
1.480240374933905741e+03
1.355735504731291712e+03
1.666625071762005518e+03
1.443929532272059078e+03
1.682447638922051283e+03
1.517297095437998451e+03
1.866384440960774100e+03
1.549596484388362342e+03
1.453477675078229822e+03
1.599984672168636052e+03
1.480505860947127076e+03
1.556463183200638468e+03
1.772339212420872173e+03
1.518880415758157369e+03
1.457117169330210800e+03
1.589302189984490496e+03
1.355171855619062171e+03
1.294612972457194928e+03
1.266886306519796790e+03
1.428418331801985687e+03
1.323847498687317966e+03
1.548754842527689789e+03
1.735970336074683246e+03
1.827764049300115403e+03
1.414733772903088493e+03
1.377200969668506332e+03
1.297932904945590735e+03
1.489393594947629026e+03
1.338091930880803375e+03
1.341979018278704416e+03
1.629600305395499618e+03
1.388780294124918328e+03
1.816534986934643257e+03
1.692463511620891040e+03
1.545584069062027538e+03
1.349881439307524033e+03
1.520250272562752571e+03
1.307371968546071230e+03
1.594657301857893799e+03
1.272715893447043072e+03
1.464439763594358737e+03
1.709884758393013726e+03
1.468940736839189867e+03
1.482508726466480312e+03
1.376479046809154170e+03
1.290667474011750528e+03
1.627073141240084624e+03
1.395263195194827404e+03
1.508937054536164851e+03
1.775052061565621443e+03
1.653717614617985873e+03
1.324496318717593113e+03
1.464090852673490190e+03
1.334525811530013016e+03
1.442129573953880254e+03
1.654806025037517884e+03
1.341464239433280682e+03
1.294652061082030286e+03
1.316896680274411892e+03
1.546480432288990869e+03
1.358219432012365814e+03
1.519975392754060522e+03
1.195987017703689389e+03
1.367671090980623831e+03
1.312660623148718514e+03
1.417583027403452661e+03
1.567267423288288228e+03
1.180703893974791526e+03
1.474579840276614050e+03
1.226588378245896138e+03
1.309292813016700165e+03
1.602618299352174972e+03
1.483792446900034975e+03
1.502143951688802645e+03
1.486392794796949602e+03
1.711459930996531284e+03
1.337545198349710063e+03
1.168238014273743374e+03
1.430262144564490427e+03
1.367356694475824725e+03
1.218284830174347235e+03
1.207566868589432715e+03
1.104086895520422331e+03
1.380966932008989716e+03
1.245341513423835750e+03
1.216385757106241954e+03
1.391078613368676997e+03
1.168478638887187572e+03
1.244222926298067478e+03
1.366258260797132152e+03
1.409896873957075286e+03
1.441278733078900586e+03
1.433487156608819532e+03
1.505891971748189462e+03
1.340711239528803162e+03
1.411501094697708595e+03
1.393443170140795246e+03
1.392269361986242302e+03
1.423780501122464102e+03
1.280912627993183150e+03
1.212384199199617569e+03
1.349198249506222510e+03
1.436274239674162118e+03
1.329522998192210025e+03
1.412383381890986129e+03
1.310856802793069164e+03
1.400952562182885231e+03
1.527665149937295837e+03
1.459012380643844153e+03
1.388225997417153849e+03
1.558247919454759085e+03
1.636340663047901671e+03
1.717726652220271490e+03
1.672588144615266856e+03
1.589695818335379045e+03
1.438545150755587429e+03
1.466969511557471606e+03
1.530060450807020288e+03
1.480313855058214358e+03
1.582200797286400530e+03
1.526324910483828489e+03
1.443072698828175362e+03
1.573590268993326163e+03
1.497310785008716721e+03
1.659872192686645576e+03
1.636132456731203320e+03
1.493805377615069574e+03
1.477621201065806417e+03
1.579859371474556383e+03
1.503480184062015724e+03
1.647890033005805662e+03
1.590946562789802329e+03
1.507228885120130144e+03
1.560036904314622689e+03
1.514576856513911935e+03
1.624302578217444534e+03
1.701465871994135796e+03
1.588738459849928859e+03
1.596515445470705345e+03
1.547988001262637226e+03
1.690317045251427317e+03
1.597073096916484246e+03
1.467716600543519235e+03
1.634910536236664711e+03
1.506931807958203080e+03
1.554251323167383589e+03
1.518630147223540007e+03
1.667028019425446928e+03
1.464907808098326313e+03
1.661427656817627621e+03
1.513558026016512713e+03
1.596062931947862808e+03
1.424511977148752976e+03
1.525374097157879078e+03
1.156647501899617055e+03
1.678878614416329583e+03
1.069913314597583849e+03
1.493630060131837581e+03
1.614611643318426331e+03
1.604747875886999736e+03
1.465360462683145670e+03
1.498441589639736321e+03
1.485042378835301861e+03
1.521668359909877609e+03
1.478019928099926801e+03
1.549538113219450906e+03
1.528600327769286423e+03
1.465400680561669333e+03
1.583237585451140149e+03
1.574612535876006177e+03
1.276899520157834104e+03
1.437146674797372498e+03
1.594757728798047765e+03
1.520442612896722721e+03
1.470945317201764510e+03
1.459482699483289252e+03
1.410911512274325787e+03
1.562371459260463098e+03
1.615473887297240026e+03
1.545159501813682482e+03
1.415259128599599990e+03
1.506875065172226414e+03
1.594109252895955933e+03
1.544494781004100787e+03
1.691133224975068742e+03
1.464768405635319141e+03
1.654244497757565114e+03
1.567193694535510758e+03
1.528506721765308839e+03
1.530452739509919184e+03
1.599356922118475268e+03
1.538941175534150716e+03
1.645182027295747730e+03
1.637493483353921420e+03
1.490732001091443863e+03
1.637122688693970076e+03
1.586004028695102534e+03
1.644499525247080555e+03
1.497033952257047986e+03
1.610421182313602003e+03
1.578596482295403803e+03
1.472715129560022206e+03
1.571205911657600382e+03
1.504106250468594226e+03
1.598572856626838984e+03
1.458147251567619605e+03
1.430211024131421709e+03
1.561062180938141864e+03
1.477487408852304952e+03
1.542107692573513759e+03
1.475761418820271047e+03
1.529461884975675275e+03
1.334323127233054038e+03
1.375759399723046045e+03
7.156201456190148065e+02
1.389210438975706211e+03
1.332396873229248058e+03
1.475137347788657507e+03
1.428070752999687329e+03
1.479273452841052631e+03
1.281684377062606927e+03
1.451223022665613826e+03
1.329116052922304334e+03
1.319203926209021574e+03
1.424656723550065635e+03
1.558302630180943424e+03
1.437219276211922306e+03
1.535902604514340965e+03
1.454566029016176344e+03
1.526851891479528831e+03
1.544984511831587270e+03
1.515001111642796332e+03
1.469156625238276547e+03
1.471685181567399695e+03
1.487981628786887995e+03
1.424526211152169253e+03
1.419585338899212047e+03
1.476162066475244728e+03
1.489370336002110889e+03
1.591496860156725688e+03
1.558914128559484197e+03
1.446445517858870971e+03
1.554403369756664688e+03
1.443250151103040935e+03
1.423275847265908851e+03
1.428289382397525515e+03
1.486001585858991348e+03
1.468178143565629171e+03
1.461866348955097010e+03
1.497758972918603376e+03
1.368647855261451696e+03
1.470811558746172295e+03
1.580299913786108391e+03
1.473120302347981806e+03
1.577723705411043056e+03
1.370597142514591724e+03
1.365324400040239425e+03
1.518352407038264573e+03
1.602384664487682130e+03
1.522320844267879920e+03
1.485933936986658409e+03
1.511760635645066259e+03
1.616518173268419332e+03
1.485042911895767020e+03
1.426638357260481371e+03
1.500600659531853125e+03
1.536515500026808922e+03
1.438331184919603857e+03
1.518492887725075434e+03
1.598861613859375666e+03
1.547628388477180806e+03
1.671235853417353155e+03
1.682435148631345555e+03
1.619087953170628225e+03
1.563758574512419273e+03
1.534263313333270617e+03
1.548852900713545296e+03
1.488128143361655475e+03
1.542214838665820253e+03
1.697542541091934709e+03
1.546157619835211790e+03
1.481926466712631282e+03
1.516301248477119088e+03
1.457578664289724429e+03
1.687316616010431972e+03
1.545693386614193059e+03
1.752351319721830805e+03
1.572926514712150720e+03
1.599391161911762538e+03
1.634592465340152785e+03
1.674015865972617576e+03
1.658702559294595630e+03
1.463247211683375326e+03
1.648940771828947618e+03
1.570559639392704867e+03
1.507535165876857718e+03
1.632209475172295924e+03
1.469138119460108783e+03
1.432671633463946591e+03
1.505739086136585911e+03
1.576190782710493750e+03
1.500964074356985066e+03
1.398291805394121184e+03
1.485540107779372647e+03
1.553602832105389552e+03
1.608844061415594751e+03
1.613733396028559810e+03
1.609640013507927051e+03
1.579388462119046153e+03
1.555705967503644843e+03
1.547225528649155876e+03
1.640700454481187762e+03
1.472305990575548776e+03
1.409728389282593071e+03
1.615175582153245159e+03
1.570909068390760012e+03
1.495419172759793810e+03
1.427932171094715159e+03
1.738508333675673839e+03
1.328315325832051712e+03
1.475986105800342102e+03
1.585590295746120091e+03
1.587741204979790155e+03
1.300851469472154349e+03
1.354382045119230497e+03
1.464409401073480694e+03
1.499391064507388364e+03
1.408113844156032428e+03
