-1.295010412194541914e+03
-6.406773336870004414e+02
-6.613555832597021436e+02
-7.156271006277198694e+02
-5.489118249122441284e+02
-6.174160391104052223e+02
-9.632610268359883321e+02
-7.052336169230009091e+02
-5.799135861545564694e+02
-5.886033889289446961e+02
-6.973989432946032139e+02
-6.416791121816536361e+02
-4.627231481906082422e+02
-5.647528687178515838e+02
-6.162919132832631703e+02
-6.482528348827121363e+02
-7.728594812906412699e+02
-6.366091221354121217e+02
-6.561850130033991491e+02
-7.337691071744424107e+02
-5.860637941440845680e+02
-5.927964432721579442e+02
-6.449720004295461422e+02
-6.262522799978535204e+02
-5.695276250666020132e+02
-7.091500582620932391e+02
-5.445531420669283307e+02
-6.194866050918051315e+02
-7.364423771937679248e+02
-6.476518724693693230e+02
-7.408117802573258359e+02
-6.867916313110268902e+02
-7.157415653096028336e+02
-1.002936490526923535e+03
-7.839694944209918503e+02
-1.135129575933074648e+03
-2.132113364112346517e+03
-1.653213152127507101e+03
-1.055984498914766164e+03
-9.056474610291534191e+02
-1.046121597573471036e+03
-9.363619287752893570e+02
-7.680926503745617993e+02
-1.073976021834255789e+03
-7.900991599195392610e+02
-9.851955780847004007e+02
-9.275312609003373154e+02
-1.101388203050887569e+03
-9.466960174115398559e+02
-9.310463066688903382e+02
-9.752496102860545761e+02
-1.123336272164806815e+03
-1.000080731199702086e+03
-1.224391823542307066e+03
-6.030329226864205339e+02
-1.250758923550696636e+03
-1.123505897945429979e+03
-6.178334698815848469e+02
-1.108472013536848863e+03
-9.820025429330021325e+02
-1.097259648132726852e+03
-1.091223344383236054e+03
-1.092806034067194787e+03
-7.320918851145440840e+02
-7.416143049637976219e+02
-9.178799272911506932e+02
-9.487320189004780104e+02
-9.330108769587966435e+02
-8.748552254433002417e+02
-1.125445506350564983e+03
9.695703675876015382e+01
-4.343595412388149839e+02
-1.077240966619763867e+03
-8.893633204231971376e+02
-1.703176495165453844e+03
-1.078035444915033850e+03
-1.182108505618614117e+03
-6.401537928482390498e+02
-1.210999452938371178e+03
-1.462142579598565362e+03
-8.138033864544751168e+02
-6.681079921265501298e+02
-6.980418465110418538e+02
-4.881764330750513068e+02
-6.716375998151449949e+02
-1.357415854675202127e+03
-1.246792151127869602e+03
-1.195765489288105982e+03
-1.010308768864505623e+03
-5.330041453617155867e+02
-9.567816844096503246e+02
-1.939267803049008080e+03
-4.601985568542680767e+02
-5.582264665392300458e+02
-4.091180230727927096e+02
-6.062889822086214053e+02
-8.177750431034967278e+02
-3.740327089667197242e+02
-7.000348070755461549e+02
-6.922846517332855001e+02
-9.093673213193208085e+02
-4.816701617756591531e+02
-7.112705519550308964e+02
-9.043788543469740944e+02
-9.305778077835395834e+02
-7.208983286830433599e+02
-6.964450600195377774e+02
-8.045709851455145554e+02
-8.506003854242114812e+02
-6.365201973635713557e+02
-4.983711670988024593e+02
-1.100868464007247212e+03
-1.706243437349898841e+03
-6.099710520557898690e+02
-3.928506750919140700e+02
-8.895747647332947281e+02
-2.727528020824037412e+03
-3.663611637634566591e+02
-6.919167676818991595e+02
-1.188313298018558498e+03
-7.697964769045374851e+02
-9.639721946407936457e+02
-1.512343032396937815e+03
-8.301995286354289192e+02
-1.047632498510048208e+03
-8.485561364909866597e+02
-1.105925700883949048e+03
-7.978772746013854658e+02
-1.422437293248683773e+03
-4.517815124114798095e+02
-1.004282495517993880e+03
-7.914328650224904322e+02
-1.464728202007511072e+03
-5.515446882574176470e+02
-7.987691024949316443e+02
-3.288043768060181264e+02
-7.480791703797389118e+02
-8.061939940580173243e+02
-4.550083356996814246e+02
-7.238838970532884787e+02
-4.522361964062969264e+02
-8.006878785981236888e+02
-4.826240551094991247e+02
-5.641206536230073425e+02
-7.069434848130651972e+02
-6.946087547399365576e+02
-7.093514827928477189e+02
-2.653089933926434014e+02
-6.492415796523558811e+02
-8.481557223653801429e+02
-4.952889571944455156e+02
-3.960200959601038448e+02
-5.655550953557420826e+02
-5.250040543236787016e+02
-3.184086045686844955e+02
-4.418372809364985301e+02
-3.845408665515534494e+02
-2.491281463551189859e+02
-3.245208453774549753e+02
-1.103903090583851963e+03
-2.945193869473570203e+02
-1.209792582224648413e+03
-2.973637213911711683e+02
-5.433323868556010439e+02
-5.268722882464018085e+02
-1.150252258643263758e+03
-6.210992564095083708e+02
-1.161489263373651966e+03
-5.638131564876357515e+02
-1.499681530932025908e+03
-3.112557588150716015e+02
-7.864646297170645539e+02
-3.105152542333059955e+02
-6.697959373386721609e+02
-4.241751847670223015e+02
-5.714969393721949018e+02
-7.505001210589931588e+02
-6.051608594413771698e+02
-9.139935550136463007e+02
-5.424599957110003743e+02
-6.062520976612190680e+02
-3.106129446128553582e+02
-9.152970008666839021e+02
-1.220993471352800952e+03
-6.902575380972298262e+02
-5.899270538332871183e+02
-6.788911390189131225e+02
-5.541420051877449851e+02
-5.892372260652791738e+02
-4.874195029774218710e+02
-4.246136213349391255e+02
-6.696711714810472813e+02
-3.995343781418397384e+02
-7.431400351889443527e+02
-5.379838942685671555e+02
-7.711400273080820398e+02
-8.746409821416037857e+02
-1.657223417732000826e+03
-4.731558549715944650e+02
-5.548900266081425343e+02
5.298224501944195026e+02
-1.659292284584914569e+03
-1.141304091022343755e+03
-3.305207407103766855e+02
-8.335108835463366859e+02
-5.170160171737759356e+02
2.140318489629323153e+02
-3.008514820412675022e+02
8.930413213940859123e+02
-1.009723038571731536e+03
-7.214189821569087826e+02
-5.849868386003950036e+02
-9.239779332664563753e+02
-1.427349130297803868e+03
-1.583685238371382184e+03
-1.169806786913424730e+03
-1.195074188541419062e+03
-2.219352710194422684e+02
-1.070114734377745435e+03
-4.295438069210972003e+02
-2.238110406089510604e+02
-1.307364482699527798e+03
-1.406751279201638170e+02
-9.896583915367202735e+02
-5.590219940989583165e+02
-8.981436569654553068e+02
-1.117149259735692340e+03
-5.803536861272961005e+02
-4.614539899221172732e+02
-2.249316295648422397e+02
-2.207671075627754817e+03
-1.066577037960508960e+03
-4.105684023550608117e+02
-3.419172197847540247e+02
1.810102492457604484e+01
-4.296314287533255651e+02
-5.218897957587853398e+01
-1.875037559015595434e+00
-4.079476230427115979e+02
5.981225295041036816e+02
-4.550747809410620448e+02
-6.092154714347459503e+02
-4.755600418779989127e+02
-3.292946746849879105e+02
-1.524246732568164816e+03
3.669342875450728911e+02
-2.652948471783112723e+02
-5.077366901647452551e+02
-6.713096810255984792e+02
-4.780948735659735576e+02
-1.362459586748444735e+03
-1.065220105329140551e+03
-1.287224352342151406e+02
-5.443053369284459677e+02
-1.743860422390150688e+02
-4.898814413461845447e+02
-3.430498412830295933e+02
-1.450156382468700940e+03
-1.078164400964487186e+03
-8.422838557152820158e+02
-3.872145729995863235e+02
-8.827050520972104550e+02
-1.253471812799551572e+03
-3.575489077102157580e+02
4.741394232345081718e+02
-1.252360706138068736e+03
-7.419585680774189314e+02
-5.456445626789072776e+02
-4.600873376562548174e+02
-7.426836651704390988e+02
-2.675412392552537312e+03
-1.470541565931947844e+03
-2.184240954285203884e+02
-1.307663289657622556e+02
-4.233357695859936598e+02
-4.094140484144006678e+02
-9.526338604045500915e+02
-1.262068635083256368e+03
-5.748762620747302208e+02
-3.658371795212509028e+02
-9.089625834216617477e+02
-1.420921336675748762e+03
-9.039765713148143504e+02
-3.398238333262847846e+02
-2.990589329281881703e+01
-8.125774526933184916e+02
-1.606576137652613397e+03
-1.141512976627043145e+03
-9.201874576881488110e+02
-2.300149525043072458e+02
-4.090990320831114673e+02
7.123996686959060298e+01
1.945416465948245559e+02
-3.808664417724525038e+02
-1.954434050280597830e+03
-3.936859686373105092e+02
4.437599128247265412e+02
-1.584522903210616960e+03
-1.186096609529010664e+02
-4.964486864271626700e+02
-1.056531348689404695e+03
-7.207347260495665751e+02
2.813271414594793214e+02
-9.157743377704750856e+02
-6.387955891873954215e+02
-1.029544483259106073e+03
6.430002833671707094e+02
-1.698428667203558916e+03
3.863986926937141106e+02
-2.141673995749047208e+03
-5.474919769982680009e+02
7.609384259176539445e+02
-1.138917688068947655e+03
8.013506914873462392e+02
2.286993671285198673e+02
-2.772300240252473031e+02
-1.040989158288176668e+02
-2.721962853167589174e+02
9.687265188107634231e+02
2.569013761099261615e+02
2.609102702885763847e+01
-3.944948504408027929e+02
3.587611016158965640e+02
-4.129321579211917310e+02
5.474398277548309011e+01
2.624113577309051948e+02
9.189483207192113241e+02
-3.146942249090689643e+02
7.939780722810193083e+02
-7.289941034152886914e+02
8.870089601773452159e+02
5.531565660636708799e+02
3.067347296469287130e+02
7.524826727816698622e+02
2.391176366405976239e+02
-4.174305519811261433e+02
2.396441488892964173e+02
2.407607351540203808e+02
8.734697162146596838e+02
-6.669040922080266398e+01
2.551907880454760686e+02
3.119028213371515790e+01
8.523219109454736326e+02
9.124982954205417229e+01
3.640554764055667647e+01
1.554526707422267293e+02
8.391906979598047656e+00
7.328901226571414327e+02
3.511143191190533344e+02
3.887569498139386042e+02
-6.652766020609701059e+01
-7.427882388896925931e+02
-8.660935210345144242e-02
4.273302444873818331e+02
-1.208905908744262206e+03
3.145945405249300819e+01
1.368076861064486138e+02
3.692133376056283396e+02
-6.582492616629721169e+02
1.706163412683042395e+02
4.383461099379825896e+02
6.096431304183238353e+02
-1.210312068365412870e+02
6.799188042108421541e+02
8.389007634622976184e+02
8.296399952826399158e+02
-2.264157460592842881e+02
1.059990971796198892e+03
9.715355504775399140e+02
8.912691116713098154e+02
7.673733904875908820e+02
7.580611600601594091e+02
8.741201840826429361e+02
1.106426773696647615e+03
8.929019987507043652e+02
9.047727853292533382e+02
1.204956971915505164e+03
7.023875826504395263e+02
1.049762871783758555e+03
1.560196462789453108e+03
1.285378195991856956e+03
1.266991672250758938e+03
8.960145691503604439e+02
1.006947365616749494e+03
1.181586638333368455e+03
1.138131705935315040e+03
1.259721310947160191e+03
9.559989203490561067e+02
1.052320029445337468e+03
9.750896058077702264e+02
1.161614515410651848e+03
1.286985103561971755e+03
8.537860330546077421e+02
6.860138783669563054e+02
1.397677583005629913e+03
9.567230041580658053e+02
8.021290554454941457e+02
1.302529532592754094e+03
1.047968967072797113e+03
1.177942469292606120e+03
2.673533442345182038e+02
1.021024803356028087e+03
1.045170325027766467e+03
1.113978021020725009e+03
7.696721798832746799e+02
7.744672939018141733e+02
9.133248263956190840e+02
3.790882061092556228e+02
1.066914005823539810e+03
5.477074489091896794e+02
9.022590611632733726e+02
1.135410262570277382e+03
1.215162265027255216e+03
7.435443537813631565e+02
1.220746097043348072e+03
7.754817516905382035e+02
5.374878680431306748e+02
9.017005811600765810e+02
5.303790959653784967e+02
7.446166035682431357e+02
8.808363024405075521e+02
7.470457538151429162e+02
8.069514665039707779e+02
8.277863934965793078e+02
6.322681876011830582e+01
7.614473072368530211e+02
7.499749518403634738e+02
6.288811465300128702e+02
8.277213463626889052e+02
3.173535148691830159e+02
7.287256195015220328e+02
4.940765033965319617e+02
5.756218443125720796e+02
-3.693865017678555773e+01
3.459831218844307728e+02
-9.215011828192007215e+02
2.016295407032022524e+02
-7.124106250491181527e+02
-4.321227398040723529e+02
-9.549211810770996181e+02
1.635483756850331361e+02
-1.447115037575987984e+01
-3.324864047861267125e+01
2.414852212765001127e+02
-1.085624975257750293e+02
-1.079128189190019611e+03
4.306176521791644518e+01
8.460447025223078299e+02
9.165555671436272860e+02
1.058223219550725844e+03
1.206561120983263663e+03
1.223828684832639965e+03
8.400499881611227693e+01
1.143511226832812554e+03
8.362715291252602583e+02
7.754411424902835961e+02
8.503131081761613359e+02
9.910286214234930640e+02
8.482163094728462056e+02
1.034120867867481593e+03
1.018205960593296368e+03
-2.912737779349250786e+02
7.622086705788894960e+02
1.003186610587587097e+03
1.453229087033153746e+03
8.212877159123904676e+02
4.138713842838120627e+02
1.293538644220901006e+03
1.484851617016553291e+03
1.076046243612935314e+03
1.203975733106832422e+03
7.542329105235507996e+02
1.217108436011639469e+03
-1.087515805759372370e+03
8.941329272114834339e+02
1.055931374559081178e+03
1.156975041523871596e+03
1.458390957256599734e+02
-6.458089101929928688e+00
1.224228673423310283e+03
5.506803080498385725e+02
-4.474262816488722478e+02
1.003498319961379593e+03
1.934172298691967171e+02
6.905846162965332269e+02
8.940734678480761204e+02
-8.564699839870287690e+01
1.231662154834158827e+02
-2.643170843091177744e+02
1.186183551813941449e+03
-6.941155366846741970e+01
1.480647850863570966e+03
1.446309324479911993e+03
1.127747838135254881e+02
-7.374758704451378435e+02
-1.329318879353503746e+01
8.861683580639117963e+02
-1.500332693958385732e+02
1.093161266898193844e+03
1.155784120128947279e+03
1.245865516508513110e+03
8.587667696661616219e+02
9.942392293624167223e+02
9.575167938458158687e+02
1.407403265634790387e+03
1.146916622840316364e+02
1.351522069519445211e+02
9.666712111794058160e+01
9.329236231992465491e+02
3.160994121654961191e+02
9.281257187142588236e+02
5.155258225289436496e+02
1.579583046003518348e+03
6.546184276064038841e+02
8.963458835591675324e+02
4.221948153726220880e+02
1.364266447584347134e+03
1.766156491550309056e+03
5.050928066289106368e+02
1.820215396775665795e+03
1.402167992778888447e+03
7.952081857268567546e+02
1.648375490346019205e+03
6.970504152870927328e+02
1.588311625704731796e+03
8.399687294995210323e+02
1.894787213601761323e+03
1.457294477021496277e+03
1.694169957983436007e+03
1.284048412290255783e+03
1.070611411102559487e+03
1.378360960112444218e+03
1.324078533713899560e+03
1.113051342166781751e+03
1.239697671042920092e+03
1.359953405559738712e+03
1.269605473393308785e+03
1.256211324229657748e+03
1.378260550424613029e+03
1.245231528987099864e+03
1.593317847524790068e+03
1.153602548933636854e+03
1.172380780402450000e+03
1.118820552319572244e+03
1.208810200138169421e+03
1.199558979546427508e+03
1.160443521418784258e+03
1.131456166957441610e+03
1.179302002993761562e+03
1.211160335832341389e+03
1.273934173881980541e+03
1.136858081290166183e+03
1.231010947550932769e+03
1.037554703768575109e+03
1.297988097380179852e+03
1.315411112128165087e+03
1.347712428916317549e+03
1.182283468286174639e+03
1.237154130793865079e+03
1.174205869363738429e+03
1.210222501138055350e+03
1.107094464910899205e+03
1.240639079280164196e+03
-6.978685385524835283e+02
1.435050043882979253e+03
1.356423071595947476e+03
1.269156420514907040e+03
8.976160401080163638e+02
-6.142651759071627566e+02
1.096760511344217548e+03
9.269959319185289814e+02
1.319190876044628112e+03
1.068203967330504838e+03
1.322573767898325514e+03
9.202383218640947007e+02
1.030014295525079660e+03
1.079368496402007622e+03
8.453769921787446719e+02
7.083488630963961441e+02
7.741351844521346948e+02
9.258730646261267339e+02
9.671080624052328858e+02
9.621377475504899621e+02
8.241364433070338009e+02
7.287001896987663940e+02
9.037366530652020629e+02
9.664104362526707064e+02
9.313668769367507139e+02
8.776873694494044003e+02
9.305324546798747178e+02
1.136842228910491031e+03
9.786640930942911609e+02
8.436476684291020547e+02
1.028172913544371795e+03
9.671692764974652619e+02
1.209386196349197462e+03
1.037873695029932605e+03
1.022474351375962669e+03
1.094154625527437020e+03
1.147570284036925841e+03
1.386726904482185091e+03
1.013618683558101111e+03
1.011996606472575422e+03
1.250488350030219408e+03
1.234865807491384885e+03
1.087004871140914247e+03
1.254730548849327079e+03
1.095065863861982734e+03
9.576427085992454522e+02
1.173171931788347365e+03
1.101296661423238220e+03
1.045321938278478683e+03
9.568331031445093231e+02
1.037706015376795449e+03
1.217039046384222502e+03
1.167465426909311873e+03
1.296991257639524520e+03
1.034969002121807080e+03
9.735731142682749351e+02
1.071415156569410556e+03
1.266930035257057398e+03
1.071539684754641485e+03
1.107441057213211934e+03
9.812405531318893281e+02
1.015891614391396956e+03
1.010933527795931809e+03
1.158969558965910437e+03
7.751486721235655750e+02
1.048460871156670919e+03
1.062337247319170956e+03
1.364854835192902328e+03
1.201370761911314958e+03
1.146468597733432716e+03
1.433069614167211284e+03
1.300599722537383741e+03
1.259822012935951534e+03
1.273692896770735160e+03
1.151305470883196676e+03
1.237481466740140149e+03
1.090088327967440364e+03
1.255459278922451631e+03
1.290665207618330442e+03
1.078146790965965920e+03
1.337186507067440743e+03
1.274307714734166893e+03
1.295203604752137153e+03
1.495935023540062502e+03
1.268636369725090617e+03
1.215654690452686964e+03
1.334030739496762862e+03
1.514941857911236411e+03
1.468153727700810350e+03
1.301295442135532539e+03
1.110720551735319759e+03
1.371541283879894081e+03
1.496545688082659581e+03
1.442101889031470819e+03
1.179627762379104979e+03
1.216020565740964457e+03
1.433544966575901071e+03
1.136162785900195104e+03
1.198970948981530682e+03
9.327405372391326637e+02
1.178248217075228013e+03
1.222105644368734374e+03
1.176263254130632731e+03
1.321037605610997844e+03
1.070268111002804972e+03
1.232560103892168854e+03
1.393913025531230915e+03
1.113177684293154016e+03
1.183034513833239316e+03
1.053616837769367976e+03
1.166839221588619466e+03
1.386151990363986215e+03
9.438190476393194785e+02
1.298209283812236663e+03
1.206061999332488540e+03
1.268681562448082104e+03
9.628992569899553473e+02
8.440930507934619982e+02
9.964491929928145737e+02
1.151440170761706440e+03
1.363983793545713070e+03
1.160960964549282608e+03
1.108898449140552884e+03
1.171714749432311919e+03
1.269149935147453334e+03
1.180982782772534847e+03
8.916827951706319482e+02
1.238332714926843437e+03
8.616863993934861128e+02
9.250946502513622818e+02
7.510262517259525339e+02
9.131752169348468442e+02
8.131406640294871977e+02
6.702622703534033235e+02
8.775164758781506862e+02
7.862551331968880959e+02
9.651856493139066515e+02
4.483673739011844646e+02
8.354427513019875278e+02
6.302284921300336009e+02
5.834033511072243527e+02
7.031674149974224974e+02
9.832857874744543096e+02
5.569514060448022974e+02
4.607667416605547146e+02
7.446221831858514406e+02
4.855734331787083420e+02
5.742904188908123615e+02
5.285236739077580523e+02
4.887642129672223632e+02
6.115224035336641464e+02
4.663335535983037516e+02
5.970341350717608293e+02
7.738477799387607092e+02
5.360342251995846254e+02
6.530038085523303835e+02
6.290017177325078137e+02
3.542635952546227145e+02
7.554263243167370092e+02
8.296492662096773074e+02
9.228833126696951012e+02
9.212787335307763215e+02
8.002086666914447051e+02
1.017674242642054423e+03
8.155604522859688359e+02
7.123367722808388862e+02
9.972689441212557995e+02
8.182905921741026987e+02
1.106255900398840595e+03
1.191389508249688106e+03
9.662192514695758518e+02
1.038053537530506901e+03
9.929044541278334464e+02
1.094964095407928198e+03
1.182956965004495487e+03
1.056896526964949544e+03
9.994866448310734768e+02
1.010857294159793014e+03
1.200705414736073408e+03
1.095830688623006381e+03
1.177045646680622440e+03
1.202802918684990345e+03
1.220953950528213909e+03
1.062062382744625666e+03
1.267702248896387118e+03
1.177844109811797352e+03
1.254988997816082701e+03
1.399070057604771591e+03
1.163857651089844694e+03
1.174119650354101168e+03
1.172727789160029261e+03
1.378459554391791244e+03
1.164038526576551931e+03
1.487231899969345250e+03
1.075278923518672173e+03
1.388997059581383382e+03
1.275632205314404246e+03
1.463260968352397867e+03
1.122377042474220843e+03
1.020884139582937451e+03
1.227731077852958151e+03
1.266383003124314200e+03
1.174678298893818464e+03
1.058245788386644108e+03
1.074672534444010807e+03
1.229935731902136013e+03
1.224686338600673707e+03
1.397660898622387549e+03
9.413627148169879320e+02
1.154337161329361606e+03
1.282401406080079141e+03
1.202902244151776813e+03
9.916173776634766455e+02
1.237929747603177930e+03
1.132436530959602351e+03
6.405424260387278537e+02
1.060154978736604107e+03
1.108384378521515828e+03
1.126175150828384858e+03
1.201694649525338946e+03
1.169085001075489799e+03
1.425936776421309332e+03
1.280931420195239298e+03
1.327849089651655959e+03
1.306671759474456394e+03
1.242250558374757475e+03
1.233008027821279939e+03
1.179271899047344959e+03
1.217437406083375663e+03
1.217075754616418862e+03
1.355860310432211691e+03
1.354088952493407987e+03
1.311422816291412801e+03
1.091806035230268890e+03
1.215313097447571181e+03
1.156662751612917418e+03
1.255175615553435591e+03
1.620576782250952419e+03
1.126107502336808693e+03
1.199260788607668928e+03
1.311063253704788167e+03
1.242380396770136031e+03
1.440164484192924192e+03
1.313505723346840796e+03
1.062631538610247617e+03
1.020998151136088154e+03
1.084571370531495177e+03
1.255522549038099442e+03
1.085097849153907646e+03
1.108449612911020267e+03
1.282890698702019790e+03
1.323788394326851403e+03
9.390123816758657540e+02
1.070517627126868547e+03
1.306416114402349422e+03
1.391860633090706642e+03
1.253679856776597944e+03
1.116748572767138285e+03
1.299222788501511559e+03
1.340617186425242380e+03
1.310681736724312032e+03
8.880802282449271843e+02
1.179435808702627583e+03
1.442950738101536899e+03
1.435027271701250811e+03
1.015224386249667305e+03
1.123301506927581158e+03
1.152246858431842838e+03
1.244517391328434769e+03
1.301598394391166494e+03
1.325325160212252285e+03
1.415879024449868893e+03
1.304033009832948665e+03
1.238819719006811283e+03
1.218518638742471012e+03
1.261859220353047704e+03
1.058129339567605257e+03
1.111597979607945035e+03
1.255713854157488413e+03
1.234004230138958974e+03
1.310718369409411252e+03
1.297246736134520688e+03
1.496690292455459712e+03
1.151588586991166494e+03
1.369493341068983000e+03
1.383388005440008328e+03
1.349989363004393454e+03
1.235697761769042927e+03
1.292325819379219411e+03
1.431518965217016557e+03
1.301320874150176223e+03
1.357303516830809940e+03
1.400447506635096715e+03
1.402058030836438093e+03
1.225989804162225255e+03
1.385024148054175157e+03
1.147928607596825714e+03
1.277682534710759001e+03
1.124807217609868758e+03
1.177172988063242201e+03
1.207022234640963234e+03
1.314385354464860939e+03
1.326955331726310305e+03
1.136281854959191605e+03
1.220659208479781455e+03
1.122227956148255771e+03
1.159527542736218265e+03
1.028613385895975853e+03
1.143115467115399042e+03
1.050831017838389243e+03
1.036193114383393095e+03
6.480493590073244832e+02
9.573388223428011088e+02
7.167307353831007504e+02
9.297018362610190252e+02
1.001761025551080479e+03
8.258036346299190882e+02
8.708557313306525884e+02
1.016291700695376335e+03
9.175274000634549338e+02
1.010446753714968736e+03
1.099345044394437537e+03
8.671317234720447686e+02
9.221083150528694432e+02
1.137742936811629079e+03
9.996182249580737107e+02
1.021813282646560424e+03
9.753531176946378309e+02
1.081389915476794386e+03
9.085257501765405550e+02
1.244816491829048573e+03
1.122339011160446489e+03
1.177417496214998664e+03
1.223240835692439987e+03
1.241198329119879418e+03
1.108669996587415199e+03
1.148451905797056043e+03
1.135143858371975057e+03
1.051757424380332623e+03
1.142981786646418641e+03
9.777668517701158635e+02
8.995401644186525800e+02
9.545184838859570391e+02
1.135828262124999583e+03
1.017298475829290510e+03
8.834686032159097522e+02
1.333934109940573308e+03
1.207554330771740069e+03
1.132180095839472187e+03
1.186473244666421124e+03
9.586308710025234632e+02
1.201143385275620631e+03
1.306487140711770735e+03
1.188611049371105082e+03
1.191068411601022262e+03
1.143524656592163183e+03
1.039055427432572742e+03
1.135069270183990284e+03
9.733199475675510257e+02
1.190398693372518665e+03
1.005493868590738771e+03
1.265358798769556643e+03
9.331143554856157607e+02
1.006409336129610551e+03
9.878631606622599293e+02
8.305260103331684149e+02
1.200598314542903154e+03
1.253836854595059322e+03
1.290028819436718095e+03
1.084165705352094164e+03
8.893074970193056288e+02
8.629951324520104663e+02
1.397184954679555176e+03
1.051779804311803446e+03
1.182944696291483069e+03
7.603595793568416639e+02
1.455277820024106632e+03
1.360466607068911344e+03
1.205358177905644880e+03
1.350655329774411939e+03
1.259966707950530235e+03
1.374890986677354249e+03
1.113754407765728729e+03
1.376507053759255541e+03
1.311340932540599624e+03
1.307476278630565503e+03
1.513467374237052354e+03
1.416420191513705049e+03
1.441223244277972753e+03
1.306337779628540829e+03
1.195669662310373269e+03
1.495708868018254634e+03
1.351800452097856351e+03
1.349429820766703870e+03
1.350635106219579484e+03
1.458360816231147282e+03
1.349640650645518008e+03
1.147997970100628663e+03
1.449546973037969565e+03
1.327894727417964077e+03
1.478885162085271077e+03
1.265943953765114657e+03
1.200315950782519394e+03
1.540600698080952952e+03
1.311367684316094937e+03
1.407567367510734130e+03
1.256842811727203070e+03
1.356865537232127735e+03
1.386427590001276258e+03
1.468056173618193725e+03
1.477934590603532797e+03
1.384263880471866742e+03
1.392603780743009793e+03
1.474448973074260721e+03
1.322258439974807970e+03
1.416413393066996832e+03
1.301570433090353845e+03
1.430245182474978037e+03
1.391404474373753146e+03
1.318397566290011127e+03
1.361636695472778683e+03
1.307641379967974672e+03
1.358870429954110932e+03
1.334654225579656213e+03
1.390553660559215359e+03
1.389519557301960504e+03
1.390814205711453269e+03
1.496081132406680354e+03
1.444827357020998079e+03
1.200437091266827792e+03
1.373613711950402148e+03
1.332802190263527564e+03
1.266469567018623366e+03
1.302920098028349457e+03
1.515913781079647379e+03
1.503872730564040694e+03
1.485983793925933242e+03
1.443109230384038938e+03
1.312163733260240633e+03
1.299244718998109875e+03
1.516639282887687386e+03
1.457147164847110389e+03
1.374570485830690131e+03
1.355878949358450654e+03
1.296676403857367404e+03
1.556336635995518691e+03
1.421958715480238880e+03
1.365650786374224481e+03
1.528496907051660401e+03
1.401684485332830945e+03
1.590355815475078089e+03
1.253679803228310220e+03
1.288741802782343029e+03
1.361503727563594111e+03
1.426443454715509233e+03
1.275063954194876260e+03
1.492215207405877663e+03
1.265047842834073208e+03
1.359280871536838504e+03
1.352353451270002779e+03
1.291879492754269450e+03
1.426504584269850511e+03
1.229484120552948298e+03
1.324822708429677277e+03
1.297875742691511732e+03
1.423824574306853719e+03
1.189688191334537578e+03
1.489815855550531751e+03
1.411816507909272786e+03
1.656884375382847566e+03
1.435424825075996523e+03
1.396071975460959948e+03
1.241461403166509626e+03
1.355301074364007036e+03
1.367432255426428810e+03
1.247414157935429785e+03
1.585204351321018294e+03
1.198561590456895601e+03
1.597049991075421985e+03
1.350388519090559839e+03
1.398791443247172083e+03
1.485483711969311116e+03
1.169773715516655329e+03
1.482443612288169334e+03
1.453350025506032125e+03
1.382687657338026611e+03
1.461082447612815486e+03
1.397263838808020409e+03
1.164611809823274825e+03
1.379790964359955524e+03
1.299284556141221401e+03
1.167801259076434235e+03
1.383803429873927371e+03
1.498955247804141209e+03
1.379456701683893016e+03
1.292300828183540489e+03
1.112963439894935391e+03
1.030953598474468663e+03
1.052900957243967241e+03
1.222167274170207293e+03
1.087355256417883083e+03
1.292850596438564935e+03
1.176006558784986964e+03
1.125972882394678891e+03
1.106061504488628771e+03
1.269256019460020980e+03
1.391103677446838901e+03
1.263548315331341655e+03
1.300247176811624286e+03
1.376517230706671626e+03
8.866446166479289559e+02
1.447005387864284103e+03
1.283489836447768539e+03
1.401315168277934390e+03
9.942741632421394797e+02
1.323068870014130880e+03
1.156112780134966442e+03
1.397173331411682511e+03
1.160536629079253544e+03
1.459996019426518160e+03
1.387077763237382214e+03
1.394310063376892913e+03
1.377154403608167513e+03
1.217012381179952627e+03
1.362801893765912837e+03
1.397124944296587273e+03
1.357669806209970375e+03
1.419586453622266163e+03
1.211773725909184805e+03
1.545637062186294315e+03
1.638597139784284082e+03
1.408808488464140282e+03
1.643210257431810078e+03
1.255450712254064456e+03
1.410463741736496104e+03
1.604942603960089855e+03
1.520992113636055137e+03
1.517402002665990267e+03
1.522891028226229764e+03
1.524970681795910650e+03
1.517405567932763006e+03
1.650241307906806924e+03
1.442092952929641797e+03
1.377605448885195528e+03
1.512631867200564784e+03
1.436847735874195678e+03
1.336375603726445661e+03
1.141362373942575232e+03
1.311748200266893946e+03
1.258430062909598064e+03
1.428515378874290946e+03
1.325432558953428270e+03
1.429101955156032545e+03
1.039571687020688159e+03
1.268411278807442613e+03
1.116261057671716117e+03
1.394241429475829364e+03
1.355303669667027634e+03
1.503740154215142866e+03
1.410834596589485045e+03
1.395375737211794785e+03
1.277955342118150611e+03
1.492141136205838166e+03
1.237389533199312154e+03
1.434625134953819270e+03
1.260743692597746985e+03
1.537234941461667859e+03
1.238922288346589312e+03
1.546043218071213460e+03
1.460336563470253850e+03
1.114423043316018266e+03
1.258728903597175758e+03
1.343834573218455034e+03
1.201711994355496245e+03
1.418198877345043229e+03
1.179558719959118434e+03
1.205542733095275253e+03
1.075824191276639795e+03
1.271974167534865501e+03
1.316543469935770645e+03
1.171252062674028366e+03
1.105420581156849948e+03
1.130931010410229419e+03
1.362677852651643661e+03
1.007299240338489085e+03
1.239849552119387226e+03
1.189162284749018227e+03
1.122822166013264450e+03
1.273927571930477143e+03
1.115585440208290947e+03
1.290363621647187756e+03
1.150978411460794632e+03
1.083951750747304004e+03
9.874311443201197562e+02
1.002580598927153346e+03
1.271764290304215592e+03
1.195006356349134421e+03
1.116496813213673022e+03
1.277100266514145915e+03
1.178641669337201165e+03
1.249023751580549742e+03
1.339209833241904334e+03
1.138762643635185441e+03
1.086058897128071294e+03
1.129274352473346426e+03
1.223371477136551448e+03
1.154806642520632749e+03
1.153077244164526974e+03
1.188445711153074626e+03
1.134658049925969863e+03
1.081116106557909916e+03
1.217534500764765198e+03
1.202607372057109842e+03
1.483812807660065573e+03
1.059479274156322845e+03
1.306429627538044315e+03
1.136003011498790784e+03
1.146689498757713864e+03
1.304128027892438240e+03
1.197691621115588077e+03
1.355676491066822337e+03
1.486145250250438266e+03
1.477857368711167055e+03
1.404145224101855092e+03
1.320111669646535120e+03
1.335647039804692668e+03
1.320845125080332764e+03
1.365999292321323537e+03
1.227684498702728888e+03
1.161347693930306832e+03
1.290196329567045268e+03
1.316315920565525857e+03
1.347394261907533973e+03
1.496835962642278901e+03
1.232184570870691914e+03
1.404894452384237866e+03
1.399301516168919306e+03
1.370175429640515858e+03
1.606001514010475603e+03
1.357475289850791341e+03
1.436954433573199822e+03
1.461477404286943965e+03
1.442287528425199980e+03
1.326484651434903753e+03
1.534921098567851914e+03
1.472190014059048735e+03
1.564759744016825152e+03
1.815453172199522669e+03
1.604120684122635339e+03
1.571790471360968468e+03
1.804806041852556518e+03
1.434201651369824049e+03
1.617903964147797751e+03
1.585976213668820492e+03
1.508878965637684587e+03
1.587029819851365346e+03
1.615811533019182662e+03
1.415910666187085553e+03
1.655831253756015940e+03
1.749653223285033391e+03
1.590167971478355867e+03
1.548351752291313460e+03
1.526769616885586402e+03
1.418033106259494389e+03
1.369884900078674264e+03
1.362646579988711892e+03
1.670305214750409959e+03
1.507881432211386254e+03
1.432103152633720356e+03
1.581006083298312660e+03
1.673352518345045155e+03
1.625828177283030982e+03
1.723502908092668577e+03
1.314037428080021300e+03
1.437686221913296094e+03
1.573901036463945729e+03
1.494845085394470289e+03
1.582475260168490422e+03
1.629541856483141373e+03
1.686567125680138815e+03
1.520630187714972180e+03
1.511293993600322665e+03
1.505106928782416162e+03
1.595738980666888210e+03
1.462634428803244191e+03
1.359976608740848860e+03
1.798348072666446569e+03
1.413308686144566764e+03
1.483139177381255195e+03
1.672499077433283674e+03
1.709740320332504552e+03
1.737620899598950018e+03
1.548493596565367625e+03
1.590983556537114964e+03
1.500274035849534357e+03
1.633847588475221528e+03
1.470616706912373502e+03
1.455790056975578636e+03
1.614052983851201134e+03
1.442359573511650524e+03
1.703839832384926694e+03
1.503054189634268823e+03
1.567955651489327920e+03
1.651066219301362480e+03
1.797235957209897379e+03
1.539875675803565628e+03
1.562108609978770801e+03
1.570256222984888382e+03
1.613886634235112069e+03
1.761741790896600378e+03
1.530491745173796062e+03
1.559364891962502270e+03
1.699107757789744028e+03
1.495313806936866968e+03
1.440036289784822429e+03
1.387366572649482805e+03
1.496722392663186838e+03
1.424833111510723256e+03
1.559927644291759407e+03
1.443063138222533553e+03
1.525556178509842766e+03
1.667197027211105933e+03
1.717892854618970659e+03
1.502363857700257540e+03
1.543251980429723062e+03
1.382268381600265229e+03
1.465624455008497534e+03
1.437844470307022902e+03
1.520305065402006676e+03
1.392945107960694713e+03
1.452039542685046172e+03
1.521896027316439358e+03
1.384860405027164916e+03
1.510705177613865544e+03
1.420829669633290905e+03
1.479977661065116081e+03
1.610918235953809017e+03
1.595798343645998330e+03
1.376190106717071558e+03
1.403133840275536841e+03
1.790712376874264919e+03
1.477893474351916666e+03
1.484312410862816250e+03
1.490688794397050970e+03
1.444165280061355361e+03
1.426305178274353921e+03
1.631437454589939762e+03
1.420826128826814966e+03
1.526803221793740022e+03
1.478782544423446780e+03
1.488719701453774178e+03
1.228480145124449791e+03
1.354823221638977657e+03
1.351413090503306876e+03
1.573453569399772732e+03
1.751851547801022889e+03
1.401456477803829102e+03
1.641659453704032785e+03
1.679469462000537760e+03
1.286090205677314316e+03
1.421791315945675478e+03
1.419870472989005975e+03
1.596178259234706047e+03
1.481192848006454824e+03
1.565923524035262290e+03
1.433730012129479746e+03
1.667774241423857347e+03
1.440102458218097354e+03
1.485812334309797052e+03
1.570607611065800484e+03
1.594839151140931563e+03
1.410469418269093921e+03
1.409738227399419657e+03
1.487325043292114742e+03
1.365996766206219490e+03
1.345705189918307951e+03
1.547310549239336297e+03
1.363343891504015801e+03
1.380256204099139495e+03
1.715546618668550764e+03
1.583673910445870206e+03
1.560864856536366460e+03
1.549452270287982856e+03
1.571940493047250357e+03
1.681597493432716874e+03
1.503051403512708475e+03
1.486257135239702166e+03
1.317538659530636323e+03
1.452458244349782490e+03
1.680760151836136629e+03
1.377477222571040556e+03
1.332456982541986463e+03
1.429935823828821867e+03
1.396325408829254911e+03
1.405793493406745711e+03
1.341065925130985761e+03
1.452232261373799702e+03
1.336961508462250549e+03
1.368841617381934611e+03
1.571658550498468685e+03
1.279107908681884510e+03
1.413262991831613363e+03
1.601941138707922164e+03
1.409097439417904070e+03
1.319036110757058168e+03
1.338597784385716750e+03
1.383079316330560914e+03
1.433462422225743694e+03
1.351776639018057494e+03
1.310616632925019303e+03
1.565960505097079476e+03
1.247726508397752468e+03
1.410229941525381491e+03
1.371646460068552415e+03
1.311939927715507338e+03
1.461584180642275214e+03
1.304614059783968287e+03
1.353587911607598016e+03
1.438291627317227494e+03
1.413781469856206968e+03
1.450551493752692750e+03
1.356030268582684357e+03
1.456139841933234948e+03
1.467879741818064986e+03
1.450705293330820268e+03
1.378303564222223031e+03
1.514798761045391984e+03
1.416539172517946554e+03
1.525718871844168916e+03
1.461395445572901053e+03
1.522677309094371822e+03
1.259749117177054586e+03
1.455782134147492116e+03
1.245841027360315593e+03
1.446465741144354524e+03
1.231013271857187647e+03
1.254399488333756608e+03
1.462394113885462048e+03
1.371825675947533455e+03
1.420006500802913934e+03
1.398694304774318198e+03
1.439093839987613364e+03
1.399518655324611018e+03
1.420235182608068271e+03
1.435667720482378854e+03
1.488456705345393402e+03
1.270377380479199928e+03
1.483390360835849833e+03
1.394922250468517859e+03
1.443425226014725922e+03
1.333296604088678123e+03
1.498685352914103760e+03
1.374077675869679069e+03
1.539844391906066903e+03
1.447578615374159426e+03
1.420248063989544335e+03
1.350652573666686067e+03
1.468135947200519922e+03
1.518877565582101624e+03
1.580621583406793889e+03
1.575966068555237598e+03
1.432501032721720549e+03
1.531364192216844003e+03
1.715228012464833228e+03
1.416081763368930069e+03
1.577164764995802670e+03
1.538419202855889807e+03
1.516394543558102896e+03
1.358911417309031776e+03
1.658519055782204987e+03
1.716983400529775508e+03
1.398610952480946935e+03
1.697843496850716747e+03
1.457414386646362573e+03
1.506062384730649683e+03
1.536930529156432613e+03
1.506442548245116313e+03
1.577559785332180127e+03
1.472660168603109014e+03
1.428586586989094030e+03
1.576139359062537324e+03
1.374257437142489607e+03
1.332524093438249110e+03
1.407382311257686297e+03
1.588947423220789005e+03
1.310673711768391968e+03
1.417384150577729997e+03
1.434041866451095302e+03
1.528490871586152252e+03
1.361310780688329487e+03
1.532799736226908863e+03
1.621776716452823166e+03
1.397058045813649187e+03
1.679850179859304490e+03
1.451624316996472999e+03
1.480074921792536543e+03
1.327971292556343769e+03
1.365814286941691762e+03
1.339404804459155685e+03
1.462624393269328493e+03
1.304207372373783073e+03
1.550526399402505376e+03
1.357887885706345742e+03
1.386364765264853304e+03
1.501441791576332207e+03
1.431207857840360703e+03
1.470456351781415151e+03
1.388405060732384527e+03
1.617268129209033759e+03
1.451306831192836398e+03
1.468024287296276725e+03
1.340379618420042107e+03
1.394971002250035781e+03
1.380107627237720635e+03
1.396957847678298094e+03
1.483399619482378284e+03
1.350150235514893211e+03
1.505696060218427874e+03
1.481343433463794327e+03
1.354450047605754207e+03
1.509502868294528525e+03
1.430824578203010333e+03
1.386923893165962681e+03
1.449752334081128083e+03
1.664361307817395527e+03
1.548226226278925424e+03
1.579155604398805735e+03
1.505164021954770078e+03
1.622041215320105493e+03
1.576824858040415620e+03
1.659349680355404416e+03
1.580051588917557638e+03
1.698090109428570941e+03
1.704014827261180471e+03
1.447712372324851003e+03
1.585204325855178013e+03
1.619232105374201637e+03
1.546607799187085220e+03
1.638115619349687222e+03
1.591349696365756017e+03
1.540902107627563964e+03
1.548478568145956615e+03
1.768812324474407205e+03
1.570686167537972779e+03
1.671441260927653047e+03
1.486926136121584705e+03
1.705282802303081553e+03
1.807012417004566942e+03
1.494676415044160876e+03
1.440745042476224171e+03
1.746885143939577802e+03
1.691345435276597982e+03
1.509905612717398071e+03
1.487449157235295161e+03
1.662214110135214924e+03
1.761605006927083195e+03
1.602504478135237832e+03
1.738766638026580722e+03
1.710695825208132192e+03
1.678937464566687822e+03
1.642615464225336382e+03
1.674699046346553814e+03
1.700435117456154558e+03
1.487151566596984821e+03
1.594904118978611450e+03
1.552262560725180265e+03
1.633620802481524606e+03
1.672876140972993880e+03
1.503350138733556378e+03
1.609040288898459494e+03
1.605868336553323616e+03
1.613795195887632417e+03
1.592506316470884713e+03
1.497729440622127640e+03
1.716331917473346493e+03
1.570890625077882305e+03
1.587882920295827262e+03
1.582804012792435515e+03
1.474644130858745712e+03
1.637192698950085287e+03
1.598324728202846472e+03
1.644710639312962257e+03
1.570370198021362057e+03
1.608351068624770505e+03
1.527966811032723399e+03
1.443440877154286454e+03
1.460205721240656203e+03
1.447315314615030047e+03
1.489973391571380262e+03
1.663514895036575354e+03
1.639884881247611474e+03
1.556225567118933213e+03
1.393319227447668482e+03
1.286782367505807088e+03
1.544806402488831736e+03
1.387570305948558826e+03
1.568443462313412965e+03
1.624997279694888903e+03
1.560287147728025502e+03
1.463629851567371134e+03
1.496150741194397369e+03
1.516364104188648298e+03
1.436499277440719197e+03
1.473149508661331538e+03
1.437433452998525809e+03
1.462621713874273610e+03
1.578264278857242971e+03
1.335513420567090634e+03
1.543466464299628797e+03
1.581904176679309785e+03
1.359686927612329100e+03
1.449838571128755348e+03
1.388855887272315613e+03
1.583924223410519289e+03
1.597380304732703735e+03
1.556693748955825185e+03
1.500606611611424341e+03
1.354523590143242473e+03
1.500594170760485213e+03
1.455742705245717843e+03
1.490530920991651556e+03
1.422717572462203634e+03
1.534232956542554348e+03
1.510269476889052157e+03
1.275459163040113708e+03
1.537364057004850565e+03
1.672684777364215279e+03
1.452875051660195140e+03
1.495197200192220862e+03
1.679695468901930781e+03
1.288028864775915054e+03
1.446946711722587906e+03
1.399045528213707485e+03
1.365304830005198255e+03
1.465668690269206309e+03
1.483904712766404600e+03
1.464788152320784548e+03
1.408514630449046763e+03
1.472431431854189668e+03
1.480060685113655836e+03
1.596322941153719057e+03
1.427718747590186013e+03
1.380561759668943296e+03
1.240966242821482410e+03
1.568693147284941688e+03
1.591711927665792700e+03
1.361309371469840471e+03
1.396043567283567427e+03
1.612009454905506118e+03
1.413975755958592117e+03
1.517242052287327851e+03
1.545970608418116853e+03
1.402835413510437320e+03
1.365995668346430421e+03
1.551742359528556108e+03
1.661264684178432617e+03
1.848282914333734652e+03
1.442722392298566547e+03
1.531095005167302133e+03
1.582871093135220917e+03
1.702332904278665865e+03
1.423602874556677307e+03
1.639508793280276677e+03
1.519435084896110993e+03
1.581364385360914184e+03
1.387009294350677919e+03
1.562441013784341521e+03
1.750653503557915883e+03
1.667315053118257083e+03
1.474933041201300739e+03
1.343575303846328552e+03
1.631195075544211704e+03
1.580025091968572724e+03
1.464384134145368535e+03
1.641912713631495990e+03
1.730929784653706292e+03
1.738791132438686873e+03
1.662494875535016945e+03
1.493242304135026643e+03
1.450630565797391682e+03
1.560463135228118745e+03
1.603331687047294963e+03
1.386392948910381392e+03
1.584414684608507741e+03
1.469700689060239711e+03
1.580339493444127356e+03
1.472086882911878320e+03
1.453598597252025229e+03
1.600291558796930985e+03
1.756134494238598108e+03
1.466722094299680066e+03
1.531444550809688508e+03
1.354842364646257465e+03
1.558130875543674392e+03
1.486884396389835501e+03
1.516692207865097544e+03
1.515995602210099833e+03
1.418999901344362570e+03
1.508873883205525090e+03
1.651066347213648896e+03
1.613883900986152184e+03
1.667431933928778562e+03
1.594090408893780022e+03
1.283722709508092521e+03
1.544344632949157358e+03
1.550729883165194678e+03
1.569756648568233686e+03
1.558959356572880552e+03
1.436260561629120730e+03
1.439895033863104118e+03
1.259667650935491565e+03
1.462566253062860142e+03
1.290367874521679823e+03
1.281748946809609151e+03
1.420794045924715647e+03
1.491912686798698360e+03
1.443634274231606469e+03
1.404340595095964545e+03
1.404028909952841104e+03
1.447255366988039896e+03
1.350732598638488298e+03
1.608471154126610372e+03
1.336624384781375738e+03
1.503005003633451452e+03
1.420213295686160563e+03
1.366045427363301087e+03
1.465243769326326856e+03
1.575485713577279057e+03
1.292944130756362256e+03
1.367782127298896285e+03
1.513056430749063793e+03
1.548540166278179186e+03
1.466971405407896555e+03
1.513595218602747991e+03
1.252122306454628642e+03
1.599434584090710587e+03
1.471428216984731307e+03
1.386189068870242636e+03
1.336827874456967947e+03
1.526682939072691624e+03
1.503265249453932256e+03
1.478208972043603353e+03
1.357827427196080407e+03
1.311635469329273974e+03
1.509082384454815383e+03
1.411315848601034304e+03
1.382027797580430843e+03
1.418558615571365181e+03
1.464293327622438028e+03
1.415788347602854401e+03
1.467691375081107253e+03
1.332291347358094754e+03
1.235587359804922244e+03
1.660272976215406743e+03
1.511552079130890434e+03
1.581505449556196481e+03
1.521361087744914130e+03
1.319571954663560291e+03
1.343111152291026428e+03
1.373566549270341739e+03
1.380908903474357885e+03
1.511707523728750175e+03
1.465279160791306595e+03
1.475983653702849097e+03
1.451903586968849368e+03
1.450636025584718027e+03
1.353946732529604787e+03
1.473823880015192572e+03
1.372132677699886699e+03
1.432578444458969670e+03
1.450063881463104053e+03
1.567189913960962031e+03
1.514680003822697699e+03
1.536530975667993289e+03
1.461777408976029392e+03
1.364472615664307568e+03
1.603659613431818798e+03
1.446227061324281294e+03
1.463984451210642874e+03
1.629535453193366720e+03
1.370761166780956273e+03
1.482157711098854634e+03
1.458367858441741646e+03
1.394291068736622492e+03
1.434377554019688432e+03
1.369425759871050332e+03
1.430991662402500424e+03
1.292739679315405056e+03
1.570286613120460970e+03
1.404860980485243317e+03
1.392051824207869686e+03
1.527148506429479994e+03
1.624558986195830130e+03
1.373466315936542287e+03
1.436001858025432512e+03
1.411569178355926852e+03
1.549183634594826572e+03
1.462535667852554525e+03
1.594634510387375030e+03
1.343466504646101612e+03
1.681560117888574950e+03
1.558561469387247371e+03
1.414406207308614285e+03
1.442907807353602720e+03
1.411005603927094398e+03
1.427940720513598762e+03
1.560219330705363063e+03
1.368486403719600048e+03
1.307051232983357295e+03
1.345289474948458064e+03
1.472989297534375737e+03
1.546788715663537914e+03
1.552047628735645731e+03
1.396787919390779962e+03
1.413284998734550754e+03
1.480410580211742854e+03
1.565825013898782117e+03
1.507397750540780635e+03
1.607623139215236961e+03
1.381583583362860281e+03
1.449103279546226759e+03
1.378453280879849672e+03
1.442795448175084630e+03
1.567441742819679348e+03
1.515089999498821044e+03
1.574626684873773002e+03
1.420871913588843881e+03
1.385551428173763725e+03
1.498662679349910832e+03
1.472326391501660737e+03
1.537519174547565399e+03
1.418719556082333156e+03
1.481773987818942260e+03
1.420101045515726128e+03
1.635158031917860399e+03
1.485321207238702982e+03
1.521492772669852457e+03
1.461210522657743240e+03
1.546393433815959952e+03
1.594779142078161385e+03
1.576306509289920086e+03
1.352711329402350202e+03
1.485695489537714138e+03
1.551408305402915630e+03
1.359226144783854807e+03
1.432138646662282326e+03
1.651896635768416445e+03
1.581083338777838662e+03
1.461080424499290075e+03
1.616571160625416724e+03
1.645242967456593988e+03
1.510665584596070858e+03
1.691321840477338810e+03
1.501486374088893854e+03
1.387317964170239293e+03
1.524820302974295373e+03
1.579429855735431829e+03
1.612394779981943884e+03
1.585044058435269562e+03
1.417130666835064403e+03
1.645923386702924518e+03
1.520349012212531306e+03
1.428332478590325309e+03
1.528917373352253435e+03
1.507566888560470716e+03
1.310721158663732695e+03
1.584048031784094746e+03
1.473449269137425290e+03
1.602293182117717379e+03
1.531156741301674401e+03
1.462390790124709383e+03
1.676490210764155563e+03
1.525482538223653819e+03
1.051989433818119096e+03
1.362951526751681286e+03
1.374584669159612531e+03
1.635642451516152732e+03
1.520615311618767464e+03
1.578579299598492980e+03
1.445231343033942721e+03
1.324573594443925231e+03
1.453360309247146688e+03
1.500934104085006766e+03
1.674991044630244687e+03
1.382945429100936963e+03
1.564551609178439776e+03
1.510102099327725227e+03
1.636213640196904180e+03
1.714075972829265766e+03
1.480696607623092177e+03
1.662224549155952445e+03
1.590005517411382016e+03
1.478321044172678739e+03
1.483774394859488211e+03
1.672802915277675766e+03
1.773585182535100103e+03
1.555370352434924826e+03
1.513674546609194749e+03
1.550882848253693737e+03
1.744332365520408985e+03
1.550961031838458894e+03
1.559871189723875659e+03
1.510949625700334536e+03
1.582890132715168420e+03
1.737042964048998783e+03
1.592107257045629012e+03
1.613114738542714576e+03
1.613693381213766088e+03
1.368064623626146386e+03
1.585905695815727540e+03
1.621739659803582981e+03
1.711571885367083951e+03
1.710584459918098673e+03
1.564078173011115268e+03
1.538395670007722629e+03
1.707630393265648991e+03
1.505690355336599623e+03
1.520223064462395314e+03
1.517725150830965504e+03
1.694987525081688773e+03
1.507866759310179305e+03
1.657355436590700037e+03
1.485910286208652906e+03
1.589006246787845384e+03
1.535003674663613992e+03
1.452150461418688792e+03
1.644628858023989778e+03
1.580757155105805396e+03
1.659775889744204733e+03
1.588286244990511932e+03
1.602728539961678280e+03
1.488654124312719205e+03
1.448431308334805408e+03
1.667315891497839857e+03
1.559520960536943903e+03
1.692660272289249633e+03
1.526759741784930156e+03
1.522884458860153245e+03
1.462386789699012297e+03
1.595963191683265904e+03
1.518842128607226869e+03
1.540154389081678573e+03
1.442942346300640793e+03
1.410093020505605864e+03
1.553710220638656665e+03
1.378774790980982289e+03
1.446577649650028434e+03
1.582880977356373933e+03
1.378931580023742981e+03
1.502825287177166729e+03
1.697907023440737021e+03
1.524526908502720289e+03
1.483829681164524118e+03
1.444431919627507114e+03
1.479550013697973100e+03
1.608076902913070171e+03
1.445706230429295829e+03
1.495099674272658604e+03
1.434912366654793232e+03
1.587817646859086835e+03
1.355561421569045933e+03
1.451256516758946645e+03
1.346377165235430994e+03
1.546595830885377381e+03
1.484716158726615504e+03
1.379596076554430965e+03
1.460820141313893828e+03
1.575879974196126113e+03
1.510091140815254676e+03
1.531512469245748889e+03
1.584687368159294920e+03
1.346861548023227670e+03
1.480912847630295573e+03
1.583214132994315833e+03
1.522516287396086682e+03
1.447469691260036143e+03
1.549117904407592732e+03
1.244462476316865377e+03
1.498658803935664992e+03
1.589597961595797869e+03
1.380184130687951665e+03
1.583165452595463876e+03
1.354019551764098878e+03
1.462947126708060296e+03
1.546909706698671471e+03
1.356422412470679319e+03
1.465570192841606286e+03
1.260581329302896620e+03
1.531743257296045158e+03
1.338928220113631824e+03
1.398136442013501210e+03
1.444108047709163657e+03
1.423251011558168557e+03
1.397996781179541358e+03
1.363815310137448250e+03
1.362422688663858480e+03
1.571037664231235794e+03
1.607274112422637700e+03
1.379833817709895357e+03
1.495325718323326100e+03
1.476359098724170508e+03
1.448207737984021151e+03
1.418372034119039427e+03
1.535251256919036678e+03
1.537205949918600481e+03
1.382912958345983270e+03
1.416657565504835475e+03
1.472646349969005314e+03
1.305927300392257393e+03
1.546608040270056790e+03
1.597338225676064667e+03
1.608658842061384576e+03
1.546312915384459757e+03
1.412986537678878676e+03
1.575616952564208987e+03
1.628524072353140809e+03
1.500958592873283351e+03
1.472377791516209527e+03
1.499243297880086175e+03
1.442881331617037176e+03
1.528760443794583580e+03
1.612978151267834619e+03
1.591978803790000711e+03
1.432665352040561402e+03
1.347842595217676944e+03
1.446088854613263265e+03
1.419640685573020164e+03
1.614836480028776123e+03
1.429391936079446396e+03
1.570652270255674011e+03
1.414288493245085192e+03
1.548654164230656988e+03
1.464934747279890644e+03
1.445519714141521035e+03
1.517698311565131235e+03
1.393434483733593879e+03
1.559425686314200902e+03
1.566132422354842447e+03
1.429485289718322065e+03
1.577184202931876143e+03
1.598220808162584945e+03
1.530263081416681871e+03
1.435500829651460890e+03
1.502054043721937660e+03
1.412498673077768899e+03
1.562606883636597104e+03
1.611849447967611013e+03
1.551237656563018618e+03
1.601038636485064671e+03
1.506795680633655820e+03
1.644097632424587800e+03
1.441442844767368115e+03
1.423724676335140884e+03
1.678553907394052658e+03
1.529800216687800685e+03
1.649393307769303647e+03
1.562978425183367563e+03
1.421890612311221730e+03
1.550489001904688394e+03
1.385447055631512967e+03
1.404920643606838667e+03
1.510470175934353847e+03
1.609870575689584484e+03
1.461375254499620723e+03
1.771445829685576882e+03
1.465986536801077364e+03
1.469552274392269283e+03
1.734584495620378220e+03
1.376574450765664096e+03
1.527135981518791141e+03
1.520244948488626960e+03
1.732834026827890739e+03
1.592312792241319812e+03
1.655676487666643652e+03
1.572416601147796200e+03
1.625148799122111996e+03
1.592213716313419127e+03
1.504185444151192769e+03
1.639204809150277697e+03
1.610095753113563433e+03
1.590235208984273868e+03
1.513474201044926303e+03
1.325377916532215522e+03
1.430288581634312777e+03
1.497483871916822181e+03
1.602929848747501637e+03
1.587845430948472540e+03
1.612938564942950961e+03
1.378832384067201019e+03
1.516795149675348057e+03
1.540556501873572870e+03
1.533861415368700136e+03
1.468406897181272143e+03
1.447446105317767433e+03
1.511403442038196545e+03
1.492050504343619878e+03
1.501780567281441790e+03
1.617557569764288019e+03
1.520376899409390717e+03
1.527548814035287251e+03
1.441374485874622451e+03
1.599947420395895506e+03
1.427044303523654889e+03
1.587329508954642733e+03
1.495473176668110227e+03
1.435646113360352274e+03
1.414364351566460527e+03
1.437014326538395608e+03
1.563002869668971471e+03
1.660924933213718305e+03
1.420273459045351728e+03
1.568475857368982361e+03
1.460731963651211572e+03
1.642625328375591835e+03
1.640503484176099391e+03
1.641951257518721377e+03
1.425826212004077433e+03
1.609088912638284228e+03
1.469739452262054556e+03
1.409026365033251750e+03
1.585206067326073480e+03
1.482482065295584107e+03
1.578905436908983120e+03
1.470570489104153467e+03
1.445790410221701450e+03
1.468786140447389243e+03
1.547968190625991610e+03
1.538148922239559170e+03
1.582313721746267674e+03
1.386610727542821451e+03
1.437467436529868110e+03
1.497906991177071632e+03
1.570590658755536651e+03
1.347169486538206911e+03
1.455823238781101054e+03
1.708955338785369349e+03
1.497412813403438804e+03
1.426313741583223418e+03
1.437314263604600001e+03
1.506731640865965801e+03
1.531228540779795367e+03
1.610793479125739395e+03
1.488413485351482905e+03
1.413789276429743495e+03
1.377714265044379545e+03
1.454368802355452090e+03
1.590717981087855833e+03
1.655848238721242978e+03
1.501725870307421701e+03
1.398271006229778777e+03
1.534284621634181121e+03
1.479900505001515285e+03
1.325881369731130690e+03
1.523649299380250795e+03
1.518588514240072527e+03
1.539297041514688317e+03
1.501115888830326639e+03
1.358928570283786939e+03
1.553440889590895267e+03
1.398773667222652648e+03
1.467245594040142350e+03
1.562463527273906038e+03
1.445739374544387601e+03
1.649249106717521954e+03
1.490413813913343574e+03
1.463527891291564174e+03
1.409988237232660367e+03
1.476338138645429126e+03
1.587398179583372666e+03
1.382079732765366771e+03
1.490537128701563461e+03
1.522640582138104719e+03
1.544597685124693498e+03
1.429965256919549802e+03
1.446580886692564036e+03
1.526041894906834159e+03
1.514280830907656309e+03
1.458409236144193301e+03
1.468523804919539771e+03
1.507122029114180805e+03
1.468177884338033891e+03
1.605146944423515833e+03
1.618096872652757838e+03
1.438694073483289685e+03
1.547310506739192761e+03
1.572801563832153988e+03
1.537548755135778947e+03
1.514929265902739417e+03
1.449649158882802567e+03
1.382224193460797551e+03
1.527759633819288410e+03
1.315395936532339647e+03
1.531173196927881690e+03
1.354521049760115375e+03
1.539535223585540734e+03
1.576060710518721180e+03
1.450160174001182895e+03
1.505424449839595582e+03
1.504208268061825720e+03
1.349739473185558609e+03
1.498326106527958473e+03
1.320646306572071353e+03
1.296428685136572994e+03
1.477366029355135424e+03
1.463171423610594957e+03
1.445215900722558899e+03
1.399125829662561273e+03
1.455467388934998780e+03
1.440897044733701023e+03
1.491968267100403182e+03
1.427813060800555604e+03
1.475329913785840290e+03
1.461352481619944456e+03
1.413099357805544059e+03
1.470733173030411763e+03
1.469420250330131694e+03
1.562163910538976324e+03
1.543495861609160784e+03
1.470584381215681333e+03
1.527319088319519324e+03
1.574401751726348039e+03
1.398719510128493084e+03
1.523474390014125902e+03
1.453035425504414206e+03
1.477811098958354933e+03
1.452600253543695544e+03
1.365076277864613985e+03
1.597212367815548077e+03
1.471150280061530339e+03
1.498154761765803642e+03
1.574028399762281879e+03
1.449417225467040225e+03
1.244509132204660318e+03
1.447782362219707920e+03
1.396808861743051239e+03
1.461057735653725558e+03
1.497200300746196717e+03
1.500745072584597438e+03
1.497852396723955735e+03
1.402744488028167098e+03
1.361615614568653200e+03
1.370750630228937325e+03
1.454883741086954387e+03
1.420467372272053581e+03
1.476448156499066727e+03
1.540257615737505375e+03
1.375366886776543197e+03
1.487413950083821874e+03
1.431236271650950357e+03
1.486339950213104885e+03
1.419951402892211036e+03
1.397640632146451480e+03
1.579922251358096901e+03
1.438136643335929421e+03
1.516641232982771726e+03
1.512125449724074997e+03
1.515706303549648055e+03
1.396795533731006572e+03
1.488511371334158866e+03
1.442449185374090575e+03
1.466626668098078426e+03
1.640804417418129560e+03
1.614415804838265558e+03
1.477336122630431191e+03
1.544874494649359804e+03
1.475364154443560892e+03
1.539324543204015526e+03
1.529710232532368082e+03
1.485080416639793611e+03
1.514086590820629681e+03
1.492552062649248228e+03
1.399121036900650097e+03
1.507650138483153569e+03
1.478488944993104269e+03
1.547262414068351063e+03
1.445373106828675418e+03
1.610546916631220483e+03
1.531478451336372927e+03
1.484733293719597214e+03
1.376907608587271397e+03
1.360641852275904512e+03
1.525837193215369780e+03
1.553049786340184710e+03
1.550071556892743047e+03
1.449598358953453726e+03
1.656411415445375951e+03
1.540642774743705559e+03
1.574369812069938234e+03
1.573394281211279576e+03
1.687852786736599683e+03
1.634810037965007950e+03
1.489360732698583433e+03
1.603397842289850814e+03
1.547746633853233561e+03
1.539140200566655949e+03
1.577043363245305500e+03
1.714027614036866680e+03
1.443629814449378500e+03
1.646073541965839468e+03
1.610887322554119237e+03
1.723486419084721092e+03
1.518828806000020450e+03
1.609384185443888327e+03
1.657541779543864777e+03
1.661873699434990840e+03
1.601609553964048700e+03
1.546966589126031067e+03
1.707053875833380744e+03
1.527358655521416949e+03
1.629297221718211858e+03
1.686443114819549919e+03
1.749995463024145465e+03
1.571424206147609766e+03
1.735425854187330970e+03
1.722829296465414018e+03
1.734945027023759849e+03
1.767895078662219021e+03
1.588308620570817538e+03
1.735715104352012077e+03
1.631696762668773545e+03
1.664646037092088136e+03
1.613597693045150663e+03
1.579963997741441744e+03
1.711837591196150470e+03
1.722258282219064768e+03
1.557925995329259877e+03
1.550972018055157605e+03
1.618065069728222625e+03
1.671554393089549649e+03
1.555704202953604181e+03
1.607038283502966578e+03
1.600099709199747394e+03
1.548658213404434264e+03
1.619313000422272125e+03
1.565957586186948674e+03
1.501223108192299378e+03
1.650239802431192402e+03
1.617480161337258323e+03
1.623503298133914996e+03
1.587970504707721830e+03
1.566243702575747193e+03
1.736526953359448498e+03
1.560009534961691543e+03
1.605140946909047898e+03
1.726501748110871176e+03
1.603130035184458620e+03
1.764340133380263524e+03
1.708672476560732548e+03
1.584913689921424748e+03
1.693652361099439986e+03
1.529736385619106159e+03
1.695218923677069370e+03
1.595941487916632013e+03
1.528656032912064347e+03
1.724876945285818010e+03
1.671493217854431805e+03
1.772907425330488422e+03
1.699424234459433137e+03
1.708157679888636949e+03
1.576424738422902010e+03
1.673994182320064738e+03
1.608403575080045357e+03
1.669188937022388245e+03
1.908730019477162386e+03
1.629693233779851653e+03
1.813101209257531991e+03
1.722785852056804742e+03
1.703419057404549676e+03
1.719407424544139985e+03
1.743772171023550982e+03
1.721069868633304623e+03
1.772398210768251602e+03
1.689192749822308542e+03
1.603219903481983238e+03
1.533823808348595321e+03
1.769040617774928933e+03
1.749014659502938230e+03
1.690081207727398350e+03
1.766915147925052452e+03
1.803185736947421674e+03
1.659886588786700713e+03
1.618680723390335743e+03
1.802366369581814979e+03
1.616196408461871442e+03
1.722061085254763157e+03
1.701457257994294423e+03
1.779547579660724523e+03
1.620452638485115358e+03
1.885131058028387088e+03
1.619489350960894399e+03
1.739486007937438899e+03
1.778552149490517422e+03
1.833420703975909419e+03
1.801032041195180227e+03
1.693265630748677495e+03
1.845856150608305370e+03
1.756049646975165388e+03
1.808876117975770967e+03
1.862971060955546818e+03
1.873010405975209778e+03
1.748508029648660113e+03
1.720534265584069544e+03
1.720107462693683374e+03
1.838052368141150282e+03
1.701458265783578554e+03
1.732520375927771511e+03
1.846592343339509171e+03
1.821703173624312058e+03
1.727254944823972892e+03
1.786721374364393796e+03
1.830657893436271479e+03
1.797454480074622552e+03
1.769998944042454923e+03
1.802191531585284338e+03
1.788755382091970205e+03
1.786176096539116998e+03
1.792074855061626522e+03
1.653316201148642449e+03
1.729027094341353404e+03
1.905551160591972803e+03
1.664756635526188347e+03
1.771421421253243352e+03
1.513422806988664661e+03
1.755454278687672286e+03
1.647766590438277490e+03
1.590510679578041390e+03
1.760438446978810134e+03
1.799436231602639964e+03
1.762335629367692491e+03
1.664381450697470655e+03
1.695322237727202719e+03
1.805093424896560691e+03
1.728797114605828028e+03
1.864974490322780639e+03
1.642668795932251669e+03
1.725560026030130302e+03
1.705871450459605967e+03
1.747389176182226493e+03
1.667407114258787260e+03
1.763032674495272886e+03
1.724628046204506290e+03
1.583081258509478630e+03
1.592896418696046339e+03
1.647562562074193238e+03
1.611060224812870274e+03
1.738057012926956759e+03
1.630588184899944963e+03
1.635975701308336738e+03
1.644059018528096203e+03
1.775196892695664246e+03
1.719413308973553967e+03
1.702893844892305424e+03
1.740606839343142838e+03
1.803298501318059607e+03
1.729629185228101278e+03
1.649530944581860695e+03
1.731702128844291110e+03
1.647327715066181327e+03
1.679138788011193128e+03
1.672621691010465383e+03
1.674296589577232453e+03
1.836857384839660426e+03
1.872358945535449038e+03
1.811735367984190589e+03
1.654564357550434579e+03
1.853094153323247156e+03
1.719204109249725207e+03
1.660770869148121847e+03
1.821791720243291593e+03
1.811833540735374527e+03
1.734812035996603072e+03
1.757398560604101931e+03
1.625379203385419032e+03
1.758693106144164858e+03
1.807630401576495615e+03
1.728389337514922090e+03
1.725181280499138893e+03
1.681409177288051524e+03
1.859713432157516309e+03
1.844983831934854152e+03
1.712374267074212639e+03
1.761802001844509277e+03
1.783078654567034846e+03
1.779754193505650619e+03
1.820347292990315282e+03
1.932502191680210217e+03
1.660860869798537351e+03
1.745094982458929280e+03
1.844715992569922037e+03
1.602417772271574904e+03
1.699018174399173631e+03
1.595508754761436194e+03
1.809888727165794762e+03
1.734973047411317793e+03
1.651275733707230302e+03
1.838479197343022861e+03
1.761555425289081313e+03
1.611983500930599348e+03
1.654719747687932795e+03
1.638821215514350342e+03
1.781980789051907777e+03
1.682453365876631779e+03
1.544824015903665668e+03
1.639853374938014213e+03
1.787808118056364719e+03
1.701933637705530600e+03
1.587017520521188089e+03
1.616529312947805010e+03
1.554300439691653992e+03
1.712866613220552381e+03
1.744199360891451079e+03
1.687958307388922094e+03
1.568244309382957681e+03
1.720933784961633592e+03
1.766320951459154912e+03
1.413178888849814257e+03
1.530573372655799631e+03
1.695086400114280423e+03
1.536384801924512431e+03
1.624558862842924327e+03
1.641992078872725415e+03
1.546819197813958226e+03
1.630710640594495999e+03
1.678223704007918514e+03
1.490641052497918963e+03
1.677874223683180844e+03
1.478143893975161745e+03
1.634582790682236464e+03
1.623024767280003061e+03
1.641654333518014482e+03
1.751211851677269351e+03
1.629214752229786654e+03
1.595946467844055178e+03
1.753341772598842226e+03
1.683496953487180235e+03
1.612574370880034394e+03
1.268019087643722969e+03
