-2.628010884841209645e+03
-7.882653680361125907e+02
-7.433803864997933033e+02
-8.309942316061874408e+02
-1.083040611671405031e+03
-9.152192242475822468e+02
-8.361329527230476515e+02
-8.490974745354251354e+02
-1.002349933503628222e+03
-8.278747949615172956e+02
-8.563468992671107571e+02
-9.715581770797089121e+02
-8.897691711353137407e+02
-1.448622425349559308e+03
-1.167171389617573823e+03
-1.302855637593031588e+03
-8.557703156050014286e+02
-8.454990297061480078e+02
-1.194484713214159228e+03
-1.123142326866844542e+03
-1.316766763590282380e+03
-1.612890846634809577e+03
-1.148163325460591750e+03
-1.073414353108644264e+03
-1.192164060685949607e+03
-1.196680560367289445e+03
-1.700660353075194735e+03
-1.076889731368637285e+03
-2.419649329081028100e+03
-1.486591497233346672e+03
-9.614095598690236102e+02
-1.006192303363527344e+03
-1.030059486949951634e+03
-1.549366193065143761e+03
-1.212503922374713511e+03
-1.213332320541241415e+03
-8.681426187565721193e+02
-1.080187228370360117e+03
-1.147504202147257274e+03
-2.054426676359606972e+03
-1.222422606191895966e+03
-1.585467867761790785e+03
-2.793292295881927657e+03
-9.769975857825454568e+02
-1.064308744492079768e+03
-1.624939799303727114e+03
-1.010879320831884570e+03
-1.503017408746763294e+03
-1.353921357567034192e+03
-1.015215603799267910e+03
-1.483797000055056742e+03
-1.206490280919297902e+03
-1.302937811318379318e+03
-1.237796489686495534e+03
-1.275795370398469004e+03
-1.104423295651789658e+03
-1.025241354275060985e+03
-1.233382119084337774e+03
-1.243675726063951515e+03
-1.186107662772906906e+03
-1.261071548892155306e+03
-1.106137459424430745e+03
-1.149858793556560613e+03
-1.132304055221898352e+03
-1.029338272773253721e+03
-1.505642706155661472e+03
-1.113792104702584083e+03
-1.196614526141995157e+03
-1.055671522803834023e+03
-1.232630799211293379e+03
-9.548552706711440123e+02
-1.252023474462137528e+03
-1.009247637895523326e+03
-1.100631274849101146e+03
-1.026472254718853719e+03
-1.197946174321112039e+03
-1.364733527498661260e+03
-1.166658614880954019e+03
-1.178234136374069521e+03
-1.409845498671462337e+03
-1.300440338799041911e+03
-9.931567357539936438e+02
-1.551554826447428013e+03
-1.073069998863636329e+03
-8.609261335518966689e+02
-1.372659316942723535e+03
-1.239586728783461695e+03
-1.137926097145105814e+03
-9.156495091319540052e+02
-1.017083249530702346e+03
-1.121594819306128329e+03
-1.049103559295487003e+03
-1.043898117419747450e+03
-1.324962371235779301e+03
-1.313554758114993092e+03
-1.374809257718610979e+03
-1.526590983255394804e+03
-1.204277604747243458e+03
-1.221342354393497317e+03
-1.503586646823048113e+03
-1.074393908620298589e+03
-1.145891587126077411e+03
-9.530102338227865175e+02
-9.671040224690898413e+02
-1.121482582169173156e+03
-1.053699827029549624e+03
-1.048897982887356193e+03
-1.383024376804072517e+03
-8.332504859835523803e+02
-1.187630817761674052e+03
-9.703653707740476193e+02
-1.279799068601461158e+03
-9.914901207369299527e+02
-1.393649366033667548e+03
-1.340256863315429428e+03
-9.587318078289408732e+02
-1.089740424539781088e+03
-1.843792255952306959e+03
-1.239706508873921393e+03
-1.256677926777868379e+03
-1.465466089014912313e+03
-1.180503288774390967e+03
-1.152036643162802648e+03
-9.003437985238840611e+02
-1.032298159504411160e+03
-9.045001987884497794e+02
-9.401535377673325229e+02
-1.063222265087593769e+03
-1.478107163974812238e+03
-1.371822184885843399e+03
-1.085447406989606407e+03
-1.296194979758966156e+03
-1.381043923626039941e+03
-1.568154604105919816e+03
-1.448166293904215081e+03
-9.492082246883445578e+02
-1.011956982014946448e+03
-9.807401547259095196e+02
-1.371116896438285494e+03
-1.381506435816415660e+03
-1.258463496238738799e+03
-1.277510252061211759e+03
-1.490944057367429195e+03
-1.430774799743221593e+03
-1.200531195190009612e+03
-1.000651904932065463e+03
-1.079674916914056894e+03
-1.514351392614429642e+03
-1.382727823202048739e+03
-9.891934407958526663e+02
-9.253341516814773513e+02
-1.694252698618022578e+03
-1.196068272515326044e+03
-1.394660286889782583e+03
-1.213409834145950299e+03
-1.431187742470442572e+03
-1.163875702416733702e+03
-1.195079690069079334e+03
-1.059978957107942279e+03
-1.199009107121124089e+03
-1.418168775466808029e+03
-1.578197218142511701e+03
-1.155102689558443217e+03
-1.071546392863091341e+03
-9.405850419315945601e+02
-8.046989040458389582e+02
-8.850557485330871259e+02
-8.313087546175557918e+02
-8.997016337044385637e+02
-8.791793500494536602e+02
-8.649791613673935444e+02
-8.542177052056272260e+02
-9.626622152788659150e+02
-8.175475787694832661e+02
-8.103162593736641384e+02
-9.987395193888967242e+02
-8.581087850477572374e+02
-1.009801001939205321e+03
-1.169116582596871012e+03
-8.869352890623563326e+02
-7.835665511458034871e+02
-8.729238191433289558e+02
-1.022595878791111659e+03
-8.408033593541443906e+02
-9.701199189454852103e+02
-1.018980294200187132e+03
-1.180270719290064335e+03
-1.000858750441906523e+03
-9.710282385154492886e+02
-9.675950841626316787e+02
-1.196638916539231786e+03
-7.642265439572129253e+02
-8.388748422876506083e+02
-1.191467371073530558e+03
-1.052050832146232096e+03
-1.069810513362627944e+03
-1.154362574130848316e+03
-1.178842695048790574e+03
-1.143081904200901135e+03
-1.095627798906877388e+03
-1.224855004500754831e+03
-1.125402141488160396e+03
-1.125783981529253651e+03
-1.052139519595707952e+03
-1.124250425290120120e+03
-1.178607807882678799e+03
-1.323312131352294955e+03
-1.335466724898656366e+03
-1.359453999640139500e+03
-1.201716791049170297e+03
-1.312160188578822272e+03
-1.388393728131462467e+03
-1.189695330050057237e+03
-1.218240752394581705e+03
-1.312466726208051796e+03
-1.368427612366476069e+03
-1.272508960243434103e+03
-1.405294366489100639e+03
-1.305205698373177938e+03
-1.164577104324281208e+03
-1.390817371790496054e+03
-1.239721544916813627e+03
-1.676105159158670858e+03
-1.472907001415602736e+03
-1.179655163030216272e+03
-1.433693759093709104e+03
-1.318616462380808798e+03
-1.363511154493854747e+03
-9.197679480889984234e+02
-1.481255799533441632e+03
-1.460642656443923897e+03
-1.179893333529490064e+03
-1.495567667656375079e+03
-8.784283345918889836e+02
-8.636987958817991284e+02
-1.361609471130519069e+03
-9.620292362268463648e+02
-1.385740951647708698e+03
-1.274651847715771055e+03
-1.328231318317909881e+03
-1.142537760382250781e+03
-9.619182452754578208e+02
-1.322391795123496422e+03
-1.108721043025295103e+03
-1.337487598814215744e+03
-1.261566842474235045e+03
-1.110180736510456200e+03
-1.145732946069575519e+03
-1.206349171676086371e+03
-1.271801590474797649e+03
-1.073964463983540099e+03
-1.019101318012797037e+03
-1.323112255478174575e+03
-1.029834299952231277e+03
-1.225952544244853925e+03
-9.637057570033390448e+02
-1.026228216101055978e+03
-1.140426388249043612e+03
-1.171902600146162285e+03
-1.310124027067578027e+03
-1.253692535638081381e+03
-1.083157006120521828e+03
-9.444725556121610452e+02
-8.264520716973297567e+02
-9.141370956564574044e+02
-1.102269217888073399e+03
-1.279972163375656237e+03
-8.989594743771378944e+02
-9.470230067413315282e+02
-9.420717051241595072e+02
-1.637615003842206761e+03
-1.633730203324345439e+03
-1.277390541560770316e+03
-1.249049850902793423e+03
-2.467200883568460085e+03
-1.061580821825593603e+03
-1.308623207599462148e+03
-9.510588412485330991e+02
-9.682190918924904963e+02
-1.453488318834532265e+03
-1.190716454569872440e+03
-9.277299403704566885e+02
-1.414794141844464775e+03
-1.776629809128438865e+03
-1.362358636571831539e+03
-1.915768386397472568e+03
-1.094750746908858446e+03
-9.587767994012252757e+02
-1.275390349350714814e+03
-8.443693614617282037e+02
-1.979799832206977953e+03
-1.613518894722814366e+03
-1.556825388558236227e+03
-1.628045182569817825e+03
-1.686807928913307478e+03
-1.765154991048080547e+03
-1.721223479204665409e+03
-1.294869354793594994e+03
-1.225754481921822844e+03
-1.084308845127509358e+03
-1.148894397068902435e+03
-1.726377510391137776e+03
-1.760247453098281994e+03
-1.682587398213325287e+03
-1.522138026196678311e+03
-1.359019210364572473e+03
-1.067715233575582033e+03
-1.196583549419218116e+03
-1.374949407548410136e+03
-1.122935397270221983e+03
-1.842026911101148016e+03
-9.568275692153991940e+02
-1.761128021389519517e+03
-1.464620280515763170e+03
-1.308262036691240382e+03
-1.677976990592965194e+03
-1.524504995747318389e+03
-1.391435614280909931e+03
-1.627880271302010442e+03
-1.270383564094971234e+03
-1.674024246588818869e+03
-1.339739661997816711e+03
-1.036289251974052149e+03
-1.649200429182350490e+03
-1.045509143437379180e+03
-1.676086673894682235e+03
-9.103131358491451692e+02
-1.179714699667947116e+03
-1.514535345358863879e+03
-1.175836110185076677e+03
-2.090885958902141738e+03
-1.380224821058721091e+03
-1.377888160841941044e+03
-1.031581644039184084e+03
-1.513085101990119256e+03
-1.440357743791204484e+03
-1.242547428414134401e+03
-1.255250994366512714e+03
-1.142950616380518568e+03
-9.616694479572433920e+02
-1.314736885253299988e+03
-1.218868568964989208e+03
-1.163277468544293015e+03
-1.086955127155159289e+03
-1.241561850545486550e+03
-9.785395223002160492e+02
-1.165707737450367176e+03
-9.036968395196273605e+02
-1.905012083644570112e+03
-1.033274518291922504e+03
-1.268435076049823692e+03
-1.765580313576177787e+03
-1.401790582441009747e+03
-1.494942347498547406e+03
-1.354477957135858560e+03
-1.246393287034069544e+03
-1.367861608036845610e+03
-1.696372375979664639e+03
-1.083414071276851473e+03
-1.480115274858062776e+03
-1.277991190230453185e+03
-9.879478962444695753e+02
-1.400327399579824032e+03
-1.226169656167460516e+03
-1.440112693101198829e+03
-8.914104383796458251e+02
-1.551440095292257638e+03
-1.436405659719858704e+03
-7.935210000892210473e+02
-8.685089374121869241e+02
-1.532817742390984222e+03
-7.105217241666102836e+02
-8.252609181800166880e+02
-9.488028612179675747e+02
-7.674048766382499025e+02
-1.720920513579776980e+03
-2.161119674778703029e+03
-6.918043412003557933e+02
-1.318221144924095370e+03
-1.718036752701178784e+03
-9.228814131791748423e+02
-9.523100466131782014e+02
-1.279253723253251565e+03
-1.681804519631537232e+03
-9.199305188906909052e+02
-2.284891319352759638e+03
-8.666666921497652538e+02
-8.945845820402679465e+02
-9.296793878471933112e+02
-6.842698195611606025e+02
-7.558687225094038240e+02
-1.025522475081250832e+03
-1.407038036595144376e+03
-5.591656743454036587e+02
-9.220078593132616334e+02
-8.092275916866085481e+02
-8.918515355740414634e+02
-9.238656345600876421e+02
-6.763432612489366420e+02
-6.942480470918778792e+02
-1.458771666210995136e+03
-1.310229964065166314e+03
-7.317822008066291346e+02
-1.318583279141703770e+03
-5.619690438651869044e+02
-1.317903334258152654e+03
7.566934713295117945e+02
-1.086841929781458930e+03
-1.121373657738406337e+03
-8.700715589291426113e+02
-6.084570818672798396e+02
-8.013749552966007741e+02
-5.916200567836555138e+02
-6.672103632437588203e+02
-1.038439364507479013e+03
-5.221778455770746632e+02
-1.143741876414163471e+03
-1.383566932424371771e+03
-1.271863040483923669e+03
-9.179614992020050295e+02
-8.574993457708168307e+02
-8.825141991671241612e+02
-1.094281854477790148e+03
-7.123988283587834758e+02
-7.292427953414889998e+02
-8.516333913290261535e+02
-1.089073119481453659e+03
-8.496706944003969966e+02
-8.809765950713807570e+02
-1.258381094079659078e+03
-8.390047894960690655e+02
-7.920675631310926974e+02
-9.738194351038314380e+02
-1.024244904763220575e+03
-8.332292441185163625e+02
-1.032897736953394542e+03
-9.267371929882168615e+02
-8.484595912215927456e+02
-1.015879829068944559e+03
-7.954128778667794677e+02
-7.094168763521681740e+02
-8.317993982936806105e+02
-9.209765248572446126e+02
-9.473592876092974393e+02
-8.601665388764322415e+02
-9.921701114047067449e+02
-1.159289376986272828e+03
-9.170787559874839872e+02
-1.211491513715161545e+03
-7.525843552571511736e+02
-8.957504863599202736e+02
-1.080317208653185162e+03
-8.063401662642578458e+02
-8.751384924637227414e+02
-8.383680083305989683e+02
-8.647865437275439717e+02
-8.711272937888495562e+02
-1.008107587939725363e+03
-9.269963071349045549e+02
-9.317190215512428040e+02
-8.032626567776956108e+02
-8.451466506609963290e+02
-1.054253744993447981e+03
-9.294637898599452228e+02
-7.998977764307760481e+02
-8.337509929052007465e+02
-1.003893220246487317e+03
-7.807961826610104481e+02
-8.468303401112851816e+02
-7.822791240058701305e+02
-7.643632960259903939e+02
-1.006974117838761572e+03
-8.060298019151684912e+02
-1.080673935248582438e+03
-8.549004081759266001e+02
-8.775472109960946909e+02
-7.282291350293864980e+02
-8.346289668763137115e+02
-9.243075686981509307e+02
-9.305430244941773026e+02
-9.124451314636080497e+02
-7.810443143698087169e+02
-9.184033738030926770e+02
-7.603595335272639204e+02
-8.890533040816079620e+02
-9.294936319850930886e+02
-7.115734702012287016e+02
-9.192753004754549693e+02
-7.402334107526157823e+02
-7.109558640277753057e+02
-1.048678903763042399e+03
-7.880441556746266087e+02
-8.418021158671175499e+02
-9.034968523052630189e+02
-8.483266827898482916e+02
-1.069787350596519445e+03
-9.057864449287636717e+02
-1.243235968253517967e+03
-9.379270440406716034e+02
-8.055234452902773228e+02
-9.383256513549209785e+02
-1.028722001967498727e+03
-1.354242792292618560e+03
-8.230305826400043543e+02
-1.294456168267729481e+03
-8.672334395678282135e+02
-8.769925263895087255e+02
-8.024502125480424866e+02
-8.033303117056503879e+02
-8.918079488793654264e+02
-8.790812039940794875e+02
-1.140760450446716277e+03
-7.627856566474763440e+02
-1.358090505473920530e+03
-6.705899006481457718e+02
-1.109641048944668455e+03
-9.290459982646081016e+02
-9.566524970680976594e+02
-9.619839065205821953e+02
-1.179909014555800468e+03
-5.824530676548481551e+02
-1.564751696040653087e+03
-9.869449297521174458e+02
-1.026103462681372321e+03
-1.014429999362210765e+03
-1.528580799316678394e+03
-9.351256511161466278e+02
-1.135511344933155669e+03
-9.250082816771241596e+02
-1.034457623357831608e+03
-5.796305086414970447e+02
-1.116910673116017506e+03
-1.036945172011243130e+03
-1.459971575551109709e+03
-1.259707027741833372e+03
-1.202452434886960646e+03
-9.759010775873472312e+02
-1.185526108639284530e+03
-8.378646055565193365e+02
-6.494175781390408702e+02
-8.339228791270903685e+02
-9.791150373926041084e+02
-7.671688787317515335e+02
-6.021391556135954488e+02
-7.437991052786086357e+02
-7.471784762702957323e+02
-7.981862572370976068e+02
-7.323634402984879443e+02
-9.512827717651466628e+02
-6.610757650322885866e+02
-8.527224927089930588e+02
-1.172400072911221287e+03
-6.497447310717282107e+02
-6.529995432826426622e+02
-8.395526482169378824e+02
-7.720103964786453616e+02
-5.542822090451530812e+02
-1.002116604019904230e+03
-6.717586935177813530e+02
-8.698859816959291038e+02
-7.521732305975182271e+02
-8.829059849541592939e+02
-5.965329203975807104e+02
-6.784330663408233022e+02
-7.555173050464387643e+02
-7.285009992016244951e+02
-7.706073586241549265e+02
-7.174117087613187778e+02
-6.635570866751540962e+02
-5.776994842976316704e+02
-7.506107683379414084e+02
-6.108793906709059911e+02
-7.586099331960127756e+02
-1.624503589217598801e+03
-8.694862439742880724e+02
-6.970910083437711364e+02
-7.792206357614101080e+02
-8.228007208201277081e+02
-6.194468380664231972e+02
-6.090277571380349855e+02
-7.531797387389799496e+02
-8.437230680202312669e+02
-7.095348935143493918e+02
-6.463849447216817907e+02
-7.434732561687765156e+02
-5.927028433817962423e+02
-5.451882852839040652e+02
-9.018022723688407041e+02
-5.697665930804345180e+02
-8.335180165364715776e+02
-7.008567413408849234e+02
-8.922257830300611658e+02
-6.451911866052973892e+02
-5.534586883310057601e+02
-6.842569112952338628e+02
-4.986777636914790719e+02
-4.879616847744368329e+02
-7.388057648341925869e+02
-6.192004449297413657e+02
-7.189768363205721471e+02
-6.923084115151755213e+02
-7.360747475328244036e+02
-6.239488735847356793e+02
-6.184474249553359186e+02
-5.591809411515317834e+02
-5.529613529193395607e+02
-6.046561553741432817e+02
-6.919296715630990775e+02
-8.219432168128839749e+02
-1.598151558148038703e+03
-6.332638746162897405e+02
-5.383812495218152208e+02
-1.492394822579014090e+03
-6.934332370852314398e+02
-1.248339496095085678e+03
-7.244398490234610790e+02
-7.615086745353582955e+02
-5.963857049994035151e+02
-1.788270079100845464e+02
-6.938774945588231731e+02
-7.387969940572635323e+02
-6.600254484087041646e+02
-5.622656630389262773e+02
-6.570755468323175137e+02
-1.105630698288797248e+03
-7.860879709972326737e+02
-8.717176998086370077e+02
-6.520060639652584769e+02
-6.155231773070679537e+02
-2.720143309829976488e+02
-7.406959036636930023e+02
-6.088703271496315210e+02
-7.363176039260908965e+02
-1.947748559646884132e+02
-4.345306562010523521e+02
-5.179723369618048991e+02
-7.658081942704081939e+02
-7.549742236944703109e+02
-4.653397910362683092e+02
-5.538888706066570649e+02
-6.654108535579792942e+02
-4.789702622696941035e+02
-3.819609152314169478e+02
-3.935930951597783860e+02
-7.065396512222206411e+02
-4.630069083557663703e+02
-1.299315468196231450e+03
-6.130891312603635015e+02
-4.689441310501925955e+02
-1.518807497179730717e+03
-5.944542691913604813e+02
-6.732587310646977130e+02
-5.791690634273711566e+02
-5.117693110362933453e+02
-1.155355793011587593e+03
-5.121684500053105467e+02
-6.978973700106620299e+02
-1.099369540374872486e+03
-6.642446998452936668e+02
-6.335180026791331329e+02
-6.867734950525265276e+02
-7.173006941984114064e+02
-6.631597874812123337e+02
-7.308233037296620296e+02
-1.756856997913317855e+02
-6.604578764682905785e+02
-7.018669261432164603e+02
-6.848259207096202772e+02
-4.368473870457623889e+02
-7.339485613222436768e+02
-6.952073311538259759e+02
-6.903767635070794313e+02
-6.844292306292588819e+02
-7.207995089318106920e+02
-5.471194603503413418e+02
-1.950208791926581853e+02
-6.977982701388841633e+02
-6.914904422585038901e+02
-4.230902397619425983e+02
-7.460802748767923731e+02
-6.324080712084318066e+02
-7.393451174890717539e+02
2.905712515871821324e+02
-1.552827072059511238e+03
-1.009526132390051771e+03
-7.312061507979460657e+02
-7.987977483126612697e+02
-4.055799312460288206e+02
-5.600111271933210446e+02
-4.845749450480940936e+02
-9.583117045167391552e+02
-1.554642759713136684e+03
-7.726300982918503450e+02
-5.993224208490416913e+02
-7.150187305092119914e+02
2.199620602657824975e+01
-1.153249293074198476e+03
-3.578256293124701415e+02
-6.308359370767626615e+02
-7.157887954783104760e+02
-1.615493679830266501e+03
-4.905683035606126055e+02
-6.078074467255655691e+02
-1.462321098373546874e+03
-1.407802502028213212e+03
-2.556365231079562363e+02
-2.200299068657987505e+02
-5.822934959251446116e+02
-6.992227322061869472e+02
-4.738495909909753436e+02
-6.970170473593766474e+02
-5.396126878002468175e+02
-2.799523594115159995e+02
-4.542973817945456858e+02
-5.464338315067163876e+02
5.816692183487524517e+02
-4.682878584082698126e+02
-4.841573722247015894e+02
-5.114593537431263712e+02
-6.267693753585512013e+02
-7.312802259861462062e+02
-9.482032447813671752e+02
-1.891666684086966654e+02
-8.871203851877125999e+02
-1.383309805197862033e+03
-4.969108438461905166e+02
-1.043922353144796489e+03
-6.220091738822985690e+02
-7.704507433682636020e+01
-2.583433717800755289e+02
-1.186767422796395749e+03
2.086195147230887414e+02
6.102931044270312668e+02
-7.660493380532236642e+02
-5.415807846162709893e+02
2.196137657748662946e+02
7.368201182285893083e+02
-8.609150539970660247e+02
2.728876089127956561e+02
3.417954801890290355e+02
-3.599290700070675371e+02
-5.166341495595406741e+02
3.164832196919232388e+02
2.233585192790789051e+02
-7.487977942690306463e+02
-1.401315335995610894e+03
-4.381898544762574375e+02
-4.638928548104603351e+02
-1.556039390917138007e+03
-5.050332385983923587e+02
-4.703169435057482133e+02
-5.851257665746612702e+02
-1.341794377020706179e+03
-5.538993640000923051e+02
-6.298955127143802883e+02
-1.212138632112649702e+03
-5.223200026076142422e+02
-5.860463256143177659e+02
-5.370802490953558390e+02
-5.102225877782669841e+02
-4.537923616646310165e+02
-3.956746097865473075e+02
-4.816185944897978288e+02
-7.656239920455166157e+02
-4.809357807487804735e+02
-8.117166428227153574e+02
-6.531160872319428563e+02
-5.870530981227741449e+02
-7.928872303966481923e+02
-5.461563117908938239e+02
-6.371556286186264515e+02
-6.261051154354664732e+02
5.430773452919754618e+02
-6.130683673537490677e+02
-6.371530548244029433e+02
-5.482712912135780243e+02
-5.498049822838917180e+02
2.418790081013386839e+02
-5.617498146117015949e+02
-1.617528333339364963e+03
-1.442712911052655727e+03
-4.930383168620458605e+02
-9.962050098241072646e+02
-1.004295777608323533e+03
-8.600979528640366425e+02
-1.683385326904883641e+03
-1.651684272147493857e+03
-1.316845156417400631e+03
1.006653320811302592e+02
7.965149941934845401e+01
-1.464478697170050054e+03
4.259849694844068040e+02
-9.120115840753030625e+02
-1.344263444395443457e+03
-7.568030112537765035e+02
-5.802352787321573260e+02
-3.351058160410871665e+02
-5.900048503998539218e+02
-3.573509525270874292e+02
-9.011478315579768150e+02
-7.635253660919095182e+02
-7.899110264827975243e+02
-8.696339663956489403e+02
-9.720302895029835781e+02
-1.068285025082769380e+03
-4.453464380043741926e+02
1.213525724730462798e+02
-4.608972011783863536e+02
-3.412453108980500929e+02
-1.162453142685773855e+03
-5.855727277094390502e+02
-3.453158962923703257e+02
-3.368329879366887667e+02
-1.132485351864612085e+03
-1.057804597480946541e+03
3.495031599427540527e+02
-1.078187775325506209e+03
-7.834937534324619719e+02
-1.133170770108605439e+03
-1.115823768147255350e+03
-1.443636617355928820e+03
-1.340658487015264200e+03
-1.753332325071397463e+03
-1.164134190413309398e+03
-6.190591215926259565e+02
2.514202738122762639e+02
-1.471109380670705150e+03
-1.401066713272568677e+03
-1.429974905255537578e+03
-1.056926224892960818e+03
-2.773547797000464925e+02
4.772792686253717420e+01
-1.292674438793419085e+03
-1.017191413088743730e+03
-1.906041553537318975e+02
-6.555835769811470755e+02
-1.051459131621731331e+03
-7.144171815747389473e+02
-1.017080687700864701e+03
-9.154209574715339386e+02
-1.248329382373957060e+03
-8.515094055782592477e+02
-1.067179069413107982e+03
-5.386075330460025725e+02
-4.218876446907835316e+02
-6.118779166130318572e+02
-5.186070152300285372e+02
-3.773849264393305702e+01
5.243389941084080874e+02
-9.704475855190994480e+02
-8.917753330804832785e+02
-7.598133187629989607e+02
-4.702934964428284275e+02
2.917405534306033132e+01
-1.265038364079633993e+03
1.169328751667599704e+02
3.957909404675803557e+02
-1.085330920064250790e+02
-2.928344553765410865e+02
-1.945728539962895809e+02
-3.126051127100842564e+01
4.656566297805453019e+02
2.175798162244441869e+02
-2.956828118456928678e+02
-4.051930935022085123e+00
-1.176914269955533200e+03
-7.437715449434650736e+02
6.659969250379145933e+01
3.505464925841342279e+02
-3.740396357374472132e+02
-5.026735529403776468e+02
-7.130578077184503627e+01
2.378818523943601804e+01
-2.901735949416836888e+02
-3.518223972682366139e+02
-8.139421520396274445e+02
2.401660541786480962e+01
-1.598747569241496933e+02
4.124870887679857674e+02
-7.896383831071858594e+01
-1.031554342343913049e+03
8.443137500756461122e+01
8.227578701210148893e+01
-2.933501777073504400e+02
-2.254955516660153023e+02
4.547003199780408522e+01
1.854385508261630662e+02
-1.677379944509605139e+02
-3.614526987993846774e+02
-4.137166036050650746e+02
-2.657758521584183313e+02
2.754156111024113329e+02
8.861026280665669219e-01
3.133388337801068246e+01
-4.298974696882689841e+02
2.507052997337930833e+02
2.824699641178795559e+02
4.591773704190846956e+02
7.960901202738102711e+01
-1.385039924808274066e+02
-4.953442287412523228e+02
-2.566854192510609209e+02
7.008828588234275685e+02
-1.121539213498375602e+02
4.749726026361907998e+02
-2.124678597995192604e+02
6.172453568506221018e+02
3.120880521541682242e+02
1.756200306800587896e+01
-2.460739254789152142e+02
-3.902995446065912688e+01
-1.617255293271863366e+02
-2.703109682417429553e+02
6.045725002823388650e+01
-3.052089611729717262e+02
4.789990689244692135e+02
1.371349014244887030e+02
5.336197044516966344e+02
5.474424541351270364e+02
-2.648542009108094248e+02
3.694985218727509846e+02
3.568824679775690925e+02
5.166630338286553297e+02
7.072562264238058560e+02
3.669592748348722466e+02
1.042030757481175442e+03
7.567388802741832023e+02
-1.429896673704569821e+03
5.485486677625626726e+02
-1.402693512408760398e+03
6.631246623520360117e+02
-5.680732887205284669e+02
8.287861531942539841e+02
4.652806220758160407e+02
7.061094101696302232e+02
8.654474583131154759e+02
7.266284642503519535e+02
-8.584010817133190585e+01
8.008069205286428769e+02
9.879629459602783754e+02
8.448856454476879208e+02
6.070977337216218075e+02
4.871678969875627558e+02
1.070249814552211092e+03
8.708665189487398948e+02
6.851331796746177361e+02
7.499778055872018285e+02
3.534957690106733139e+02
1.013217432080032040e+03
6.477804643582971948e+02
9.674564327603706033e+02
7.906461632158857356e+02
9.420556252065689478e+02
2.708937219514853609e+02
7.340636529966379840e+02
5.071136276787283350e+02
8.489855866421041810e+02
7.970080251128849795e+02
6.719388617942578321e+02
8.161034490888318942e+02
5.334071315356391096e+02
7.822189383195722030e+02
2.969937490497901535e+02
1.042852356126113591e+03
3.388352319763052947e+02
2.664687727794095622e+02
7.987446170036289459e+02
9.116517338088851830e+02
7.882886648308721078e+02
9.479071081028232584e+02
8.704178209822678127e+02
6.220281273912783035e+02
-7.085441040125052723e+02
7.451526108472013448e+02
6.765041433417297867e+02
5.816078018811907668e+02
-6.391628808403971789e+02
7.111662728113071807e+02
5.179819144149307704e+02
8.508809170630474910e+02
-3.590711779639893280e+02
5.181466250310064652e+02
6.953062298505362833e+02
8.357332481701987490e+02
6.533308719591368572e+02
7.317947825669004942e+02
9.363988033533188400e+02
-1.098345282716845759e+03
3.296161372445716324e+02
2.749478270981605306e+02
6.742305203396354045e+02
2.035774714662876477e+02
-8.067713249092705041e+01
-5.540044962589668103e+02
-4.545063908074575352e+02
2.819736459243588911e+02
-5.971073408057349070e+02
-3.568129658030615019e+02
-1.087385274644885385e+03
6.774096390414478037e+02
