-2.317926996074724684e+03
-6.691525682939266062e+02
-6.460711015034710272e+02
-5.989015158549708531e+02
-6.542028023243728967e+02
-6.216374812753001606e+02
-7.239665375303650308e+02
-6.852525848925969285e+02
-6.925285650921813385e+02
-6.636120249839275402e+02
-4.684755740847534184e+02
-6.035583520686242309e+02
-7.052228805917941372e+02
-1.155661909073776314e+03
-7.086066407285480864e+02
-6.247241024602667494e+02
-7.173325804721063150e+02
-7.872862833785914063e+02
-9.002677743054832717e+02
-9.463259430567569552e+02
-8.400090715528028795e+02
-8.339512600335613115e+02
-8.223112272755006416e+02
-7.479622780987015176e+02
-8.333722592243576628e+02
-8.320196922401811435e+02
-8.159274112063403663e+02
-8.609718770568604214e+02
-8.680369601433291109e+02
-7.823673005063322989e+02
-7.394403092868666363e+02
-6.860988133350391536e+02
-8.814692091371061906e+02
-7.323073915520795936e+02
-8.932511676775047818e+02
-1.075960322457963230e+03
-8.366671848945318288e+02
-1.101961855162804113e+03
-1.032707355451902231e+03
-7.293193489476202558e+02
-7.575209740731628472e+02
-7.398308597650277534e+02
-1.180068682640049701e+03
-8.168228485363930531e+02
-1.091586226831963131e+03
-8.326953553261803336e+02
-9.600462806067782822e+02
-9.635896817140977646e+02
-8.246642193288814724e+02
-1.025128008761670799e+03
-1.113079138712304939e+03
-9.277800231921182785e+02
-8.475137311073231103e+02
-7.411622828119512860e+02
-1.028952495809505081e+03
-9.324360753711927146e+02
-1.085594903244962097e+03
-9.046758736595189703e+02
-1.096601135161255797e+03
-1.157974483535325817e+03
-8.426420277623922175e+02
-8.957382242644871440e+02
-7.133959464935397818e+02
-6.438175678716897892e+02
-7.210765567963790090e+02
-7.751429095772393794e+02
-7.363974710393382566e+02
-7.733358162534431131e+02
-6.735855912778216634e+02
-7.433074957295684726e+02
-6.066191397364601698e+02
-7.592026536500037537e+02
-7.475747006160231649e+02
-8.321706143382825758e+02
-7.466723669512344941e+02
-9.583445773948728856e+02
-7.738153876893070446e+02
-7.917325622927228324e+02
-7.944922671371891738e+02
-7.404155962367506163e+02
-8.067142480922566392e+02
-6.201454214497033490e+02
-8.339476503013953561e+02
-8.109481936357209406e+02
-9.558029514753224021e+02
-8.280739678498810008e+02
-8.066120521663131058e+02
-1.063998511249450075e+03
-6.241104774857810753e+02
-7.503480064925462329e+02
-9.833941513350722516e+02
-8.726661696829726225e+02
-8.413764834252513083e+02
-1.115084395057575648e+03
-1.126803250955065550e+03
-9.617011005979634319e+02
-6.770972660382790309e+02
-7.876827844625533999e+02
-7.443525590473140028e+02
-7.244022807036085396e+02
-6.550854630007027026e+02
-8.458900815054921623e+02
-8.805241368087555429e+02
-7.678847669920901353e+02
-8.208320651961652175e+02
-7.829891779492568276e+02
-8.039871896320405540e+02
-7.047213986609463063e+02
-8.317906472457239033e+02
-8.420218204227064689e+02
-8.043146632965247136e+02
-1.012077624193180554e+03
-1.103528075873948183e+03
-8.361479452635252301e+02
-8.167850768948442237e+02
-9.089459704536084246e+02
-7.210797536647884272e+02
-1.232276388515606868e+03
-8.433696951947662228e+02
-1.398531994213378766e+03
-2.017745070343678435e+03
-2.320206298173704909e+03
-1.250313523151363142e+03
-8.013254569213823970e+02
-8.337515367348061091e+02
-9.018801960132107070e+02
-1.499658792457853679e+03
-1.667804522757049199e+03
-1.300782751482924368e+03
-1.083390291822803420e+03
-1.035897478594485619e+03
-1.122462398902435098e+03
-9.335342239459364464e+02
-1.979872882510426507e+03
-1.161101562212777480e+03
-2.255846908787534176e+03
-1.420909389854184383e+03
-1.240944086484009858e+03
-1.209330817316326829e+03
-1.148637815401232729e+03
-1.243681699062246480e+03
-9.735402171613412747e+02
-8.279512239677571870e+02
-1.293602059763705483e+03
-8.906420819755647926e+02
-7.092175582371356768e+02
-6.311238713876991824e+02
-6.597663599174247793e+02
-8.775579678702722504e+02
-7.470099495575250330e+02
-6.364107515539260476e+02
-8.220183735333459936e+02
-1.134220017498135121e+03
-1.184070396199658717e+03
-1.497764071030160267e+03
-6.200010957354401171e+02
-7.183194475994041568e+02
-8.091420005869523493e+02
-8.961853048347481945e+02
-9.735337961263635407e+02
-8.203604619548386836e+02
-8.247806040819824602e+02
-8.563756337719947851e+02
-8.141624309909867634e+02
-1.651746594015286291e+03
-1.355292513323145386e+03
-1.606556896392787166e+03
-7.327291522132443333e+02
-9.182219026545751603e+02
-7.785082328885179095e+02
-8.483069420438106363e+02
-9.751365434106127168e+02
-2.446441202582553615e+03
-7.861561021997931675e+02
-6.501590063975837666e+02
-8.075324676035983202e+02
-1.059077913478639402e+03
-1.158310504674027243e+03
-1.169062769150436225e+03
-1.186709742570335720e+03
-1.536022877628974129e+03
-1.019293487785887919e+03
-8.145079128945267257e+02
-1.115981651903617831e+03
-8.023215164581322369e+02
-1.047447919621549090e+03
-1.106122393992464367e+03
-8.994856303745884816e+02
-1.125474302298676093e+03
-1.141158142845436942e+03
-9.184709139526319177e+02
-1.282129226990297866e+03
-1.235478275334707178e+03
-1.332514142138638363e+03
-1.917862125699091848e+03
-1.347479418824424556e+03
-1.437098902690363957e+03
-8.735433374267105364e+02
-2.026551318059857749e+03
-1.270066120648705692e+03
-2.180494377124467064e+03
-1.266986584912691796e+03
-1.325903340749409381e+03
-9.041783295831620535e+02
-1.656720193037875788e+03
-1.103660424817891226e+03
-1.302871127748006529e+03
-1.457555522616727785e+03
-1.306418679838013759e+03
-1.276746436873069115e+03
-1.843871686858835119e+03
-1.558768511865517667e+03
-1.512771111278123726e+03
-1.485958794168496752e+03
-8.782775295937005922e+02
-2.721953258469594402e+03
-1.181438718018460122e+03
-1.509160465826910240e+03
-1.690703319753040660e+03
-8.681654819990842498e+02
-1.627177245182406068e+03
-8.042545823171130905e+02
-1.785256901526977344e+03
-9.110074351297548674e+02
-1.269342191350764551e+03
-1.098964412546874655e+03
-2.109558027219377436e+03
-1.461758247810714010e+03
-1.707530657743119946e+03
-1.150347984252436618e+03
-9.329517013005381614e+02
-1.586944813272490592e+03
-2.302159715621652595e+03
-1.224119885497329960e+03
-1.081162200968589786e+03
-1.129179916221138001e+03
-1.622141992792404608e+03
-9.035178357627394234e+02
-2.782837365383187262e+03
-1.624831038205423965e+03
-2.015409692017650514e+03
-1.629227176008297420e+03
-2.993466485984007704e+03
-2.152376925227591983e+03
-2.608903905136642607e+03
-1.199825040438392989e+03
-1.572376247536468782e+03
-1.662618677014327432e+03
-1.158373825348116952e+03
-3.113631956393485325e+03
-2.588639452497802267e+03
-2.674920184574500126e+03
-1.184323320213751003e+03
-1.210164049205450056e+03
-1.135815841557652902e+03
-1.650483711962388497e+03
-9.208718477738084403e+02
-9.933384377713248341e+02
-1.055922000591135202e+03
-1.486441463895026345e+03
-7.004495858944960673e+02
-1.262253873368391623e+03
-1.024520467911238939e+03
-8.246366138148089249e+02
-1.851873046408641130e+03
-7.761751708745855467e+02
-8.565404432610672529e+02
-6.868296412542003964e+02
-1.711344316361588199e+03
-1.184337142515045571e+03
-2.172020397737601797e+03
-6.730482630843100651e+02
-7.779773589986028810e+02
-1.257288188685976138e+03
-1.122024081578859978e+03
-1.422851189454774612e+03
-1.154631138172570445e+03
-7.023634527506117138e+02
-1.326136214306953434e+03
-1.742024882028632419e+03
-8.063482262834494350e+02
-1.580805079067097495e+03
-5.605171816208735436e+02
-8.685812844992185546e+02
-2.032666651550409824e+03
-3.873926591705720739e+02
-1.098139505972010056e+03
-7.294703762406708165e+02
-1.493421270885399963e+03
-1.981942894986143983e+03
-5.458799119245533120e+02
-7.934411981971078376e+02
-1.353763998834692984e+03
-5.245719769929820586e+02
-1.772076307800493396e+03
-9.352058098968351487e+02
-1.512783108035398300e+03
-1.041769364237042282e+03
-8.124780298471866899e+02
-5.078515412548524068e+02
-2.009521334565710049e+03
2.905183364236469288e+02
-6.486886507167362197e+02
-4.642529637799852935e+02
-1.090407111734789851e+03
-3.263591470613873753e+02
-5.620268997827477051e+02
1.257630867935305787e+03
-6.927092769001985744e+02
-4.828170946745178753e+02
-8.876596740404975208e+02
-1.220976085098557405e+03
-1.046139944984245858e+03
-7.303921580589246787e+02
-5.125143974405176550e+02
-9.216358148569031528e+02
-8.387928804889656931e+02
-8.294161322138231753e+02
-8.316931755944244742e+02
-8.455305446946854886e+01
-9.167590895677240042e+02
-3.431259257558890567e+02
-3.943983516557284474e+02
-8.307107291409352001e+02
-3.695474163956330926e+02
-1.026249071261716608e+03
-3.213141937798061463e+02
-5.680903345297524254e+01
-3.633736835680643935e+02
-5.869761413025161119e+02
-1.953373471662615373e+02
-4.338705295490085518e+02
-8.296763259637276633e+02
-6.869166518933174359e+01
-1.642987027695428424e+02
1.378805354312169129e+02
-1.601215667025328742e+02
-1.071347893534536752e+03
-5.330931210280623418e+02
-6.868782610167185112e+02
-1.780002784874102133e+02
-6.276886144029327852e+02
-4.262713126128853105e+02
-3.451971735886703527e+02
3.476361733923928341e+02
-6.600327895916434500e+02
-6.687709929333163927e+02
-1.051685011655989683e+03
-8.527884540318423205e+02
-4.321717842247379622e+02
-7.271770687537879212e+02
4.138174046386460248e+01
1.237776352534383705e+03
-3.089604939784429689e+02
5.990749443768845595e+01
-8.007482049206106467e+02
-2.347516848117854238e+02
-3.988783208749247251e+02
-2.826048406767482675e+02
-4.900394928487339143e+02
-4.564637806009201881e+01
-7.724861056195082654e+01
-2.737277685540355492e+02
2.802943468179051933e+00
-1.027861399776944609e+02
-1.830595116037225978e+02
-3.527587451188719569e+01
-3.490129937333522321e+02
-2.183566349580273709e+02
1.074248585535694076e+02
6.691452807420307636e+01
-6.796595958323304103e+02
-1.357155087307317842e+02
-2.281668018904420308e+02
1.158287222899694910e+02
-1.136305071698952361e+03
-1.220041255344874855e+02
-2.155332347029479649e+02
-2.414800187336024919e+02
-2.276493042936343159e+01
-9.444648806717782463e+02
9.019061038992815327e+01
-1.305630883408996397e+02
-8.183524263825636353e+02
-5.497106316664511496e+02
-5.334492229130308942e+02
-9.707330457521828748e+01
-6.511034986412905710e+02
-1.429867852076878876e+02
-1.372456915900763306e+03
-4.656885450092037217e+02
-1.446545923029054620e+03
-9.451723681524479161e+02
-1.407413847637824915e+02
-1.304055997058047069e+03
-3.536361871533720205e+02
-5.187220090852644034e+02
4.287178521386026659e+02
4.846020157987065886e+02
-5.624187447458018596e+02
-8.023310279189048515e+02
-2.183108513216419055e+02
-1.383690187444479420e+02
-6.597842587130569427e+02
-2.304657144239622824e+01
-3.936658948828508642e-01
1.589443971989260831e+02
-8.441193799654928398e+01
-9.574059613159299715e+02
-4.879533615504334421e+02
-1.061833318823707486e+03
-6.639022273059906638e+02
-4.025705311825288391e+01
2.842508664425879488e+02
-7.018167670919490320e+02
-2.571056915538368912e+02
-5.697966901079537365e+02
3.779956052322337712e+01
-6.926850377070808236e+02
-7.778689982034404693e+02
9.673965707242243752e+02
-2.066884772771568635e+02
-9.584891943011126614e+02
-5.896516662439305492e+02
-7.039804823152381914e+02
-1.298292314075623835e+03
-8.202620415266101190e+02
-9.047489373180586654e+02
-3.345957603272265146e+02
-9.444824357049037644e+02
1.366772465096298674e+02
-9.672130247439500295e+01
-2.928535534480091655e+02
-4.141471525042827011e+02
-9.267624322458594861e+02
-5.518353089011266377e+01
2.293023888635696750e+01
-7.455508861377863923e+02
-2.903348304588708970e+02
5.473976886764829715e+02
-1.161210311720324626e+03
-1.287725291078622149e+03
-4.139527694920848262e+02
-7.853431794983139298e+02
-1.522201549125063138e+03
-1.805547571528226172e+02
-1.102229952605647213e+03
-1.917397064178447295e+02
-4.606583543276170190e+02
-7.389974797558085129e+02
-6.791333062372125369e+02
-1.432967970759728587e+03
-8.148227381279027668e+02
-1.293056804736170079e+03
-8.097032846948474116e+02
-1.054372950594098938e+03
-3.643756635128935528e+01
-7.294208826122526261e+02
-4.461747591631236105e+02
-2.380685347728697536e+02
-2.433979359720883338e+02
-1.782562335916563256e+02
-1.614063966464026407e+03
-1.145633187247164415e+03
-3.919927346085642057e+02
-4.692933092517320119e+02
-1.322289964963099692e+03
-8.114346844104675256e+02
-5.154479425885202772e+02
-7.137374379296470579e+02
-6.509613079591460973e+02
-9.611156527021290685e+02
-6.572738150120851515e+02
-6.830205117653372326e+02
-1.005445264023573827e+03
-4.633416143097159079e+02
-5.535100154092318689e+02
-4.260108272148958690e+02
-6.143846492313891758e+02
1.545720894737577744e+01
-3.299284979277394427e+02
-6.771034332017718498e+02
2.141973783511562033e+02
-8.719115625874277384e+02
-4.856262432006759013e+02
-3.976819748627187323e+02
-6.650828681661981818e+02
8.785158592922418848e+02
-2.128454102045465106e+02
-3.301619110357473801e+02
-3.034556352757279001e+02
1.280540940264427263e+01
5.070767351067518689e+02
-5.577383289341174759e+02
1.225019116717155896e+02
2.277618899954519520e+02
-4.145900885357375500e+02
-2.414113815223886945e+02
5.924376244960961913e+02
4.890318797127729340e+02
-7.232335211813847309e+01
9.088269914655386401e+02
-1.848977316585650499e+02
-5.156051817046387669e+02
-9.605087479944820643e+02
2.842851945896974541e+01
4.782137462640529861e+02
-2.492562043574039592e+02
-1.250884457190389440e+02
-9.075928981767912092e+02
-6.223421943136143000e+02
-1.211945863681811034e+03
-1.219005143247176193e+03
-7.686339734549329705e+02
-1.294202856654340394e+03
-4.842656676110404845e+01
-9.357375499755597730e+02
-5.417066429192309442e+02
-2.526340296211456575e+02
-1.038770956581778591e+03
-8.169274113038987934e+02
-4.721945646161718741e+02
-9.355514222520913563e+02
4.231561911637377307e+02
-8.284843814647149429e+02
-5.234446720437480280e+02
-5.933440102537693974e+02
-7.260555486160562850e+02
1.604309541798459406e+02
-4.630488788883033067e+02
-8.359898883673143928e+02
2.099890675150081165e+02
-2.538067400444623445e+02
-7.880007843037626571e+02
-8.188072147010020672e+02
-8.727160043735755153e+02
-9.749743312958420347e+02
-7.865937594726402722e+02
-9.092323251236888382e+02
-6.584214497800047639e+02
-5.404459269872302229e+02
-4.852643326915348894e+02
9.496133041995842916e+01
1.010977430914790176e+02
-4.708977402395129843e+02
-7.648226308370993820e+00
-8.074297449587227220e+02
-5.819977396586391478e+02
-4.150644375811050679e+01
-2.034104159865431143e+02
-2.514875354345824690e+02
1.260164416752785144e+02
1.077313101153760044e+01
1.326321633732818839e+02
7.643862541324853055e+01
6.756004100234235921e+02
3.413588097791761129e+02
5.722287719853677572e+02
4.227283832731054645e+02
5.008349219937315979e+02
1.865383996562687230e+02
3.065623366606087075e+02
4.520381776990356002e+02
2.341106546106681776e+02
2.682780262081633396e+02
3.520026854434648271e+02
3.550209419227513195e+02
5.027920401109992667e+02
5.168839357560300414e+02
5.677891828111667110e+02
3.714257013611168077e+02
6.556905240586688706e+02
7.026087044089158553e+02
8.669020325594062797e+02
8.897318171850128010e+02
8.206650608375516640e+02
7.584407643533463670e+02
8.789781852423933515e+02
8.530400056276830583e+02
9.268261774022771533e+02
7.178194499897406331e+02
7.096936193173960419e+02
9.060804309287428850e+02
3.579537549362295863e+02
7.542444226547746666e+02
4.945314318731424237e+02
4.220033762049306461e+02
7.546774683335970622e+02
5.938334795929777101e+02
6.029846950563675136e+02
7.642480303833277731e+02
8.060799918934503694e+02
6.561805591714924049e+02
6.503649694544343447e+02
5.008272910233818038e+02
7.005548252121232053e+02
1.084596011539190158e+03
9.563437046969345374e+02
8.546937014694771051e+02
3.625129164358295384e+02
8.665880027597415847e+02
7.970395905048656005e+02
9.950896129946216888e+02
1.189153629569786290e+03
9.269141263952067220e+02
9.499354379507409476e+02
1.268643687862033630e+03
1.115421968296290743e+03
9.069517792089058048e+02
1.101341354277242090e+03
1.008035726128605233e+03
1.013816487226944446e+03
1.076407104643674757e+03
1.079896293266301200e+03
1.032180912565821245e+03
1.099830333137446587e+03
1.095912839572546090e+03
1.065704240828235697e+03
1.039200231720078136e+03
1.280620156051518961e+03
6.635647549629366040e+02
1.075224937681809706e+03
1.312351421393835381e+03
1.322220694901459638e+03
1.142319078062277185e+03
1.296164666512476288e+03
7.694729123407934139e+02
1.002270884512804969e+03
6.280000704895098806e+02
1.046021995516678089e+03
1.234399122212765405e+03
1.175520303236151449e+03
1.142005593371669192e+03
4.952179327256916395e+02
6.142661179921614121e+02
1.066995457922897685e+03
7.733070660076958802e+02
8.350475506912168839e+02
4.806645154707718461e+02
6.852765758124076001e+02
9.788428660067211240e+02
6.795897404849688428e+02
8.785063068543818190e+02
1.381245276231078094e+02
1.121318443955387465e+03
5.455187752648294008e+02
1.113849143804950700e+03
7.728401630667736981e+02
1.176587073895345839e+03
8.624003350184034389e+02
1.042542065492098345e+03
1.237622095294528435e+03
1.442790688670457484e+03
1.009547601231206613e+03
1.200053543453886050e+03
9.659706003032358694e+02
1.142815907298347611e+03
1.036471045771307672e+03
8.359710937512833198e+02
9.900520956648585980e+02
1.054862493153362038e+03
1.110963868696230293e+03
9.507958573529602972e+02
1.153364342869963593e+03
1.174456654341878220e+03
1.076304946739225670e+03
7.514504586248840496e+02
9.305424762258185183e+02
1.155193821407913674e+03
8.997305819767657340e+02
1.158439347474035685e+03
1.146962583515863116e+03
1.193734999060272457e+03
1.207928277529671504e+03
1.184687389580224135e+03
9.884167179140125654e+02
1.121759440950744874e+03
1.020175183606526161e+03
1.125035918573208619e+03
1.375582497462030688e+03
8.562355928884870764e+02
1.228533535493721729e+03
1.101337786545464951e+03
1.253975137912480932e+03
1.249875794180579760e+03
7.994610481441455931e+02
1.254614771447997782e+03
1.308367597291060974e+03
9.878001478089764760e+02
1.025562301895912697e+03
1.158727931782707401e+03
1.210499591963269495e+03
9.330381063383561013e+02
1.260165715680803260e+03
1.158559152815361813e+03
1.075830608868540594e+03
1.007420312606172502e+03
9.330628445807249136e+02
8.840971511557039548e+02
1.198329561927356281e+03
1.222154629352338816e+03
1.009526927905415732e+03
1.244868515885129455e+03
7.310857419485686250e+02
1.052935996942180282e+03
9.537445246562870125e+02
1.405934842686748652e+03
1.170392687578384766e+03
1.112757458869042921e+03
1.057585994201636368e+03
1.026935340428033669e+03
1.054560586432060745e+03
1.036345982871686601e+03
1.267621065411530708e+03
1.085859519375879017e+03
1.166134394224000062e+03
9.898263015346659586e+02
1.190492162965032321e+03
1.088775902465029276e+03
1.265530851998993285e+03
1.053482485936662215e+03
1.204081639384270829e+03
1.172790626209778793e+03
1.278570199611265252e+03
1.080890547180606745e+03
1.325923162745699301e+03
1.111767985244883675e+03
8.895214817215572793e+02
1.252782630192843726e+03
1.240825694766293964e+03
1.262084443649934656e+03
1.423285072411017154e+03
1.154318331869186522e+03
1.216178109224731770e+03
1.045654598852261643e+03
1.022898215907371309e+03
1.087082362169591761e+03
1.524885660926007631e+03
1.085754000226563676e+03
1.202966739314062124e+03
1.186036726243935391e+03
1.150333193534369912e+03
1.010196683549354475e+03
1.159840543150989561e+03
1.381891103904250940e+03
1.049658871159766477e+03
1.218327611914040290e+03
1.449287752038476810e+03
1.297339256323783729e+03
1.078551924356671407e+03
1.187414735838890465e+03
1.173837871203211307e+03
1.091536638249166572e+03
1.003825621038158602e+03
1.127707048523120875e+03
1.065396414928024114e+03
1.118882265103990221e+03
1.098056087388169544e+03
1.131063945063755000e+03
9.952951464815267855e+02
9.164741452113265723e+02
1.090114158613009522e+03
9.272167792444031420e+02
1.003157160618966373e+03
6.814573696187396763e+02
1.089549117924431357e+03
1.038591123583115177e+03
1.135965084017418121e+03
8.792421162752690407e+02
7.318665817090405881e+02
9.545453380987391938e+02
1.287091818236279096e+03
9.996728001311911385e+02
1.185021537623146060e+03
1.150275304247974873e+03
1.114455151034333085e+03
1.137336541229247359e+03
1.098915233881285985e+03
7.383264456296150229e+02
8.944056940133759781e+02
8.532258260887074357e+02
1.177211783131237553e+03
8.391115096625561591e+02
8.883933527895067073e+02
8.635201977154230235e+02
7.791192074619808636e+02
9.673895248360786354e+02
9.614234611211415995e+02
1.002756149226702860e+03
1.309822157451804514e+03
9.329923569336699529e+02
1.083986093658238133e+03
1.155540235358474547e+03
9.774186931123690556e+02
9.517527431026796876e+02
1.140415966167252918e+03
1.197500168455305129e+03
9.823508649157979562e+02
1.172735322852254967e+03
1.005395032765505903e+03
1.333874526741133877e+03
1.293164638119730398e+03
1.075269902274948436e+03
1.098618522859418135e+03
1.312775330865463275e+03
1.317334510863413470e+03
1.243105214179187669e+03
1.198943926897914025e+03
1.283132795054543294e+03
1.152332072288695144e+03
1.240145861255864475e+03
1.337443185555214313e+03
1.055244652915221650e+03
9.956962528361558498e+02
1.343463214925893908e+03
1.136906675518183192e+03
1.233686459077836844e+03
1.153860268412255891e+03
1.252620101230020964e+03
1.105057989861947590e+03
9.929653302143294695e+02
1.113389114996380158e+03
9.201112150808851311e+02
1.175436863848733083e+03
1.087237496966448589e+03
1.160816475203238042e+03
1.255189944897005262e+03
1.338325731313060032e+03
1.335925703624933703e+03
1.117426401827743348e+03
1.230715694467113735e+03
1.335940425049420128e+03
1.253756393668304099e+03
1.205106398775892103e+03
1.507430938439824331e+03
1.146692952227459500e+03
1.384014644331195086e+03
1.038435246256442952e+03
1.380545147950873798e+03
9.755859695295708889e+02
1.155357924746598201e+03
1.115017608465993362e+03
1.379011258861419719e+03
1.315099863536291195e+03
1.538181599670662990e+03
1.232423005690789978e+03
1.108329727731482308e+03
1.284202007125853925e+03
1.101952435781274289e+03
1.016562629231952542e+03
1.148142138079127335e+03
1.378244456015294418e+03
1.343134620339747016e+03
1.208519004638736078e+03
1.277486894000189523e+03
1.292568499202962585e+03
1.273432372755414690e+03
1.199926912962049300e+03
1.192573252148187066e+03
9.675238426798557612e+02
1.054186152700563071e+03
1.012755621945526286e+03
1.187687359541745309e+03
1.191656204793080860e+03
1.004275145835592298e+03
1.303356195849507458e+03
1.126418193443553719e+03
1.076946369962279732e+03
1.040892017434127638e+03
1.245780005639177716e+03
9.014779754132434846e+02
1.187050001232704517e+03
1.262437887053193890e+03
1.303112740154084804e+03
1.053987384064706475e+03
1.344726580353767758e+03
1.340351329346416378e+03
1.292320626801918252e+03
1.090024121219718381e+03
1.264189152174373476e+03
1.348104448444210220e+03
9.407156907714256704e+02
1.273522340157076769e+03
7.668046067316305425e+02
8.955410470148494824e+02
1.263290899564381107e+03
6.535268983468087072e+02
9.523751613112034420e+02
9.205035898118354680e+02
1.245842260005680828e+03
1.282191959369787355e+03
1.328245943737408425e+03
1.090574857780298771e+03
1.232759966806548164e+03
7.939211818544046082e+02
1.125581853698436362e+03
1.034377268744152843e+03
1.057402743141768269e+03
9.364401352385152677e+02
1.146392274135333992e+03
9.958060988540546532e+02
1.424217034632175000e+03
1.147683204260483535e+03
1.405570248297401349e+03
9.792979110633334585e+02
1.100087606996469503e+03
1.185219494241402572e+03
1.311521261488401706e+03
1.352052773461974994e+03
1.056870757432045366e+03
1.119297308330134911e+03
1.174676387182738381e+03
1.057489360219314676e+03
1.385765114166499643e+03
1.081034203728848979e+03
1.375685865499932333e+03
1.052691914007335527e+03
1.311317446646749204e+03
1.040022986721844745e+03
1.368723647930598418e+03
9.954550889549750536e+02
1.371707563030201754e+03
1.226169791211412985e+03
1.166023565145503426e+03
1.060757630447746806e+03
1.190685018352594852e+03
1.022565434422724252e+03
1.014314474835834176e+03
1.140862617259406079e+03
1.168921530728544212e+03
1.370541752523834930e+03
1.440649681663587444e+03
1.202254868469959092e+03
1.174338953924612724e+03
1.312977107830313798e+03
1.255436353392889487e+03
1.111503118367168327e+03
1.277660050164684208e+03
9.963433746404843987e+02
1.366265000366863433e+03
1.249259165789943381e+03
1.234463948118694134e+03
1.411669693994087993e+03
1.291670376036986909e+03
1.316302897964994372e+03
1.105535261795840597e+03
1.283117632232853566e+03
1.206103269325585643e+03
1.146421087912166740e+03
1.314493869477981207e+03
1.263573007020418345e+03
1.241651465747356042e+03
1.266215359601650562e+03
1.098830546818931452e+03
1.092088498672527294e+03
1.260299528815067788e+03
1.091089174460017830e+03
1.183589885665121756e+03
1.242013955327154008e+03
1.289785711242611114e+03
1.116417124747859589e+03
1.255603428992092631e+03
1.284646467423096510e+03
1.275498615499618836e+03
1.316802008872760325e+03
1.086409813436134527e+03
1.236739601022469515e+03
1.341159442205985215e+03
1.109429086857788207e+03
1.130130868377370916e+03
1.255322117059297852e+03
1.032432599375675863e+03
1.359407453646481599e+03
1.224391920050836461e+03
1.343678201806364768e+03
1.341370332652336629e+03
1.360734277644550730e+03
1.201733636997565554e+03
1.271885446228294313e+03
1.354427134822570679e+03
1.274595521715822997e+03
1.299431888430750178e+03
1.259089748508684806e+03
1.187166843803055372e+03
1.337470576383263733e+03
1.295095443333429102e+03
1.323951139971403109e+03
1.119443394593687572e+03
1.154165651624932252e+03
1.207977397641116568e+03
1.344563517110639623e+03
1.031817809174582862e+03
1.174217314991602507e+03
1.301011078596723337e+03
1.161516310516115936e+03
1.099278318960848082e+03
1.143987067220497920e+03
1.155591309028773367e+03
1.265217470530844139e+03
1.261801746639277553e+03
1.324725514406867433e+03
1.184357904583871459e+03
1.285155597352153336e+03
1.428973440766842486e+03
1.146573653190443110e+03
1.368907246068464701e+03
1.252500628849516488e+03
1.294554302059099200e+03
1.159225499120595259e+03
1.236919374567698696e+03
1.347015227092178520e+03
1.287731972223710727e+03
1.251784459007446230e+03
1.232320323567709693e+03
1.371742594960580391e+03
1.433054430680416090e+03
1.280826296445373146e+03
1.271675206771995818e+03
1.372216846062512332e+03
1.287992901936129556e+03
1.236248865964407287e+03
1.165368113687786490e+03
1.239751492789167287e+03
1.330932417400002123e+03
1.337883924824927362e+03
1.074840766737421291e+03
1.206745035040552011e+03
1.278844010707526195e+03
1.172024765624237489e+03
1.233588188598431998e+03
1.130179674487035072e+03
1.128595568769999090e+03
1.125582146171694831e+03
1.318271984162071931e+03
1.241375852720334478e+03
1.189765730089423869e+03
1.220403083543632192e+03
1.381440305504216894e+03
1.213610930220712362e+03
1.195249548635028532e+03
1.226933065602404440e+03
1.366932206094707453e+03
1.253050719003708537e+03
1.319950126295144401e+03
1.342237676478176581e+03
1.366741789776471705e+03
1.220515409526653684e+03
1.121678452293736882e+03
1.325125342672436545e+03
1.251182231599723082e+03
1.338183495733424934e+03
1.391537071787308378e+03
1.301880251505635442e+03
1.233223203627142993e+03
1.256096298877367417e+03
1.234776712574548583e+03
1.413304802891649388e+03
1.513869103739682714e+03
1.554012975134139424e+03
1.583605880746435332e+03
1.226931285521555765e+03
1.364157872478079980e+03
1.343892502353730606e+03
1.309585063896833617e+03
1.190741357658240986e+03
1.440535251336904366e+03
1.438789461264628244e+03
1.427509836484355674e+03
1.277033442363539052e+03
1.238341359367699624e+03
1.579741413187841090e+03
1.419564848033956878e+03
1.397664796273779757e+03
1.195095985158968233e+03
1.349949487875273007e+03
1.445446662289934693e+03
1.291329975429644037e+03
1.393151412076207635e+03
1.513609461305334435e+03
1.403874599805109938e+03
1.465485478702957835e+03
1.356890456815260677e+03
1.489002123878221937e+03
1.279855560403223990e+03
1.364839202217961656e+03
1.375096976231951658e+03
1.440404315106742160e+03
1.308709701702173106e+03
1.356925826882565389e+03
1.342785392374034473e+03
1.504409336058620056e+03
1.588177096632802204e+03
1.541974717549590878e+03
1.521941438940521948e+03
1.297597354994354873e+03
1.480606271523057330e+03
1.445515708813167066e+03
1.525731490661764838e+03
1.348698465430522674e+03
1.160220656273140094e+03
1.352107382894999319e+03
1.517316016395886436e+03
1.583916028678198018e+03
1.467081631809485316e+03
1.404721878893334633e+03
1.323049087828953134e+03
1.557618194490184578e+03
1.264016787185145859e+03
1.448610157208270039e+03
1.521180223728581041e+03
1.465085604155789497e+03
1.399198679081742512e+03
1.413970074911033635e+03
1.435066059015802239e+03
1.472435342058330434e+03
1.511721092065903122e+03
1.375806159899763543e+03
1.222930880396949078e+03
1.392009421268384131e+03
1.487031966363829724e+03
1.480005360102930126e+03
1.474400765449694745e+03
1.214653152042613783e+03
1.502639493162720782e+03
1.417715199699162440e+03
1.412374637353080061e+03
1.223252474790586575e+03
1.290646351738711473e+03
1.408540397644959739e+03
1.474543337876274109e+03
1.409662060579198396e+03
1.430231927968898617e+03
1.494570153405808469e+03
1.205467220351859169e+03
1.295234753242103579e+03
1.361500709815047230e+03
1.267074925404254373e+03
1.183213293096703637e+03
1.504083178490215914e+03
1.511733707092964778e+03
1.176729034209960219e+03
1.364961549610998873e+03
1.375203861076694011e+03
1.321893121267398783e+03
1.442797198501808680e+03
1.425244711567325567e+03
1.337138301251850407e+03
1.608366502914860121e+03
1.522054503307253981e+03
1.246064515119991938e+03
1.336151608877698891e+03
1.323586400363090888e+03
1.425541991384925495e+03
1.123416546743134404e+03
1.338090257568396964e+03
1.485100512636617623e+03
1.430494882407287150e+03
1.198903845853476696e+03
1.492817465259962546e+03
1.491586656855762158e+03
1.479621424795525400e+03
1.304821049612643492e+03
1.390879677223740373e+03
1.539334080989737686e+03
1.324070507555456288e+03
1.512235139525792647e+03
1.492725873601371404e+03
1.456717851006229466e+03
1.334232010456651778e+03
1.339625494448264362e+03
1.195852272187348035e+03
1.550964594836648985e+03
1.306398401126990393e+03
1.420708236149111144e+03
1.443520375191162429e+03
1.331698100594047901e+03
1.409902383951323372e+03
1.398460996134864217e+03
1.519399627876844988e+03
1.554712253645345299e+03
1.221337771138204516e+03
1.392167112429964845e+03
1.361663233386833781e+03
1.681075380686600283e+03
1.567847920991119281e+03
1.616435324042363391e+03
1.834055273046115417e+03
1.551450428914799886e+03
1.731348293717606566e+03
1.775751114173244332e+03
1.675787118333874560e+03
1.697377602811988254e+03
1.538783105768514815e+03
1.789371167812010981e+03
1.733973558222412976e+03
1.667397286495750677e+03
1.905431765117723444e+03
1.495339613479402033e+03
1.759397754384031259e+03
1.717077726024681851e+03
1.696095560427082091e+03
5.586365696098215494e+02
1.680231647454311087e+03
1.795438213781485501e+02
1.509934721073002038e+03
1.599824955656310749e+03
1.206690192505179766e+03
1.652479022172428131e+03
7.492092585747143403e+02
1.883359986168732803e+03
2.035497667155418640e+03
1.679601222744629467e+03
1.841085994656541061e+03
1.463989206658442754e+03
1.371083740577437311e+03
2.046805870961102983e+03
2.077114007219644918e+03
1.402603173181647435e+03
2.101391337409843345e+03
1.649494223910136043e+03
2.350724794625241429e+03
1.915670573713458907e+03
2.121419890261281125e+03
2.257088788291327091e+03
1.518762165122190709e+03
1.578369101934812306e+03
2.311671343531221282e+03
2.330862675202981791e+03
1.538458327963956435e+03
1.553043954935672900e+03
2.185105564516868071e+03
2.265046991637402243e+03
1.640565304176400559e+03
1.659212529090041244e+03
1.596782137583340955e+03
1.786394654913357954e+03
1.468182506393473886e+03
1.567785255525565844e+03
1.567229652471050485e+03
1.481983756308122338e+03
1.697082741057696921e+03
1.627298360586977424e+03
1.526627481955678377e+03
1.707150278496233113e+03
1.589168290060795698e+03
1.533357254440472843e+03
1.573104829561670158e+03
1.833140529563852397e+03
1.831723292613511148e+03
1.678971363110558741e+03
1.631004481825042149e+03
1.788261536862848061e+03
1.668798668943275061e+03
1.749991729924793617e+03
1.538841143461765341e+03
1.697030575951460605e+03
1.662667128055090416e+03
1.670876526486748389e+03
1.582338008849071230e+03
1.701967143256725194e+03
1.609634776200857232e+03
1.590627902390555619e+03
1.672554113592559588e+03
1.624614148261482569e+03
1.601619610878349704e+03
1.663131114283929037e+03
1.652531675081505227e+03
1.628152135542731685e+03
1.606417502502902607e+03
1.700129918138041148e+03
1.822747198063774249e+03
1.577123791130031350e+03
1.519211121785669093e+03
1.509044403048467302e+03
1.850778107018867104e+03
1.650761664411483252e+03
1.746990393271104949e+03
1.482643257850053033e+03
1.529702144628643509e+03
1.564488082200657345e+03
1.569158081861970004e+03
1.389489321231479380e+03
1.440339268719224037e+03
1.634023744021366156e+03
1.455343613865402631e+03
1.699352373252590041e+03
1.516112127835293904e+03
1.772563467073912079e+03
1.671879937404033171e+03
1.524193052990755859e+03
1.635025998549671158e+03
1.611664741395700958e+03
1.533709039330424730e+03
1.651062113779833226e+03
1.600687774229893648e+03
1.590186245886983215e+03
1.688169149595518547e+03
1.494595457707115429e+03
1.402201585436977439e+03
1.462074419658350735e+03
1.525637095198216684e+03
1.572455831590429625e+03
1.445861601062862519e+03
1.550153183785135525e+03
1.652677788890958709e+03
1.476045039661605188e+03
1.463370669985194127e+03
1.673870650658375325e+03
1.547217637605678419e+03
1.371021916690428043e+03
1.558866417894459801e+03
1.536764427768054929e+03
1.529057380532105071e+03
1.587928600654602860e+03
1.496363865724642437e+03
1.635387748739906556e+03
1.457764615299472325e+03
1.605642008879248124e+03
1.616881689965369333e+03
1.530667559051404169e+03
1.437040658639901267e+03
1.508126490337491759e+03
1.348973757409122754e+03
1.547930513045185535e+03
1.394830996932687867e+03
1.435436363558767653e+03
1.500147541449568962e+03
1.492780287467678136e+03
1.400716832967592381e+03
1.425652851704855948e+03
1.359486828819516177e+03
1.447622378285903096e+03
1.325504549082218318e+03
1.539405783819366206e+03
1.601930910462881457e+03
1.400683014195681380e+03
1.431449124950371697e+03
1.537059148260750135e+03
1.518285672137654728e+03
1.511187003677726580e+03
1.399818712111471541e+03
1.423646424473615753e+03
1.555434821602381817e+03
1.405933815528633886e+03
1.364376310024769737e+03
1.573738582249872024e+03
1.563551558268878580e+03
1.414630101004635208e+03
1.302517625617397925e+03
1.291134324952998440e+03
1.355691395485361454e+03
1.494591028492690384e+03
1.466767952065395093e+03
1.456782985813978030e+03
1.260739698571479948e+03
1.361229879045165944e+03
1.337677497842782032e+03
1.438059662352224223e+03
1.401529170685216741e+03
1.493375612072623198e+03
1.426405475930162311e+03
1.509290211382615780e+03
1.390601641811349964e+03
1.420175550237019934e+03
1.457048377566069576e+03
1.482825910593577873e+03
1.565784808316294402e+03
1.548306665173922056e+03
1.441327947395984893e+03
1.552898400188190180e+03
1.601043791236843845e+03
1.600969777572530802e+03
1.437981019558201069e+03
1.460331176003825703e+03
1.585860402996532684e+03
1.445224846979813037e+03
1.690580110874509728e+03
1.614022594722062195e+03
1.612391509516620090e+03
1.678527077482336381e+03
1.713519629860267742e+03
1.586267584755347116e+03
1.591753046881802675e+03
1.679935796085718266e+03
1.665938487073872693e+03
1.619418246188734429e+03
1.428120407151185418e+03
1.600276572949455613e+03
1.758797858820408464e+03
1.682128320885914491e+03
1.457914905165400342e+03
1.769989728241060220e+03
1.673914708066327194e+03
1.567040298228085021e+03
1.663887900832691003e+03
1.722422183666781393e+03
1.605764806121944730e+03
1.708610898411722474e+03
1.568030669442224280e+03
1.752006688696499168e+03
1.661890589437050494e+03
1.627937296026922922e+03
1.652612437973403985e+03
1.534569127135590406e+03
1.499383582243666524e+03
1.498260773109228012e+03
1.668472513957136471e+03
1.567213128517703581e+03
1.601628001289955137e+03
1.515782992139050066e+03
1.410361556717380608e+03
1.579973479054815016e+03
1.417379354921625009e+03
1.385090291978168807e+03
1.519968484507613766e+03
1.502513366376932254e+03
1.704156293156546099e+03
1.518563021586114701e+03
1.225353310882800997e+03
1.374237620635267604e+03
1.499330607624259756e+03
1.139730239957269760e+03
1.327538221869820518e+03
1.527964712970639084e+03
1.422457217320777772e+03
1.532939854245485549e+03
1.529556729560625627e+03
1.540183379080840723e+03
1.584088668696836521e+03
1.485368303144364518e+03
1.543806368419250020e+03
1.469595177347814115e+03
1.321422414359457889e+03
1.339038851027143210e+03
1.284239871738430793e+03
1.325624235699380279e+03
1.413911460309935364e+03
1.472773283734379675e+03
1.453916069665461464e+03
1.406160636865437937e+03
1.319566572124482036e+03
1.349367076968818765e+03
1.456058199293720008e+03
1.415995498839822631e+03
1.447014229435268135e+03
1.420034399159389523e+03
1.608392111540011001e+03
1.277232082878668052e+03
1.404173316229969487e+03
1.325543088162076401e+03
1.407984032945289982e+03
1.403838719228789159e+03
1.465418104147964868e+03
1.429747838682262909e+03
1.424261308243865642e+03
1.243182212193062924e+03
1.391589425523025739e+03
1.370917757976347957e+03
1.371453801545269243e+03
1.498273395937098940e+03
1.562097315920426809e+03
1.479218586223357988e+03
1.440788473258023714e+03
1.611504988272162791e+03
1.506481355784006610e+03
1.417854856829697383e+03
1.569326245360302892e+03
1.350669826527478790e+03
1.227568739790805921e+03
1.463940555429289589e+03
1.498974973260439583e+03
1.319478429707156010e+03
1.427501450034333629e+03
1.450073920492926163e+03
1.369843512204997523e+03
1.323869155345801801e+03
1.493616411723815645e+03
1.272213382581719998e+03
1.306981161978781529e+03
1.467796098585204845e+03
1.322483940974268307e+03
1.463959689103342953e+03
1.473157829939438216e+03
1.414436014736644893e+03
1.534919574871958275e+03
1.464761338074495370e+03
1.368135061221792057e+03
1.341545930664143043e+03
1.449599196880343470e+03
1.379664747783843723e+03
1.465590165779018889e+03
1.482855327881193716e+03
1.633139993161478515e+03
1.491571499719219446e+03
1.405779079817898946e+03
1.623860639257768526e+03
1.422794316285280502e+03
1.222034091964750587e+03
1.505262943692052204e+03
1.262369358687008344e+03
1.452065430891357209e+03
1.400453645591976510e+03
1.403406763919061632e+03
1.623870839146731669e+03
1.340277426794300482e+03
1.464577309695814847e+03
1.584111023297422662e+03
1.343248476984168747e+03
1.339189126832870670e+03
1.319000318081718206e+03
1.585313533513031871e+03
1.451992335339168221e+03
1.445853290125148760e+03
1.480120551662513890e+03
1.513153029003855181e+03
1.481721740474327135e+03
1.590794462008773280e+03
1.461022779597202998e+03
1.518156667722029852e+03
1.570459028360505727e+03
1.424862036434032234e+03
1.389226256187585022e+03
1.618592962891081697e+03
1.549633880651448635e+03
1.681835098051399882e+03
1.386797891658437493e+03
1.523124097280392107e+03
1.480903048202466607e+03
1.540915941612229062e+03
1.543022528648438310e+03
1.513553073978445582e+03
1.502568472742524136e+03
1.479972678268127538e+03
1.457775541793521597e+03
1.383806382232261967e+03
1.464606504572648191e+03
1.424126218666541035e+03
1.564261942459349484e+03
1.546424197969352917e+03
1.421468874150209103e+03
1.585533596014698560e+03
1.467302788879741001e+03
1.335601995486624219e+03
1.382945954930663902e+03
1.518138920675496820e+03
1.544973630417303411e+03
1.430544731924287589e+03
1.410620795844348095e+03
1.438427858488658785e+03
1.387900317948812244e+03
1.486111262240649467e+03
1.483550726739340462e+03
1.466731193209066078e+03
1.413052111354347744e+03
1.404639907706957501e+03
1.518456121567528953e+03
1.509244775771011518e+03
1.496042995438417393e+03
1.163995480499190080e+03
1.432156122283186278e+03
1.366569832506700095e+03
1.484557265074382485e+03
1.526708806920105872e+03
1.343430300763305695e+03
1.457078435919775075e+03
1.543452214065894168e+03
1.451632828353784134e+03
1.382776758827576941e+03
1.190797517741942784e+03
1.315332850017083501e+03
1.388945012306650142e+03
1.376612130296208306e+03
1.294104606551544521e+03
1.370385123502803481e+03
1.293212501265239780e+03
1.285154718630937168e+03
1.550429101443006857e+03
1.442814409851154323e+03
1.200187512366362398e+03
1.335664755309997417e+03
1.224268301636348497e+03
1.414892333484523306e+03
1.270208982038320300e+03
1.375176417133777704e+03
1.403299787353385227e+03
1.320222229354867750e+03
1.181510875471918780e+03
1.364011685866420521e+03
1.229137611168782541e+03
1.430351944901257639e+03
1.495326829247373325e+03
1.197249389640084928e+03
1.282819810941888136e+03
1.299638613772718372e+03
1.373765207111206564e+03
1.450933193576876420e+03
1.345136671220682729e+03
1.466565954303060835e+03
1.327067949621721027e+03
1.392659099293578947e+03
1.396518769831071950e+03
1.488849016282088087e+03
1.437559057405630938e+03
1.384287131057390980e+03
1.333706363362471620e+03
1.231554956909937118e+03
1.209880157445713849e+03
1.409156945309551702e+03
1.380276484467038927e+03
1.305725595537560366e+03
1.396150490418103800e+03
1.311232655775337207e+03
1.490079637218735115e+03
1.409788558472160958e+03
1.350151587220639158e+03
1.388886459485672049e+03
1.469558996551132168e+03
1.327148212364929805e+03
1.403388166634064191e+03
1.304598345279433261e+03
1.497674867105832163e+03
1.504374067544546506e+03
1.226802831941695786e+03
1.292914431559218201e+03
1.338158859353672824e+03
1.379552228978881431e+03
1.256888584460604761e+03
1.281836901294044310e+03
1.329572032826041777e+03
1.344902513421009644e+03
1.388056977254514777e+03
1.567461352709527318e+03
1.434862503448505549e+03
1.337477847706249349e+03
1.310634386287533744e+03
1.479895016406087962e+03
1.408682661504608177e+03
1.402681176171320203e+03
1.542353930804197034e+03
1.277799953709524743e+03
1.549330005362003476e+03
1.357059403643843325e+03
1.409020885614196459e+03
1.280607361923369808e+03
1.453402537945047243e+03
1.635600800149897168e+03
1.436101262295012248e+03
1.450249952550143007e+03
1.395161411675022464e+03
1.535404973755897799e+03
1.466932606320905961e+03
1.550718956595061172e+03
1.480525242993751135e+03
1.599949826297110803e+03
1.429107419377021643e+03
1.438151659320214776e+03
1.582306945293436684e+03
1.430769183216905049e+03
1.711359294074318314e+03
1.533383239266219789e+03
1.550987530541509841e+03
1.695828231788882476e+03
1.530172089412496007e+03
1.630940025862733819e+03
1.357530777057939076e+03
1.556840289011211553e+03
1.569832761482243541e+03
1.574749984646124176e+03
1.531904777974693388e+03
1.495710013962331914e+03
1.586709498492806688e+03
1.517421344461199624e+03
1.514123420078915160e+03
1.525428332356363626e+03
1.466695010911158533e+03
1.719608282406531771e+03
1.542255107496604069e+03
1.446423914219901235e+03
1.481640638082067198e+03
1.470684296520743601e+03
1.570218020608673214e+03
1.606000384809847674e+03
1.678715773286134208e+03
1.375085144714697890e+03
1.662759216084076115e+03
1.451061367736660941e+03
1.821097400723385363e+03
1.635230587706276765e+03
1.686743306061130852e+03
1.489653099431802048e+03
1.566321850627213507e+03
1.575974004329017134e+03
1.540847701372078973e+03
1.449657255133294939e+03
1.595093708047468226e+03
1.574192401834747443e+03
1.575771897431911839e+03
1.429722345969985781e+03
1.707858916329871818e+03
1.622990314645126091e+03
1.501847504163817803e+03
1.640402297415772182e+03
1.489261603411937813e+03
1.625771914201700383e+03
1.576544545604275754e+03
1.543862403809300758e+03
1.510984393493847165e+03
1.729803322554286751e+03
1.496889781772397328e+03
1.595596070868367633e+03
1.559457620736800891e+03
1.526962525845039636e+03
1.580104199783721015e+03
1.570509009507157089e+03
1.526749036218228866e+03
1.453524711460361459e+03
1.516530610589655225e+03
1.589776718709906618e+03
1.500742568859167022e+03
1.701847751642049843e+03
1.546210233583597756e+03
1.694900710680237808e+03
1.666086050763874027e+03
1.668939859028531600e+03
1.451634719262858425e+03
1.620697803003019771e+03
1.631619829384053446e+03
1.575512726718375006e+03
1.359077400391025094e+03
1.571855104314674918e+03
1.543649548544285608e+03
1.522373604250368771e+03
1.606890294082937544e+03
1.709918573600961736e+03
1.428707156390113596e+03
1.475743656551228241e+03
1.616921696074165084e+03
1.645294458131304964e+03
1.493310175372463846e+03
1.565172244915361489e+03
1.626955776818750337e+03
1.568564153740956499e+03
1.459743391291770649e+03
1.694753390115983620e+03
1.442119198770942830e+03
1.515638018462260334e+03
1.595107962862012073e+03
1.559391628483547265e+03
1.521948144173278934e+03
1.714947622518673597e+03
1.632807600124082683e+03
1.503312765186355819e+03
1.627275443806169051e+03
1.618081020474899105e+03
1.482446665073199256e+03
1.671553028113458822e+03
1.519485151266001594e+03
1.492952367947714038e+03
1.568204332337786809e+03
1.619005340024548786e+03
1.554624898989606208e+03
1.612289658106916249e+03
1.546912178132147801e+03
1.530440947750283158e+03
1.686098166825572434e+03
1.627951576790891068e+03
1.562673946443643217e+03
1.342540408592808490e+03
1.497110540475634025e+03
1.637254080549789478e+03
1.617236704167899688e+03
1.631034948886739130e+03
1.652621691820145543e+03
1.617355618262691678e+03
1.551986930039122626e+03
1.431228904613989016e+03
1.481676943102749419e+03
1.597178013736282537e+03
1.572896666747345989e+03
1.415922335161269530e+03
1.454712384833782608e+03
1.510134850180052808e+03
1.392157167631963830e+03
1.372973397420661740e+03
1.446793655661133471e+03
1.481993548760786553e+03
1.466313018213765190e+03
1.523068701818146337e+03
1.411831136356861862e+03
1.543311487271473652e+03
1.558899230818670276e+03
1.629887384248715534e+03
1.728255936467674928e+03
1.501635490426766182e+03
1.532388674035109261e+03
1.566978571883425957e+03
1.629789753388979079e+03
1.608860949148221152e+03
1.478734424115372121e+03
1.573818655769605812e+03
1.618605308385509034e+03
1.545080651543828253e+03
1.493768414234917373e+03
1.546552519448466683e+03
1.576379728160172590e+03
1.593923655527412620e+03
1.531146645718798936e+03
1.580631052663396531e+03
1.661984260567617412e+03
1.517127813953411078e+03
1.464071407390783179e+03
1.509820973093738758e+03
1.481594865702337529e+03
1.468847809231528345e+03
1.639102852413737082e+03
1.677324602264326586e+03
1.634056997558016292e+03
1.489859418048705948e+03
1.378927401553246682e+03
1.586175799989950974e+03
1.600825641825507546e+03
1.541846525822117201e+03
1.368526190430903625e+03
1.562171290714712995e+03
1.417255336537214134e+03
1.349434594478572535e+03
1.681864839523228284e+03
1.585164430917558093e+03
1.345031789301329809e+03
1.601871307032340155e+03
1.399846984270667008e+03
1.492185147982689614e+03
1.397508620212065125e+03
1.507860764790878875e+03
1.439869838939552210e+03
1.430592876295917677e+03
1.552629110785386729e+03
1.631772715697615922e+03
1.582415426628246678e+03
1.443784030047557053e+03
1.455413413566819600e+03
1.518121651788084137e+03
1.548169245286200976e+03
1.605301864150963638e+03
1.666618966206599907e+03
1.501537039397545641e+03
1.534361178571390610e+03
1.420041184934218563e+03
1.396373826260017267e+03
1.611780363674406544e+03
1.480513455450565516e+03
1.441876084555982970e+03
1.677051113006295054e+03
1.412519304862525587e+03
1.626041012541750206e+03
1.407894445372641712e+03
1.301857627882326824e+03
1.474262074149106866e+03
1.493493875184732815e+03
1.342602788495666573e+03
1.499200937819850196e+03
1.435667868267407130e+03
1.502599844342957795e+03
1.512696299518256865e+03
1.571784847738277904e+03
1.442565925847092103e+03
1.432783427506045200e+03
1.574123593941846821e+03
1.395714831204424627e+03
1.340272854223573631e+03
1.556155526739869174e+03
1.519831952571074453e+03
1.557616321640781052e+03
1.577733020349081926e+03
1.484072106831462861e+03
1.543166760797475717e+03
1.609333430632187856e+03
1.515119677754671784e+03
1.481445328122848423e+03
1.430954744270108222e+03
1.634198901649836898e+03
1.440438955406188143e+03
1.502639363831532819e+03
1.515678891806518322e+03
1.513948136356469604e+03
1.588895462177349145e+03
1.418379497763585732e+03
1.421286554022283553e+03
1.473747911465198285e+03
1.550351394398431921e+03
1.427552537393817374e+03
1.457851534249521592e+03
1.534362703730496378e+03
1.467099421532273254e+03
1.430747605175947001e+03
1.353843775333865324e+03
1.453474988423749437e+03
1.451300265674988168e+03
1.570120405616292828e+03
1.533090141526950219e+03
1.495085993098430890e+03
1.718919658985627620e+03
1.465959048696556920e+03
1.358584369872370644e+03
1.488143319058807947e+03
1.565411120728692822e+03
1.574092784595912690e+03
1.548155488057528146e+03
1.618711244626134658e+03
1.602116733470949384e+03
1.595095357479718132e+03
1.485613115343359823e+03
1.622709445939653961e+03
1.522787750405472480e+03
1.522924223844379185e+03
1.492281719767197956e+03
1.457460852755742508e+03
1.461067436733227851e+03
1.481823132386813995e+03
1.384865119598175625e+03
1.462729349440279975e+03
1.384789842321493325e+03
1.564289242062907988e+03
1.381794581983335320e+03
1.597513061789830317e+03
1.436379437210266133e+03
1.521245004456851120e+03
1.340016961561160542e+03
1.430883955997662042e+03
1.569700726913295057e+03
1.467029049824813910e+03
1.473041634683768734e+03
1.428468489893853985e+03
1.570703872028165279e+03
1.404364626873018324e+03
1.574024537650972434e+03
1.567944894529941621e+03
1.489616583999769773e+03
1.593441403273341621e+03
1.447806994305040007e+03
1.584682100119580582e+03
1.411846422958871017e+03
1.572697038746041926e+03
1.420249570953944158e+03
1.506420802084973047e+03
1.461948286023212177e+03
1.572673957662781049e+03
1.548003572389270175e+03
1.471090229790528610e+03
1.711448064547287458e+03
1.558445460631385686e+03
1.514448498186962752e+03
1.604022293322393807e+03
1.497391428891374971e+03
1.661688807770348831e+03
1.475988403455557545e+03
1.527601830319874352e+03
1.472821207832193522e+03
1.527320479175112268e+03
1.585580177070626405e+03
1.431890644951300601e+03
1.598184623167450809e+03
1.593298040454384591e+03
1.677434801680814644e+03
1.624731985661637282e+03
1.524634702564229656e+03
1.475312701831170671e+03
1.411454288792015632e+03
1.515564042034451859e+03
1.514235861355736915e+03
1.446730153957231323e+03
1.650385440731337894e+03
1.659782329962537005e+03
1.554813802895013851e+03
1.657968288163886882e+03
1.759196957106697255e+03
1.617592390845692989e+03
1.557966056137878013e+03
1.608539759004167990e+03
1.620796756847568759e+03
1.730589542116676284e+03
1.528212404212634283e+03
1.586498715605197958e+03
1.544107162638814771e+03
1.681560927482498528e+03
1.536376577289206580e+03
1.658330926538188123e+03
1.513468651590012314e+03
1.661224657533411573e+03
1.623904412398826253e+03
1.588227433418336659e+03
1.570820812559656588e+03
1.512310656214365736e+03
1.619712933826040626e+03
1.587141097374264291e+03
1.615699586105078879e+03
1.651658915721129233e+03
1.778120341342002121e+03
1.579799997280304979e+03
1.670268479588440869e+03
1.453533256600843742e+03
1.597932480475766170e+03
1.690441067269308633e+03
1.766008014840206670e+03
1.642522431669945490e+03
1.536954785438038243e+03
1.635514091902596647e+03
1.537305367615982959e+03
1.518758243258228049e+03
1.716639943209802823e+03
1.675499003066822297e+03
1.599210324202288803e+03
1.508248359363272357e+03
1.484638254562346901e+03
1.609744952381753137e+03
1.559765290422475800e+03
1.456717223207648658e+03
1.638012977220074390e+03
1.509674401958993712e+03
1.566567085760651707e+03
1.446636393375780244e+03
1.372971984303004547e+03
1.505156446254436560e+03
1.590213561335575378e+03
1.580564172072807196e+03
1.507928325905442989e+03
1.667050457682267506e+03
1.642012334100971657e+03
1.415745129425794630e+03
1.461031728304911439e+03
1.526499955471876547e+03
1.389153784225718937e+03
1.567387609980795787e+03
1.435382050126473814e+03
1.308443670898431947e+03
1.403577519116026679e+03
1.550369815118625638e+03
1.546766588045154094e+03
1.588138248513993631e+03
1.337976164329851827e+03
1.482847174038715139e+03
1.545754545398630398e+03
1.330589911723963041e+03
1.531072865920729782e+03
1.334147147163754653e+03
1.312309219860374469e+03
1.245107922174335044e+03
1.505457868312115124e+03
1.423629523511584921e+03
1.390212979043057430e+03
1.491728916251361625e+03
1.590882930423312246e+03
1.488364715019715732e+03
1.541753578822483178e+03
1.330200473385461009e+03
1.407182650359867694e+03
1.607563414588450087e+03
1.527251299869127479e+03
1.420456202155591427e+03
1.420533913659796781e+03
1.494339725897103335e+03
1.427172008040743549e+03
1.288583212404055075e+03
1.722196623959114959e+03
1.477099835435509476e+03
1.386635729001007121e+03
1.471497689929478838e+03
1.391653112323310779e+03
1.512817777312008047e+03
1.478899670632918060e+03
1.493802230054238407e+03
1.382081974539848261e+03
1.638963066780782128e+03
1.662736843839524454e+03
1.388645403602890383e+03
1.491591003109556596e+03
1.662541566705041987e+03
1.485684440749606438e+03
1.319870999941139416e+03
1.543567956904176754e+03
1.432059983935218952e+03
1.570556315069635275e+03
1.481008335481781387e+03
1.413041428875611928e+03
1.331946462940711172e+03
1.573778212594650540e+03
1.519629007367602526e+03
1.468794839854925158e+03
1.545192682419054563e+03
1.493160531413590434e+03
1.529017003604557885e+03
1.617697625319572126e+03
1.611310993554512606e+03
1.561842684573344741e+03
1.507316641224053910e+03
1.531755598847392321e+03
1.472871119408533104e+03
1.424040476007577354e+03
1.437880176323544219e+03
1.550135802729966599e+03
1.540167701882032816e+03
1.463132295741875168e+03
1.570000569124814774e+03
1.532203129995737982e+03
1.503110208491565345e+03
1.496368234949489079e+03
1.573716953804778541e+03
1.506984779012278523e+03
1.463326259534132078e+03
1.420551262160301121e+03
1.563420675726826175e+03
1.451857564731133834e+03
1.509938836080194733e+03
1.470872187438875699e+03
1.621625414663411448e+03
1.650748529436647914e+03
1.553185614077332048e+03
1.580000322353758065e+03
1.380774232116293888e+03
1.547021789557818238e+03
1.489223286215878716e+03
1.715150162502788589e+03
1.555453536713190488e+03
1.438803266626438244e+03
1.579226409756284511e+03
1.533274517544923810e+03
1.507862842903979981e+03
1.392180224633871376e+03
1.618503785776578525e+03
1.707700358115114113e+03
1.688830049780642639e+03
1.551063352326579889e+03
1.572274758392741205e+03
1.526720539202507780e+03
1.592764855916621855e+03
1.637984884762222691e+03
1.535287884045623287e+03
1.659896378080602290e+03
1.364152992558956157e+03
1.581111446770026078e+03
1.464848673990365342e+03
1.654344271035486145e+03
1.558744588620173545e+03
1.478356160612795293e+03
1.522202499306464688e+03
1.432223402912200299e+03
1.371382156260237480e+03
1.550045787008157504e+03
1.547975346106818051e+03
1.598398825003448337e+03
1.568361516570040976e+03
1.567318841478782360e+03
1.545508115341810026e+03
1.530719738163943248e+03
1.528342531309208653e+03
1.517543678888155227e+03
1.533925972992885136e+03
1.497815795639586668e+03
1.378310727431026635e+03
1.502887379223165226e+03
1.617501584493831160e+03
1.585990936259217960e+03
1.445917702928671133e+03
1.520270384727473811e+03
1.530092325270731862e+03
1.609583348641665680e+03
1.577524214664664214e+03
1.500791199091758699e+03
1.437957899400495307e+03
1.494818932891861323e+03
1.480646326481713913e+03
1.447526045864267417e+03
1.566663479648120301e+03
1.416493777527676230e+03
1.442398160957467326e+03
1.572019051169428167e+03
1.484047826539906964e+03
1.623269492469341458e+03
1.432990223211806551e+03
1.548526459153562882e+03
1.388250145787450492e+03
1.685942851623294700e+03
1.654259382376598523e+03
1.503129106453331815e+03
1.563172103605437769e+03
1.587423858795981232e+03
1.435059199571213412e+03
1.515557971310739276e+03
1.650596557977096381e+03
1.570054508848756313e+03
1.515187015960106464e+03
1.572442264322280607e+03
1.477432135951933788e+03
1.533613773926635531e+03
1.383536365432959656e+03
1.508375611135813642e+03
1.530788645466558137e+03
1.601167669277438563e+03
1.561271685417472327e+03
1.546686344579362867e+03
1.668158771769750956e+03
1.553097113212823615e+03
1.712613288465673804e+03
1.553982833494203533e+03
1.484178136076222700e+03
1.676118047364122049e+03
1.554886031248540576e+03
1.603191645290707129e+03
1.546677186168203434e+03
1.606044382513488699e+03
1.700201606065950955e+03
1.536359300288001350e+03
1.546251565642350215e+03
1.459332506389724131e+03
1.499468257252538251e+03
1.679423649642850705e+03
1.602587502041813877e+03
1.708308724520978330e+03
1.554026447373989413e+03
1.499842858526468262e+03
1.637863027778476635e+03
1.475807720790015310e+03
1.534192408922698860e+03
1.591338336943916602e+03
1.762117940153878180e+03
1.621119074278769631e+03
1.551514182457763127e+03
1.681801760423600399e+03
1.619769859044235091e+03
1.597382487923655162e+03
1.694734582988724014e+03
1.544047505213968634e+03
1.602890420942347419e+03
1.555837873688930813e+03
1.572536772554825120e+03
1.642524983528053099e+03
1.652573960093533969e+03
1.454776983950327576e+03
1.590498710607098474e+03
1.776728530133841105e+03
1.444393325286401478e+03
1.457239653853924892e+03
1.438334209864858394e+03
1.690067864024786559e+03
1.617474821613786844e+03
1.545431359517809142e+03
1.450232127075292738e+03
1.518577831998407646e+03
1.482373113604279524e+03
1.495968719032498484e+03
1.597522544928280695e+03
1.489216514839829415e+03
1.503050307005250261e+03
1.625238075949832819e+03
1.411925352998741346e+03
1.358164560113687685e+03
1.343639404349646611e+03
1.538265092935814664e+03
1.443818985514296855e+03
1.488074543049894373e+03
1.634361965719389445e+03
1.661813432047045353e+03
1.453170895381258561e+03
1.467974485567633110e+03
1.601830095063294721e+03
1.531912987064032450e+03
1.479093655888918420e+03
1.549282832187843724e+03
1.578122486106576616e+03
1.481731006071577212e+03
1.396126284240167024e+03
1.643065871551334794e+03
1.506520242062785428e+03
1.597813425210697687e+03
1.545202459260896831e+03
1.485759371519731530e+03
1.652182935052971970e+03
1.727983140354419902e+03
1.448402409908876280e+03
1.488093258690139919e+03
1.392095138049826801e+03
1.611077778077744597e+03
1.513681481961035161e+03
1.376947046424914561e+03
1.560737401685146779e+03
1.510817030756120403e+03
1.617064546629676897e+03
1.488534314360906365e+03
1.551490112301675026e+03
1.612417382248176409e+03
1.452006174967075594e+03
1.539078209395484691e+03
1.533477107429670014e+03
1.434358585852223769e+03
1.631952987441695313e+03
1.464689010079992386e+03
1.525087627255556299e+03
1.636800606649181191e+03
1.502984727187836370e+03
1.561868850352857180e+03
1.570181107792170678e+03
1.533313739085601583e+03
1.386340755673974400e+03
1.585016067765955086e+03
1.685537051813693324e+03
1.710722659373015176e+03
1.580495230106742838e+03
1.615137839921467275e+03
1.510669839052641237e+03
1.501039046906846579e+03
1.589282884898425664e+03
1.612428296749518950e+03
1.613425923218754178e+03
1.769980503129256476e+03
1.695975881063295446e+03
1.533161722958251403e+03
1.519216555883892852e+03
1.568219228127564293e+03
1.540739394790530696e+03
1.548874579041794277e+03
1.688931371826313352e+03
1.615115496201549604e+03
1.653466181836152373e+03
1.486959940510947035e+03
1.694296053018967996e+03
1.601193831833030117e+03
1.623623313477696684e+03
1.577895911368984343e+03
1.553743954633703424e+03
1.673126106423142119e+03
1.524396948649097794e+03
1.553402097669815021e+03
1.534027703462030104e+03
1.457632389457113277e+03
1.487386008414589696e+03
1.562239712130787211e+03
1.549403205088107370e+03
1.462863089429613638e+03
1.612946883003089624e+03
1.602321066196704351e+03
1.750132289435987559e+03
1.585537594137990254e+03
1.636982882633919871e+03
1.688223230749116055e+03
1.537493922915276471e+03
1.516647696824103832e+03
1.621659587095691222e+03
1.657190602336658912e+03
1.686179113091338195e+03
1.559731520913110671e+03
1.710062863960393088e+03
1.588487079066361048e+03
1.674239139121914377e+03
1.637138206667532586e+03
1.647819434163927326e+03
1.702340573580454020e+03
1.675034409836781379e+03
1.450972189918782533e+03
1.704890507869890371e+03
1.665494072106063413e+03
1.632520679004125213e+03
1.569676882903097749e+03
1.496510688697828755e+03
1.648991819919030831e+03
1.619813706233127050e+03
1.628217992823936129e+03
1.688001330113584345e+03
1.634576724071324861e+03
1.742421452637804123e+03
1.620048778409922761e+03
1.622569903464052459e+03
1.756559341132884811e+03
1.753310123130938337e+03
1.554152323728470037e+03
1.631507908191110801e+03
1.525810641494683750e+03
1.664201374768198548e+03
1.770424267522199216e+03
1.569393833196949345e+03
1.558014870761585144e+03
1.615354561118246693e+03
1.528158940681938020e+03
1.533818017670054132e+03
1.579737015723982950e+03
1.512836283620487848e+03
1.670546455402395168e+03
1.505495439925759229e+03
1.362581291099152850e+03
1.543605069031317953e+03
1.522825890248412179e+03
1.598071775728716602e+03
1.508970328593329441e+03
1.616669894945465558e+03
1.569640063103617877e+03
1.510050334349353761e+03
1.571154193981127037e+03
1.675803735129456754e+03
1.598542205114594253e+03
1.596264008599195449e+03
1.496998369532269635e+03
1.643495450028837013e+03
1.516645593455595645e+03
1.494373758761698127e+03
1.632583686315942032e+03
1.512469533522871188e+03
1.457235723953933302e+03
1.544658516991881015e+03
1.584637237777528526e+03
1.667511656479643989e+03
1.456897524574555746e+03
1.505400239798555276e+03
1.385917843000062248e+03
1.483436908148540624e+03
1.609155934254216390e+03
1.547822924039541476e+03
1.511309925136292804e+03
1.657813912936923316e+03
1.553128181126032814e+03
1.463137916043808218e+03
1.434862589339899387e+03
1.450853123484879234e+03
1.474893744664521591e+03
1.529257063101788845e+03
1.527031613157507309e+03
1.581652809258610887e+03
1.523212678942756611e+03
1.588228083211840385e+03
1.464134410435307700e+03
1.547347725439744863e+03
1.575866172842281230e+03
1.532357394884549649e+03
1.543320540541134733e+03
1.504489873381039615e+03
1.500103991070506936e+03
1.471606082447432982e+03
1.572364985700784473e+03
1.500862959282174643e+03
1.540092740668231727e+03
1.466034966606087437e+03
1.460836187743907885e+03
1.534133750808747436e+03
1.445361798864932553e+03
1.414929078664298686e+03
1.389401938135606315e+03
1.639806722636354152e+03
1.447806408562557408e+03
1.473462953670668185e+03
1.432113466755143691e+03
1.478549925904496831e+03
1.733938778066408076e+03
1.586936010295877168e+03
1.359194189471586469e+03
1.460764002013075924e+03
1.650123555472759108e+03
1.560713989746381003e+03
1.527363777778396525e+03
1.472614425281610011e+03
1.567415868248413290e+03
1.581290903070393824e+03
1.469687145932815611e+03
1.542045768251736718e+03
1.469169488834638287e+03
1.435017050058747373e+03
1.499156796608539480e+03
1.513401162278450101e+03
1.633093474774404513e+03
1.525424492054481561e+03
1.613973810570841124e+03
1.563148747968221414e+03
1.545863784137675111e+03
1.711131070959420185e+03
1.599796738381569185e+03
1.356233000333014388e+03
1.507210806696538384e+03
1.516707775402182506e+03
1.367357391859323116e+03
1.471857137186016416e+03
1.388292126949965677e+03
1.468153599322785794e+03
1.667288279213287524e+03
1.529148408936007854e+03
1.408818627078460395e+03
1.419252858631890149e+03
1.519411386058336575e+03
1.515944588588956549e+03
1.524637421776412566e+03
1.462481208630414358e+03
1.343198122200464468e+03
1.348262106404521774e+03
1.404789655059516690e+03
1.520838900587945773e+03
1.592024901694724576e+03
1.460663834682800371e+03
1.535505282786275302e+03
1.409427128727394347e+03
1.537002695001724533e+03
1.446280534793665538e+03
1.505736184555349382e+03
1.492860041855173677e+03
1.507114838529998906e+03
