-2.344759218541755217e+03
-6.639359666201493155e+02
-5.669389704703509096e+02
-4.118588264115904849e+02
-5.828848141947023578e+02
-6.482743561194573658e+02
-5.631450251175510857e+02
-6.151944164669290558e+02
-7.981595514383502632e+02
-5.952630686359151468e+02
-7.325441887474232772e+02
-5.928850990399824923e+02
-5.750894281522191704e+02
-6.268367882335737704e+02
-7.960234030046501630e+02
-3.799056869850052180e+02
-5.770601921833416554e+02
-5.215997732228349832e+02
-3.503517337170977726e+02
-6.282516250561868674e+02
-1.790979928126366758e+02
-6.424996721533051414e+02
-2.443097365025354065e+03
-6.006537061559506583e+02
-1.147287708402197723e+03
-5.496485090931760169e+02
-6.838336706168392993e+02
-6.804205936479697812e+02
-7.673510096695837319e+02
-1.026654840843736565e+03
-6.272162580687175932e+02
-9.293993302843624633e+02
-1.417136766275486025e+03
-7.688913343036500692e+02
-1.482210229968289241e+03
-1.453087089208486304e+03
-8.423598206960980406e+02
-1.907922259841651339e+03
-1.291121829998337034e+03
-9.392252398733438667e+02
-7.535637262741990980e+02
-1.058659229696007742e+03
-1.164094166268693016e+03
-1.539489883220468073e+03
-4.534905947736268672e+02
-6.958483254285355315e+02
-1.534672040466530007e+03
-8.052932095192095403e+02
-7.999428192101722743e+02
-8.131869269808250920e+02
-1.038183929383590794e+03
-1.161939219346769733e+03
-1.348479762274646646e+03
-6.494584423093565420e+02
-9.516865341095810891e+02
-1.613384282416659289e+03
-1.668148298082255906e+03
-5.745874192701676293e+02
-1.497618813015830483e+03
-1.809149680487563728e+03
-1.488191460458677057e+03
-1.647955521415773546e+03
-7.335227558393796699e+02
-1.504851576309432403e+03
-7.782378414783048584e+02
-1.868019104433330767e+03
-8.587800622948916498e+02
-6.425682463179739443e+02
-6.213666371011224783e+02
-5.565534052972561767e+02
-6.100694392701225297e+02
-6.766230974039602870e+02
-4.146685429874976307e+02
-6.201332711317770645e+02
-8.957487890734643088e+02
-6.094871447850181312e+02
-5.903269451903277059e+02
-4.258429591286817981e+02
-7.041404390859049727e+02
-5.738413681466806793e+02
-7.207953323333523485e+02
-1.093100196502172594e+03
-5.835820113398817739e+02
-5.021025353866186833e+02
-7.909292909714746429e+02
-7.358201829306524360e+02
-3.197355265082860001e+02
-7.953798758396387711e+02
-5.793493393876240134e+02
-9.665454929401621484e+02
-7.470908338232505912e+02
-9.362200136431258670e+02
-1.172881975250766800e+03
-8.413280264540829876e+02
-8.685076623633030977e+02
-8.439644602596057439e+02
-6.469857127389979041e+02
-8.572764096386248411e+02
-6.108741266049901242e+02
-8.600193245502265427e+02
-7.261861548608683279e+02
-5.967213613091606703e+02
-1.330406509847637153e+03
-3.902136069380800905e+02
-5.222823732560528924e+02
-6.919597966585212134e+02
-8.945060725232069672e+02
-7.290170173584556323e+02
-8.207607654622337350e+02
-8.897059563170269030e+02
-1.051452894903955212e+03
-3.972350600658844542e+02
-7.875169484805203410e+02
-9.956039607544738601e+02
-1.251149193534818323e+03
-1.002798026815932417e+03
-7.634923015423638617e+02
-7.964819259015210946e+02
-9.692546875968039330e+02
-1.158423519709267566e+03
-6.368886712320320385e+02
-1.736262971876523352e+03
-6.419369547203464208e+02
-4.550038868495076940e+02
-1.118928969829895550e+03
-5.380791010010240143e+02
-4.111903017705409411e+02
-5.323724654279601509e+02
-9.086148612522016492e+02
-7.411914126053545715e+02
-6.665684322038873688e+02
-6.289327980441644286e+02
-1.804116661302266493e+02
-5.056006128092147947e+02
-5.802060636549441597e+02
4.143515520354925741e+01
-2.614327275927754712e+00
-2.294760494559591848e+02
-1.379540321707269186e+03
-6.628201678694638304e+02
-3.528818800566597815e+02
-6.493267081104579574e+02
-1.352060402517575767e+03
-5.119897770984104568e+02
-1.277407211590628094e+03
-1.099702899894650272e+03
-7.447762675340717351e+02
-7.611267004616613576e+02
-1.591205591942419005e+03
-8.845053330366470163e+02
-9.009387590983486689e+02
-5.764478843024171510e+02
-6.187366428689724671e+02
-1.129828493027275499e+03
-4.604745242883215042e+02
-9.076240178783966428e+01
-4.474420891441401409e+02
-5.685160300625931313e+02
-4.986367303297568583e+02
-1.697509308203075307e+03
-2.056019713191511073e+03
-3.422809526990874929e+02
-1.813032874136433975e+03
-1.645274709908836030e+03
-1.602531314172236762e+03
-2.715907735111804868e+02
-5.491924073540266136e+02
-2.938429925662126720e+02
-2.120848759154709455e+02
-3.644079080659782335e+02
-1.313590896235370337e+03
-1.364266865529060851e+03
-4.517299007639344950e+02
9.325802922690620278e+01
2.053231425504373533e+02
1.186049102675108600e+02
-1.443498879445495504e+02
2.938553535512261305e+01
-2.090841538533183837e+02
-3.908309652829248080e+02
-1.938956088424372979e+02
6.441937946977625415e+02
-2.664052591689727478e+02
-4.485263113177728087e+02
-3.383497352050972609e+02
-1.975783251416652604e+02
-8.487767840735417622e+02
-2.207502145331735903e+02
-2.405673593688726442e+02
-6.837661401095028850e+02
-2.387080239089519296e+01
-1.251695577548087215e+02
1.382818995787289680e+02
9.362731256185165307e+01
-4.544087802952358857e+02
1.512678246114207923e+02
-3.886287634797756141e+02
-4.583478245129397237e+02
1.744885594228260572e+02
9.211333965020406822e+01
-7.216530046361324366e+02
-7.073353072496742016e+02
-4.979278555152483250e+02
8.311598129227900245e+02
-6.735614337592738821e+01
-1.391481892019563418e+02
-3.694739260863763661e+02
-3.833249005818335604e+02
3.713034785275012837e+02
1.129791745781508325e+03
-5.473533559737913947e+02
-5.693041874476834892e+02
6.814320878076046029e+01
-3.257064945709533390e+02
-4.238125477181112046e+02
1.132790889227394928e+03
7.887586119647927774e+01
8.141830912346580362e+02
-4.624057441200307608e+02
9.484959278374725500e+02
3.766431768200437205e+02
-3.866738273767001601e+02
9.813075332004010534e+02
1.104598196149385103e+03
1.351430435501980867e+02
9.403812201790913150e+02
7.308410713517821478e+02
-2.915668612764288810e+02
6.930819562714107178e+02
-1.710199374260564355e+03
8.105447463334733129e+02
8.447145687958900453e+02
2.385495000772370133e+02
-1.545560217759471868e+02
2.546963742039766032e+01
1.287358479812829160e+02
2.794024740691721149e+02
-1.683544527734924259e+02
-1.762379310203224634e+02
-1.569739253835846569e+02
-1.086351420436622448e+03
2.586718162011666777e+02
-1.338377717410511195e+03
2.324524180172599586e+02
5.910354582058927235e+02
6.149940231717289407e+02
-2.523859666633094037e+02
4.205134615284756592e+02
-2.248954964257061917e+01
3.003592628806536027e+02
5.388981445834704118e+02
8.108034433981433722e+02
8.125109846276126291e+02
6.728169271778087932e+02
3.263180359250816878e+02
-2.110875116609337709e+01
-1.789055057728029681e+02
-2.510006160437178551e+02
-2.462991102017182641e+02
-4.685500748421087565e+02
-5.961848248479767562e+02
-6.803972876753047103e+02
-6.495378691293398106e+02
-1.086391727871085209e+02
-3.102547761078073449e+02
5.942659500428190995e+02
6.367390102006783081e+02
-2.391329254507195685e+02
5.353039788540244217e+02
4.882501781263978273e+02
1.219657786519141609e+03
-6.657001822558358128e+01
9.714847667024674820e+02
9.124482711010409730e+02
4.461651920451580509e+02
8.781393979052470513e+02
4.504785629311064099e+02
1.028563739362766228e+03
8.196293511984268889e+02
6.998850494845160028e+02
1.228748920306923765e+03
1.198281278090293426e+03
1.303142518458442737e+03
1.036252904471449938e+03
1.251979280927078207e+03
8.428449648308694577e+02
1.448993894724537313e+03
1.120785555159779278e+03
1.602089288498378210e+03
9.391186171829156137e+02
1.429808334624534382e+03
9.366570295654604479e+02
1.178419022615167478e+03
7.809236173303730766e+02
1.234638858514169669e+03
9.834730707841927142e+02
9.700475575231401990e+02
1.110238417404039637e+03
1.699875943595782246e+03
1.253991873397082372e+03
8.998219110509971870e+02
1.357322941952349311e+03
9.024157172000979017e+02
1.072841141407144960e+03
9.081878798129894221e+02
8.524484023318614163e+02
1.459123642694881710e+03
1.154092685269378762e+03
1.015539078538711010e+03
9.992834784013095941e+02
1.259275424678549598e+03
1.101844624418466992e+03
1.206477344238683827e+03
1.124002044703186812e+03
8.468297804599442316e+02
1.199301759888661309e+03
1.067385088706638726e+03
1.180416522548940065e+03
9.031417612080541630e+02
6.948004150770603928e+02
9.362219368003111413e+02
1.042184508856555112e+03
5.108228532772938593e+02
6.492092050830420931e+02
1.252225963680024051e+03
1.227444370657426589e+03
1.165312220702813420e+03
1.245013899595401881e+03
9.625980231099655384e+02
1.180681053105882938e+03
1.434243193825327353e+03
1.352724908104441283e+03
7.607047381210860522e+02
1.819452361329918176e+03
1.577174988321046840e+03
1.222929720857562870e+03
1.475933484738833613e+03
1.685594371567819735e+03
1.448050406712157837e+03
1.374282748352839917e+03
8.708268487006380383e+02
1.451112650469124446e+03
1.014744387849395025e+03
1.534767391367258369e+03
1.303845818053682933e+03
1.212143114504063760e+03
1.910543213292450901e+03
1.638554539621260119e+03
1.137150342551787162e+03
1.343111123095770154e+03
1.291645660028128987e+03
1.357874339902692327e+03
1.315087280764818615e+03
1.691953613081018830e+03
1.685024223927873209e+03
1.628389508708148696e+03
1.468927752928655309e+03
1.321256684218110649e+03
1.773124278947252606e+03
1.675730870868070951e+03
1.109736782302716392e+03
1.366489021170410979e+03
1.665234780238936764e+03
4.683751655195889612e+02
1.986412130093607857e+03
1.381208261895312035e+03
1.428370695078564722e+03
1.777259770647246796e+03
1.358330564863109430e+03
1.438401209218700160e+03
-9.027249252809214113e+02
2.012052839667890112e+03
1.876105238731126747e+03
2.000382449138852735e+03
2.017415569778578174e+03
1.903997117153260206e+03
1.037231334319950747e+03
1.385679871656520618e+03
1.698783582256447971e+03
1.933344864663868975e+03
2.160629261264002707e+03
1.811622261409419480e+03
1.976915025106613257e+03
1.837501918941784879e+03
1.912814802661339172e+03
2.007337961596464311e+03
2.114169113155313426e+03
1.864576079735788653e+03
1.747468022415119322e+03
1.460115862048905228e+03
-5.613042802549083490e+02
2.076359277153234871e+03
1.825164994184069428e+03
1.208180956031867481e+03
1.977724541987142629e+03
1.685827777647767107e+03
1.762635787603979225e+03
1.756581528712190448e+03
1.384349249136807202e+03
1.795708457233630725e+03
1.971343147827358507e+03
1.719978585109779715e+03
2.419124811348282037e+03
2.103358227558335329e+03
1.708082293776807774e+03
2.332121178319772753e+03
1.882232084105918375e+03
2.184103481004877722e+03
1.765548210032515044e+03
1.703060508089067753e+03
1.892535723320131638e+03
1.423093064723918587e+03
2.216918242250349067e+03
1.257217888546287440e+03
1.862605924210735338e+03
1.731445201267915991e+03
6.647511653321474796e+02
1.942517640658392338e+03
1.918000702374467210e+03
1.916325690069917073e+03
2.033710870860531941e+03
1.219094977353014883e+03
1.893506287211701419e+03
1.934574295873668689e+03
2.083489845811345731e+03
3.410513765180660357e+02
1.738441333221802324e+03
1.931229667300449364e+03
1.567191452079041028e+03
2.109609297877557765e+03
1.314156485225374809e+03
2.157643934266903216e+03
-8.931120161317169277e+02
2.057301673806621238e+03
2.508335714888573875e+03
8.940786767669791288e+02
1.051027109969094909e+03
2.084835822044706674e+03
1.263534039165555214e+03
1.651387449232417339e+03
2.221292780510994817e+03
2.483847985463970872e+03
2.557191503226317764e+03
1.739123932832851779e+03
1.935206568799156457e+03
2.545621890335024091e+03
1.127668715840086861e+03
2.528235384139496091e+03
2.131748159221997412e+03
2.447751936471716817e+03
2.531144270004157079e+03
2.308539244350518857e+03
2.238768497110826956e+03
2.288929991027016058e+03
2.498964377235889970e+03
3.396011895553833710e+03
2.671733468310673288e+03
2.038341622921650696e+03
2.485602900076640253e+03
1.811018098141796372e+03
1.852815139520804678e+03
2.148486556186960115e+03
3.468283607135696911e+03
2.303869459296489367e+03
2.981763258045923521e+03
2.782602557504468223e+03
2.180600770171640761e+03
2.256968411203210508e+03
2.573134533883062886e+03
2.497389439359659718e+03
1.917435588730792915e+03
2.023507269971557207e+03
2.658229209235114013e+03
2.034382093468999756e+03
2.111130275303441977e+03
2.547673390936191481e+03
1.982326005711387552e+03
2.274914509374469617e+03
2.390626093899391890e+03
2.257386597654392517e+03
2.317020416689116701e+03
2.836855020438325482e+03
5.951965243222886102e+02
2.127705336172587977e+03
3.133394781734415346e+01
2.848072666555764044e+03
-8.266144003038061783e+01
2.853483061696456389e+03
9.583097284456449643e+02
-5.496765346944937392e+01
2.756097263630833822e+03
7.463140274758490023e+02
2.703316396158055340e+03
2.914158522108743000e+03
2.451961712867400820e+02
2.226916062477209834e+02
3.878069139218954433e+02
9.246382279923860779e+02
2.640427761695400477e+01
-4.520618267836468931e+02
1.382924689618477032e+02
2.281068150792345477e+03
7.165858105766125163e+02
1.103882216246491907e+03
2.142333064640679936e+02
-3.578827973612578717e+02
4.965480305855136862e+02
9.199002608400089684e+02
1.295582655023325970e+03
4.342004276697364276e+02
1.205929420211554543e+03
9.148089214786841694e+02
2.793711062845476363e+02
2.129644820347388077e+02
-1.428071750050687569e+02
2.695631048747522982e+02
1.093130970272231934e+02
8.464968804594705034e+02
6.282400144370413955e+02
4.058031225739775891e+02
6.059925768229016967e+02
1.106219693851363672e+03
9.089510894454265326e+02
1.201880239844570042e+03
7.283872652465247484e+02
1.585507648196848322e+03
1.407569982818917197e+03
1.481266511638811835e+03
1.565450731131662451e+03
1.533961866359281657e+03
9.771457446488325331e+02
2.222934557394773037e+03
2.007299087826664163e+03
1.778766502642418118e+03
2.336965176005778176e+03
1.728888877348058486e+03
2.590029356916632423e+03
2.376118969502676464e+03
1.872149519021222886e+03
1.924761624032843201e+03
1.886517518675204883e+03
2.385641747729663166e+03
2.235739783790599631e+03
2.291062813565646138e+03
2.296033887913937178e+03
2.160111374485049055e+03
1.753375161591682854e+03
1.909718973229207904e+03
2.126102076057879913e+03
2.451900608467533857e+03
1.613783519109284725e+03
2.129980702234243836e+03
2.543309784601785850e+03
1.774267194631022448e+03
1.709437163100996486e+03
1.779894538148554375e+03
2.233107052847815794e+03
1.827829441055334655e+03
1.288022280320388518e+03
2.068706609921951895e+03
2.559997225428324782e+03
2.320580399609210872e+03
2.047675193882646681e+03
1.575484164308800246e+03
1.879389252290905461e+03
2.213064960511859226e+03
1.583566429100680352e+03
1.805081471156009911e+03
1.486329427157349755e+03
1.479600545387971351e+03
2.027864853580738327e+03
1.797855007022378459e+03
1.298440623048574935e+03
1.228964221127088194e+03
1.002157689151311729e+03
1.457422755717851260e+03
1.338337747602168292e+03
1.669677627090409715e+03
1.469862325093868549e+03
1.348793752805089298e+03
1.775818617592935425e+03
1.759139147036139548e+03
1.298786641430670898e+03
1.343281661285598148e+03
1.547547130148016777e+03
1.250241690491123336e+03
1.678067259608234508e+03
1.814921381417552539e+03
1.371099803966825903e+03
1.376246838240091392e+03
1.631037865803801651e+03
1.364723499208948169e+03
1.258320493184222869e+03
1.790592617359780206e+03
1.709181217235686745e+03
2.055756500299830350e+03
8.195833710250227568e+02
1.693591514324357831e+03
2.048725972357801766e+03
1.544853377767312850e+03
1.340962522067499322e+03
1.306311244816719409e+03
1.721437793667786991e+03
1.352849097560559812e+03
1.647984861341205942e+03
1.862765110924272449e+03
1.821282034050294442e+03
1.723405691836274627e+03
1.528593246663616810e+03
1.517707025162574837e+03
1.718247331953314188e+03
1.756627577012266102e+03
1.109636516852349587e+03
2.526363054193107473e+03
1.963218701353152710e+03
1.475933495017997757e+03
2.401493913546558815e+03
1.859204005094886497e+03
2.213042063806658462e+03
1.655821015410308746e+03
2.563955330957498063e+03
1.686701435682240117e+03
1.668314457570557579e+03
2.561882305645762699e+03
1.587551957674962978e+03
1.919940566891727030e+03
2.828477543991505627e+03
1.694349268546621715e+03
1.495359438304241394e+03
1.769554214490346112e+03
2.707204647881817891e+03
1.392145863739062406e+03
1.510210882128358207e+03
1.518928116986345913e+03
1.801161623597899279e+03
1.466211024867270226e+03
1.756602803928464027e+03
1.903065496592738782e+03
2.028394359237517619e+03
1.682323831470263485e+03
1.548832980005366835e+03
1.534904851525845970e+03
2.018808421411859399e+03
1.637805281356252863e+03
1.767896885075984301e+03
1.774301390792855045e+03
1.847724249412345216e+03
1.914950261387456521e+03
1.926409461637199911e+03
2.238076822831626941e+03
1.989224394070877906e+03
2.705301109549052853e+03
1.615576222234536999e+03
2.046685908524161960e+03
3.077981004647730970e+03
1.714261408610830586e+03
2.080661143751945019e+03
1.734642722680329825e+03
1.581171799822312323e+03
2.280157524169903354e+03
1.768084459282711123e+03
2.294202579565927408e+03
2.213337536864878530e+03
2.212067832455427833e+03
2.100473803792090621e+03
2.673553121345530599e+03
2.187238160678555232e+03
2.652003447465392128e+03
2.127755765282543962e+03
2.509086989358885603e+03
1.947650584139147441e+03
2.500935854467771605e+03
2.270816501009971489e+03
2.277623656126197147e+03
1.877401872755941213e+03
2.658613869608709138e+03
1.931673334863344735e+03
1.708350020195525985e+03
2.284655091847007498e+03
2.222918980382504287e+03
2.547770862620030584e+03
2.226466098227811017e+03
2.249942822491045263e+03
1.869045760964412921e+03
2.176447817355633106e+03
2.342503091257333836e+03
1.917859345835263866e+03
1.981287965520928992e+03
1.495153734823745936e+03
2.844919857691762445e+03
1.927210263303247302e+03
1.918393375272463345e+03
2.302784735159660158e+03
2.415958368797297680e+03
1.571236425029906059e+03
1.728405043615909790e+03
2.040422094156465846e+03
2.602284787990131917e+03
2.435629961978041138e+03
2.501410224049256612e+03
2.020196464573472213e+03
2.177092036979617660e+03
2.455581599074896985e+03
2.213973510595026255e+03
2.221469381952412277e+03
2.025184805631211020e+03
2.258182704885505245e+03
2.023388886139499391e+03
2.285437628708633838e+03
2.222899488256578934e+03
2.161571376496886387e+03
2.032066069933618110e+03
2.056819052238215590e+03
2.158742905365876595e+03
1.614597703401116178e+03
2.453547279440901093e+03
2.241002030248222127e+03
2.273029003209980146e+03
1.562581982976467998e+03
2.662081957559124021e+03
2.288602042867532418e+03
2.561037475620409623e+03
2.139093806294273691e+03
1.936925872120273880e+03
2.188960484281103618e+03
2.201409525964073509e+03
2.600397716271057561e+03
2.570171956716646491e+03
2.187737040371190233e+03
2.646545903347689546e+03
1.985388859664053371e+03
2.674221847371130025e+03
2.059558109439745294e+03
2.433876977011918825e+03
2.466648379655181543e+03
2.444813126612434189e+03
2.307770933475614584e+03
2.469041327534005632e+03
1.972372975300629832e+03
2.264264541004345574e+03
2.752772896005060829e+03
2.454860478721511299e+03
1.992124874475317256e+03
2.285993423102297584e+03
2.890963177220167381e+03
2.337951138774816627e+03
2.673098535357724813e+03
2.001079421162116887e+03
2.619739093377892004e+03
2.455079038514450076e+03
2.214513397265395724e+03
2.414749050989214993e+03
2.707803988284597381e+03
2.227825553692264748e+03
2.637082064884811189e+03
2.569012161495700184e+03
2.273059101549676143e+03
2.491242383529501694e+03
2.333254817604833534e+03
2.611520156917735676e+03
2.316096434640214284e+03
2.690194136316037657e+03
2.392303559153491278e+03
2.712735446833765764e+03
2.621056225027055916e+03
2.208579156031919865e+03
2.045368931094743402e+03
2.609699440544644403e+03
2.288159836877834550e+03
2.297348191839777428e+03
2.580189964195819357e+03
2.642507445827054198e+03
2.320917687292161190e+03
2.394276396032031244e+03
2.548760490891265363e+03
2.450470303074906951e+03
2.192150590108931283e+03
1.998528227636103338e+03
2.405394484224938878e+03
2.963523283220716621e+03
2.280343126936809313e+03
2.248147346551098508e+03
2.374722460498711825e+03
2.353361870467666449e+03
2.270849613738818334e+03
2.900955804849547803e+03
2.362839438059512304e+03
2.358791755921066851e+03
2.562266122113128858e+03
2.159564374110490462e+03
2.235009035387720360e+03
2.771244768447427305e+03
2.549515339202323958e+03
2.593293462895674566e+03
2.315984418964023916e+03
2.501481330333715505e+03
2.325277652030815261e+03
2.663646964135594772e+03
2.607651929121573176e+03
2.655769512349592787e+03
2.430154258456000207e+03
2.629612032622047991e+03
1.681133524339193400e+03
2.097506387399192590e+03
2.402351190985992162e+03
2.586979855725171092e+03
2.369306812536292909e+03
2.810098887360014487e+03
2.625647682683793846e+03
2.529465775142507937e+03
2.541750327780265252e+03
2.636502826671462117e+03
2.454428105520004920e+03
2.657849369316623324e+03
3.081214805251319831e+03
2.955111596584204563e+03
2.768760314260118321e+03
2.657768051347818528e+03
2.859870560391213075e+03
2.967823829436511915e+03
2.679871004347880444e+03
2.936794081102098971e+03
2.492134084715157314e+03
2.776861405349446159e+03
2.081273689160024787e+03
2.808647950058982133e+03
2.780600004530087517e+03
2.651498539424531373e+03
2.709661488337542778e+03
2.510584382880924750e+03
2.155154768088982109e+03
2.375359946174351535e+03
1.905140123037999956e+03
2.673058641141610224e+03
2.738783270358899699e+03
2.781814021075374967e+03
2.085820308105550794e+03
2.216689437182092206e+03
3.018853335622786744e+03
2.303858574216523266e+03
2.343455547290843242e+03
2.278525406556443613e+03
2.684797563976959736e+03
2.502569220068520281e+03
2.527674099042261787e+03
2.360216711535567356e+03
1.514354642297458213e+03
2.599684902695096298e+03
2.255572648404159736e+03
2.389984860421893700e+03
3.103605761151560728e+03
2.775781209155107717e+03
2.249837744328014196e+03
2.567288373096081159e+03
2.484521195522158905e+03
2.778993536963747829e+03
2.346819634893907278e+03
2.840251535398161650e+03
2.331406215770065955e+03
2.582020160990889053e+03
2.553794205184598013e+03
2.803177029948347354e+03
2.408262632943351036e+03
2.385157614248145819e+03
2.578471349739893867e+03
2.399387169055979939e+03
5.871821024387381840e+02
2.317133904858830192e+03
2.588643310624049263e+03
2.963895469166305247e+03
2.711148969716674401e+03
2.521861795863033421e+03
2.748091941058472003e+03
2.173799198605363017e+03
2.502644398595553412e+03
2.508605818246473973e+03
2.653459246214979885e+03
2.526988567569999759e+03
2.039978145692588441e+03
2.476558914625731632e+03
2.173122411673234183e+03
2.454741894793724441e+03
2.311687347156461783e+03
2.632405439426180237e+03
1.154574740354323694e+03
2.495362253873333430e+03
1.866720192566144533e+03
2.262679695192908639e+03
2.282311053201171944e+03
2.219472022218387792e+03
2.554123776895729407e+03
2.555343764101298348e+03
2.665358439294293476e+03
2.450856491552839088e+03
2.184821483360444745e+03
2.679741605514563162e+03
1.984519663761522224e+03
2.129081662016196788e+03
2.638361676638259723e+03
2.834679396362547322e+03
2.595852367107471764e+03
2.242537330651087814e+03
1.568923457116577993e+03
2.018956912447012655e+03
2.358729512410976895e+03
1.908915381355122008e+03
1.820947571844442336e+03
7.784956974443234685e+02
1.194343020985373414e+03
2.102124217909391518e+03
2.170935548206923613e+03
2.353986016833100166e+03
1.475207474073219373e+03
2.699306040676909561e+03
1.793306755493189939e+03
1.767528628366005250e+03
1.498375592472312064e+03
2.270799520940976890e+03
2.392722130895867849e+03
2.481675660176940710e+03
1.275132493811014456e+03
2.014069080905739611e+03
2.732901970421682108e+03
2.762680150991006940e+03
3.409240602464251424e+03
2.639129890243400041e+03
2.149355660713264569e+03
2.810037311893170227e+03
2.215360538583419839e+03
2.512895087494624022e+03
3.897642362743623380e+03
1.113176927305926029e+03
2.671553183739430096e+03
3.410384564011497787e+03
1.945102749972709717e+03
2.882842193126109123e+03
2.763104466128027525e+03
1.703294234814210540e+03
3.434934793908296797e+03
2.356032225140551873e+03
2.593983569960357727e+03
1.724987901607098593e+03
1.797950016727453885e+03
2.298118630342871711e+03
1.158133481461493375e+03
2.973944709948525087e+03
2.371428362769665455e+03
1.232638597355330603e+03
3.113960707655622173e+03
9.716804325116257814e+02
2.402759571439538831e+03
6.474496467774250732e+02
8.482641798619931706e+02
2.423767522393324271e+03
-1.139190118961757662e+03
2.568214930404810730e+03
2.240244095994654799e+03
2.372359150520192543e+03
2.076117277452366579e+03
1.740711122207977496e+03
9.203745483218134495e+02
2.001427751068843918e+03
1.610245218361407296e+03
1.339331891742345533e+03
1.850097179709149259e+03
1.773284729582535419e+03
2.161685342641195348e+03
1.997694227378418873e+03
2.203478616948676517e+03
2.248648114727740904e+03
1.454212571609901261e+03
2.475576996249309104e+03
1.306019619486567990e+03
2.253335758274978616e+03
1.224867395828906865e+03
1.635237345618058498e+03
2.080742100604822099e+03
1.854416566275328705e+03
2.125343439258723265e+03
2.296409313059257784e+03
2.503097108178648341e+03
1.873340173234224039e+03
1.262037165711102716e+03
1.936654991923993066e+03
1.339593086593224598e+03
1.606975173143013762e+03
2.565765754536165332e+03
1.600479332677869706e+03
2.223086805044158154e+03
1.700545495850228690e+03
2.484067988448857704e+03
1.483623768271084373e+03
1.770971218505190564e+03
1.535654801360255760e+03
1.952505142535238065e+03
1.776888161593665018e+03
1.737681275924305737e+03
2.141834130852252201e+03
1.722625101030682799e+03
2.162345186792437744e+03
