-2.553052829224450761e+03
-7.738186992332693990e+02
-7.379468791595611492e+02
-1.003325097110163938e+03
-8.061857220358027689e+02
-7.936367515081751662e+02
-6.387070446349107442e+02
-7.060510684592964026e+02
-6.827524714839009903e+02
-6.543321894489455417e+02
-5.476633839182836709e+02
-7.080124961624595699e+02
-5.158552371797937894e+02
-6.355951908930757099e+02
-7.848417913789813838e+02
-7.348198101126748725e+02
-6.833276302558480211e+02
-7.645664404697864711e+02
-6.939559724733794610e+02
-6.985122622133823143e+02
-6.190193352578908161e+02
-7.200878758960013784e+02
-8.704209220492217582e+02
-7.551835146222113053e+02
-1.077506601077002415e+03
-7.407876446265040613e+02
-7.977122949601699702e+02
-8.295789391446274976e+02
-8.966509046617552485e+02
-9.160479439274242850e+02
-7.962369778670703226e+02
-1.069028952726992429e+03
-1.132725066721158100e+03
-1.009981234735677390e+03
-8.450343772934950266e+02
-6.479296307121500149e+02
-1.083884258020955031e+03
-9.291409014334454923e+02
-9.146478488683121668e+02
-9.204987399301712685e+02
-7.905032016074510466e+02
-7.174161412744326753e+02
-8.187695045960603011e+02
-6.253870625036008732e+02
-7.991462891218162667e+02
-6.852070537226265969e+02
-7.428352189869807489e+02
-6.624690796332913578e+02
-7.779656636775608831e+02
-7.952121083112010638e+02
-7.272195836494177001e+02
-7.965611825681398841e+02
-7.905657381020599814e+02
-6.274344096311069734e+02
-6.727104084899652889e+02
-8.165107352620904066e+02
-6.983568415707173926e+02
-8.987154596075216659e+02
-7.503372325738447444e+02
-8.163617167692000294e+02
-7.882524320656748387e+02
-6.994813614941404012e+02
-7.061656863125309656e+02
-8.711257068147981499e+02
-6.382786189619596371e+02
-7.407163732054461889e+02
-8.501872321795634662e+02
-7.961492421359247373e+02
-6.534714213012293840e+02
-8.193587526184808212e+02
-9.757392721636355191e+02
-4.867125270841079896e+02
-8.220831139193549006e+02
-6.527386785201089197e+02
-7.186817773527785675e+02
-7.544248214777892372e+02
-8.575315926545051752e+02
-8.303135409460653591e+02
-6.541996913100555275e+02
-7.760164301031333025e+02
-7.801582128761210697e+02
-7.550093031475373664e+02
-6.712456046652908981e+02
-7.548433957341974292e+02
-7.421780937886148877e+02
-6.436519648006377565e+02
-7.736004838098846221e+02
-8.172608662097488832e+02
-5.914212324430794752e+02
-6.658212533988404402e+02
-6.793740307988274481e+02
-7.024749969444733324e+02
-5.745538721717700810e+02
-8.596385264030614053e+02
-8.850001166034071503e+02
-8.458641687012150214e+02
-7.230545784647201799e+02
-7.525967197143296517e+02
-8.763439703062662147e+02
-9.771396999753076216e+02
-8.642946067603518259e+02
-9.256083252994357053e+02
-6.624308218385408509e+02
-8.444950041245080001e+02
-9.283623032027437603e+02
-8.247017908472010959e+02
-8.214836171425918110e+02
-6.348565427719381660e+02
-6.595442962107932772e+02
-6.173049152839359976e+02
-7.847564889106513419e+02
-1.040761687476509678e+03
-5.330359011971460177e+02
-7.519230322482284237e+02
-8.622043682830883427e+02
-7.735198005849140372e+02
-9.605692564187640983e+02
-1.159392453283936220e+03
-8.418867816207396118e+02
-6.925856141023701866e+02
-9.165991386121253299e+02
-9.225420046141448438e+02
-7.792637798990843976e+02
-6.889471256529451466e+02
-8.499938962723158511e+02
-6.262379570406976654e+02
-9.521638445044701484e+02
-7.378582882371732694e+02
-7.764165322296273644e+02
-8.215958006350397227e+02
-7.134523893893898503e+02
-7.791163028941052744e+02
-7.385514455585631595e+02
-7.044348304945119708e+02
-7.657885495532340201e+02
-8.074533311589746063e+02
-7.431622674235377417e+02
-8.793494738332765337e+02
-6.066381324730701863e+02
-7.040942311609791204e+02
-8.980578721182954496e+02
-7.954854621206451384e+02
-7.571943455405480563e+02
-7.731464467699460101e+02
-8.567940143908818982e+02
-7.352683426911614788e+02
-8.982792353637380529e+02
-8.073472932214364164e+02
-7.559869479251232178e+02
-7.865601505744864426e+02
-7.886986681165559503e+02
-7.478317298299776894e+02
-7.126658813100160614e+02
-7.730971784741145711e+02
-6.963723739647989532e+02
-8.734989766774521058e+02
-1.033550351620638139e+03
-5.621740250910074792e+02
-6.909690976164046106e+02
-4.367609613169675526e+02
-5.208268735718124844e+02
-9.388580296667405491e+02
-5.235141111236313236e+02
-5.874153017916078170e+02
-7.246427180093771767e+02
-3.810016248399492156e+02
-7.024844070363276387e+02
-1.807380006386015339e+03
-1.919840438714054017e+03
-4.087602499164896699e+02
-8.167677924709338413e+02
-6.839837192979176734e+02
-4.874240304353343163e+02
-1.182760549192850249e+03
-4.149818115026494638e+02
-3.808417385456610873e+02
-5.667844904042358394e+02
-8.120158326190912703e+02
-5.613799735575267960e+02
-8.253542704757687716e+02
-1.360192063919000930e+03
-7.449655351112749031e+02
-6.750866094447220576e+02
-1.019827805625395285e+03
-1.153906321295000453e+03
-6.516201235948643671e+02
-6.639626960913626590e+02
-9.600596239988842626e+02
-6.329525138493846725e+02
-1.040089720763491414e+03
-3.749869429096526687e+02
-5.207239170350085260e+02
-9.975236467790318784e+02
-6.435810526886290290e+02
-4.778153999297126120e+02
-9.688543036348511350e+02
-3.010430025993244953e+02
-4.450003313413920409e+02
-5.807760089183072978e+02
-5.799356369752549654e+02
-1.097554295776850040e+03
-5.924876274427731460e+02
-6.461968384896622410e+02
-8.808003624288649007e+02
-1.077481476044242982e+03
-4.195663742647798244e+02
-4.982804157259535032e+02
-7.620996180981562702e+02
-1.231303776348422389e+03
-1.358200628442627703e+03
-1.011953298734634927e+03
-5.389137123753876040e+02
-4.488738599094930350e+02
-5.260548332956531112e+02
-7.673315660408210306e+02
-3.178262874169121233e+02
-3.693357209154733596e+02
-1.076584173499613826e+03
-7.623866299175070935e+02
-5.534869151103805507e+02
-1.196161059751051880e+03
-6.034324588010181287e+02
-9.565242317225083752e+02
-2.790384560094453832e+02
-5.238816784397055244e+02
-7.156132644523821682e+02
-6.932555772068122906e+02
-1.039706040405796557e+03
-1.065196018693826545e+03
-5.184542947318291226e+02
-1.145483215892678800e+03
-4.087591133281658813e+02
-5.103779747087370993e+02
-1.022266590121188301e+03
-1.082058137730587760e+03
-4.884632932499760614e+02
-9.218593864762679004e+02
-1.208232252645991593e+03
-9.085928783049577078e+02
-1.300548893200489374e+03
-1.442102502394054682e+03
-1.476787885321427211e+03
-5.492532807717971082e+02
4.980671287769845890e+02
-3.929956928650790360e+02
2.457230892245111136e+02
-1.109908675188005873e+03
-1.205343808955526356e+03
-5.155002719918444427e+02
-9.934403559176782892e+02
6.421627337687317549e+01
-1.789890157124385723e+03
-4.784041443824813200e+02
-4.740013084692262169e+02
-5.134078083810881026e+02
-4.755470315249845044e+02
-1.003778557713871578e+03
-3.922845300356306097e+02
-4.554658440861811641e+02
-4.252508565310398012e+02
-7.916213981108727467e+02
-3.286127476307370330e+02
-4.484688658124863423e+02
-4.760064301530439934e+02
-3.765717756759517556e+02
-3.024083547497007771e+02
-3.544952959198751046e+02
-2.150985695697474398e+02
-8.516106576418100076e+02
-2.544666215973409180e+02
-2.677075244929959013e+02
-3.619944784258026402e+02
-3.332569317462410368e+02
-4.663859641659449267e+02
-3.608033159152596454e+02
-5.614461769716140225e+02
-3.039747208139684176e+02
-2.481772139421931342e+02
-2.686737440560153800e+02
-2.334915164923218072e+02
-3.444259435161982310e+02
-1.771417444989592127e+02
-2.691229855128923987e+02
-1.485618255053109351e+02
-3.494521723666231878e+02
-3.055100804414613549e+02
-3.235484519683401459e+02
-2.274006624600385180e+02
-8.275805741843936403e+02
-3.202445734867881697e+02
-4.018452889949500673e+02
-1.806808537073119965e+02
-1.004408824116752328e+02
-4.350164254416231984e+02
-6.220410884371537463e+01
-3.338898656874515041e+02
-3.540345265397688763e+02
-1.754777574008565466e+02
-8.876446826626768427e+01
-1.138202517840815631e+02
-2.269631195676467144e+02
-1.233632539167403479e+02
-9.116828149685318294e+01
-6.926922965082695782e+01
-2.456337644603536887e+02
-1.564870500243878837e+02
-9.986009375371337171e+01
-8.902893561115467946e+02
-3.918824690590906243e+02
-9.916453506360155643e+02
-2.544417400638307640e+02
-1.835449164185625250e+03
-6.447272843375657203e+01
-3.181003903842008640e+02
-5.898259444702045329e+01
-1.683501753816800033e+02
-2.898494442649335952e+02
-8.410602740409343880e+01
-1.279099648252313699e+02
-2.342885935831886002e+02
-1.418786039971723483e+02
-1.651925761810789197e+02
-1.826301959920877493e+02
-2.939216249663531357e+02
-2.939398344690992531e+02
-2.636947801211682645e+02
-2.632893626603745361e+02
-2.959809614181527877e+02
-1.387839134830529417e+02
3.921820209535813717e+01
-8.653093783081607171e+01
5.095306783543520623e+02
3.307547249839204824e+02
-1.273275102305745349e+03
-3.146150026281937926e+02
-1.621322308069389635e+02
-3.190541258672745926e+02
-2.930582910950917608e+02
-7.431288389150998910e+02
-4.075771174240672394e+02
-2.123403936229740907e+02
-2.821783908065440301e+02
-2.018483921627228881e+02
-3.365180275239581533e+02
-2.622656719818643865e+02
-2.196797840878734291e+02
-2.630711373279921759e+02
-2.047785496966477012e+02
-3.141666455257590087e+02
-1.824870645384151260e+02
-9.695868654859035587e+02
-1.165678451910316085e+02
2.520738722480038518e+01
6.801981879269797560e+01
-8.095792239922141675e+01
9.858106891782512093e-01
-1.595856114190508777e+02
-8.937481383091368343e+02
-1.500642050601457811e+02
6.572983491927035971e+01
2.151964161175577317e+01
-8.412227678002545872e+01
-7.322610005069828958e+02
-4.520867182016612560e+02
-4.282201754907147233e+02
-2.776359394360684973e+02
-3.587108413347787632e+02
1.951088075393751637e+02
1.014916855902996531e+02
-8.404124353812718482e+02
1.327884680342707497e+02
-2.939902977067894767e+02
-1.123027147072116634e+02
-3.395483279352603745e+02
-2.380051372183166052e+02
-3.589460929669269262e+02
-4.623446590403874552e+02
-1.135727233484496423e+01
1.955695997066329994e+02
-3.079338063622973323e+02
2.386923467654689546e+01
-8.793058870243618230e+01
-1.242046824033005521e+02
-2.338736399328702475e+02
-1.556048817380432183e+02
1.151943202717235266e+02
5.103612813832891248e+01
-4.182762098506624682e+01
-1.354195034221869065e+01
5.071451655364768385e+01
-1.497858702825654120e+02
5.335566799771824265e+01
5.594287614784202560e+02
5.044102878694437777e+02
2.060204569674662878e+02
3.193150271249751313e+02
-1.194516223831183879e+03
1.605832662256653123e+02
3.383025307846472742e+02
-8.664264624953830207e+02
-2.415074528087164651e+01
-2.978645389336691451e+01
3.702914955324818038e+02
5.295137917206091061e+02
2.203849980692280610e+02
1.449156959845317658e+02
-6.167327950715579732e+01
3.088796634284848892e+02
1.077162871460187148e+02
2.016635080953812746e+02
-1.115181196683600547e+03
4.434266654862162227e+01
-2.171611020726057859e+02
-2.050432005284245918e+01
-6.083576073253437926e+02
-2.172156106355607506e+02
-2.685790630214197563e+02
-6.914499940985953117e+02
-3.930880558803168014e+02
-1.327862720181179156e+03
-6.251100898134288855e+02
-7.534229428441540222e+02
-1.914522660925903494e+02
1.246468958083215171e+02
-3.077403171257426493e+02
-1.577136886491447569e+02
3.760988584740613305e+01
2.032773578319785202e+02
-6.272882737886195770e+01
-1.191387747956722023e+03
5.382451506169605864e+02
3.474241798045355836e+02
1.548909360611595503e+02
3.637407014819910955e+02
-3.906146608581665305e+02
-3.603842130496607297e+02
-4.476085740437017080e+02
8.779540155534790813e+01
-2.143677158332230874e+02
1.136510907903574292e+02
2.875734558585475042e+02
6.275505151017982826e+02
1.125164047641708862e+02
-9.415477064462958197e+02
-9.742153027164954437e+01
4.926594828125391814e+02
1.380882547488536716e+02
2.188526832548656387e+02
5.051262848055337145e+02
5.647046934493828303e+02
6.206754536608868875e+02
4.472954024988808897e+02
5.213225084390929851e+02
2.817071843840951146e+02
4.241273613025603026e+02
-1.915983547178447566e+01
-5.262869354218634044e+01
1.501933755472800840e+02
4.251924970742143728e+02
5.025592228442981764e+02
5.249250268259220320e+02
8.680031157142815346e+02
7.749122487897070641e+02
2.448904670824227878e+02
4.243126245086214112e+02
8.064352482307482433e+02
-6.953323265282233479e+01
3.630276712322247477e+02
6.135552958439583335e+02
7.449753843509696480e+02
6.287033320783291401e+02
7.055258220515470668e+01
4.049086727011624021e+02
-3.081966481305848902e+02
-4.797491272205348878e+02
3.516895425312195016e+02
-1.949013008000484319e+02
-1.708877658517928353e+02
-3.217034394044708279e+02
-2.554245641872662702e+02
1.334391743304965416e+01
-1.599900819023967529e+02
-8.690906758143653121e+01
-1.045667853143096409e+02
-1.883371878536537736e+02
-2.970689014345035730e+02
2.276109662015622064e+02
-9.044552168067968978e+01
2.351516528692408201e+02
1.648260629652380089e+02
9.197742678359267643e+01
-4.133170501185695684e+02
-2.666044209539285248e+01
-1.081249735263269542e+02
-2.063505411920070571e+02
-2.364052186632536916e+02
-4.339684554861815968e+02
-7.118391443743363425e+02
-3.630055639612954224e+02
-4.123855347097716049e+02
-1.445788910525566848e+02
-8.850054060714344359e+02
-5.246670123820410936e+02
-3.120356926478270907e+02
-1.065451151246019890e+03
-6.373818550703359165e+01
-8.407089081231483760e+02
-1.676960819956407931e+03
-1.578977333427086023e+03
-1.245603055343851565e+03
-1.089754557209219001e+03
-1.917402885787144442e+03
-9.822989344560760401e+02
2.455641879068219282e+02
-6.980591036266173433e+02
-6.199490778434695812e+02
-1.158104070216626951e+03
-1.351633549466005206e+03
-1.004977386726000304e+03
-1.801662926595905390e+02
1.833117593098438647e+02
1.874091139742319285e+02
1.917822928675502112e+02
-3.813813289834861564e+01
2.632767947078295947e+02
1.134318212263943053e+02
-1.785714036412258565e+02
1.668790968883054404e+02
2.442696679346952919e+02
-2.158697756934635663e+02
3.710285638710079184e+02
2.664112942253857454e+02
4.577520355138079253e+02
2.305641555734926271e+02
4.866456698057767767e+02
4.660616427135435629e+02
4.231595675486672121e+02
6.561253072781273659e+02
7.975324169431183918e+02
2.264244557844945405e+02
8.454741441470154086e+02
5.146777790732567155e+02
6.817853950368736378e+02
8.920800284231848991e+02
5.747276750076221106e+02
5.038230859335056948e+02
4.420856366835989775e+02
7.125593051148902077e+02
3.160241598773510532e+02
-2.665641747520874105e+02
-4.869937605082852770e+02
-1.722555581474480846e+02
-6.515501537612379934e+01
-1.579361022870522675e+03
-6.494804388697614286e+02
-1.559583005292543930e+03
-2.286571098088731446e+02
-1.053788472813293311e+03
-1.121820504346441112e+03
-1.346753935698152191e+03
-1.119484003295930506e+03
-4.141696002852490892e+02
-4.397459033497135010e+02
-4.704073171702065110e+02
-1.249503352339837647e+02
8.939437590603246235e+02
-1.789673685104159233e+02
-1.176519204331916626e+03
-1.234994456388695198e+03
6.062627769066118617e+02
8.192958783793120574e+02
2.164792168657347702e+02
3.258887013520253504e+02
5.717144038846720377e+02
-4.871567938479932991e+01
8.224230299586345154e+02
-5.490531433666598105e+01
5.204305850374996680e+02
5.124329532963409974e+02
7.194004795847982905e+02
7.624595293928696265e+02
7.641490063071089480e+02
9.488589947740720163e+02
6.762498868559243874e+02
6.069309752943870535e+02
1.022753129468314569e+03
7.912697200003510716e+02
7.570662549826333816e+02
5.921503590697915342e+02
7.739656937007958959e+02
7.027729726545662743e+02
8.089972860362649953e+02
7.098744298841220370e+02
8.147854893568470516e+02
8.831939564228557629e+02
3.666139575225847693e+02
6.227665138588830587e+02
8.022321252475319397e+02
5.804667453568471274e+02
7.042875139180857786e+02
5.911428404176836011e+02
7.722253998798072416e+02
8.377103045436173261e+02
5.470147131008995984e+02
4.465611508391716029e+02
4.601865187245544462e+02
-7.548727383457958240e-01
6.294158653059804465e+02
4.541893573554148702e+02
7.037362381964733231e+02
2.262438329111932944e+02
6.301781968663316320e+02
6.465898405031831544e+02
7.200389797196397694e+02
5.006978409434634614e+02
5.555478204051786406e+02
7.565294536290351743e+02
5.979046666078002090e+02
2.981870027790637323e+02
7.608743175472075109e+02
6.998978262225117533e+02
6.920230289713565526e+02
6.715454429275393977e+02
7.122720129470465054e+02
4.492554517489324439e+02
7.413761267064454614e+02
8.043361558504691402e+02
6.837516719270952308e+02
9.533399852065520008e+02
1.081367355959820088e+03
5.148744997287082015e+02
5.603385213406320418e+02
9.768882644717822359e+02
8.975531117223546289e+02
8.439439560276085786e+02
4.322042270262131751e+02
4.391491360430438817e+02
1.151649619279205012e+02
8.942805716311779634e+02
2.663170082146406230e+02
8.088444473394405350e+02
7.212283093678737487e+02
6.091535302758755961e+02
6.941201010559325368e+02
9.144223842373976368e+02
6.980169237216126703e+02
5.142405910247646261e+02
5.370547978103487594e+02
3.561172191064622439e+01
5.649604483238831563e+02
1.001628982467603237e+03
7.313933714646849467e+02
7.615089208342725442e+02
5.040789980666146448e+02
7.748846423979530300e+02
4.959692854105915103e+02
1.016865496850813770e+03
-2.008978003512521013e+02
1.463369778245797761e+02
6.100806129419181616e+02
5.505432008561051589e+02
6.583509883975614230e+02
6.801482097007935863e+02
4.835591025853901783e+02
7.380210456657734994e+02
8.041337378475650439e+02
5.699038955333529657e+02
5.333899069322681044e+02
3.746510156443920323e+02
9.222907473211699880e+02
6.592200301259802018e+02
1.286474435379039392e+02
7.501593308786724492e+02
7.252605083665662278e+02
3.947965889777777306e+02
5.962356295820345622e+02
5.086337300309345437e+02
5.915962111646950916e+02
5.715266576382630319e+02
1.347577796337778011e+02
4.006683076589216626e+02
5.394203452253468640e+02
3.118550019690429167e+02
8.057081787976785563e+02
6.549096044715663538e+02
7.808437930724985563e+02
8.178532688905042960e+02
4.393534908210094159e+02
8.553004273118575611e+02
3.546598023137776181e+02
7.411554707895394358e+02
4.519589286387176799e+02
6.556336013254154977e+02
6.810138287317950017e+02
-1.287543021567954156e+03
7.037960503518881978e+02
7.386633727891260150e+02
7.503545566669672553e+02
-7.756049127036369555e+02
-8.032129079507280949e+02
5.697301721886242376e+02
5.683601533720996031e+02
-8.798588850346108075e+02
7.591112068449855315e+02
4.704042390166225687e+02
6.940450540003165543e+02
4.698164554089032094e+02
6.690326656211434511e+02
6.702996098748675422e+02
5.898527039334351230e+02
6.749512219391028793e+02
7.438407574601332044e+02
7.146564441134979688e+02
-1.185246911999418217e+03
5.488528242497609426e+02
5.934257215693937724e+02
7.195313185375473495e+02
4.536333333759844777e+02
8.010083473579898055e+02
7.551085670309936404e+02
6.509698137339747746e+02
6.154968154436769510e+02
-8.028424960447975991e+02
5.553925608709724884e+02
6.381343114016278832e+02
8.080003821526398724e+02
7.299524879941546942e+02
6.952808945753046146e+02
8.863393844268647399e+02
7.714111643539082479e+02
7.417809276771297391e+02
8.857219474468518001e+02
6.051209886586732409e+02
-9.067679448071442039e+02
1.007429407602305901e+03
6.275493646651535755e+02
8.828486974506663501e+02
8.593331064235951544e+02
9.165586446952654569e+02
7.828479892199386541e+02
7.127940249506043529e+02
6.879461622974184820e+02
9.097680891863441275e+02
7.803465220195353140e+02
5.888929185264406669e+02
5.573444945891124007e+02
7.616104252188282544e+02
7.600358681118602817e+02
-6.771252177910897672e+02
8.838319597370237943e+02
7.302070514788704259e+02
5.349483757399475508e+02
8.700254684584344886e+02
7.872752083375887651e+02
8.158221688792787063e+02
-9.288087617563567164e+02
8.518121674181221579e+02
9.775318304389531932e+02
7.938471910870623560e+02
8.528757742764876184e+02
7.868477541494065690e+02
8.576828181527962442e+02
1.007007814800663255e+03
9.251068863184939346e+02
4.879023995022817530e+02
9.866840623080292971e+02
8.606982074989588227e+02
8.921556363327639474e+02
8.622355200963834250e+02
9.198109934304686703e+02
6.722467094721263265e+02
7.792031165939504262e+02
9.504695543248489003e+02
6.286424816688839883e+02
8.672683921123975779e+02
1.014135316598268105e+03
1.008411898440787581e+03
1.000338104504313719e+03
1.059934899709750425e+03
9.393031821920363882e+02
9.381248768275786460e+02
1.010258301185985943e+03
1.046824982211060160e+03
9.197929426435217692e+02
8.853184969718123511e+02
9.605370040678444639e+02
8.723487785956704101e+02
9.205962548185179912e+02
1.118751841928666636e+03
9.814122892067636030e+02
9.792810506802677537e+02
1.155140625400147428e+03
8.269919175293991884e+02
1.009857439241545308e+03
1.035830941975704263e+03
1.079063837420199661e+03
1.066780238901403209e+03
1.188401398662691918e+03
1.080849782764420979e+03
1.220352921872209663e+03
1.178503103029611566e+03
1.022746139986146204e+03
1.261969478097490310e+03
1.058679992110806324e+03
1.056648287709626629e+03
1.047317565987561693e+03
1.167160017218705434e+03
1.139393287221498895e+03
1.134245072309508487e+03
1.104355551085838897e+03
9.827124044475394840e+02
1.161805200286785293e+03
1.111923183841907985e+03
1.098443339050717668e+03
1.339461563285356988e+03
1.134239768889920015e+03
1.158583119361096351e+03
1.133888053079981773e+03
1.027627753334417548e+03
1.128458781074775970e+03
9.888865162580351580e+02
8.974324192924659656e+02
1.069882990499909738e+03
1.315587044046971869e+03
1.142428396750730144e+03
1.092209231477513868e+03
9.544175682615149299e+02
8.216656036522362001e+02
1.237127720988116607e+03
1.365306036692380985e+03
1.001471456095433268e+03
1.171410216339452290e+03
1.262599254889632448e+03
1.024800413996781344e+03
1.090533280971339309e+03
1.264847048467009927e+03
1.034032988139839745e+03
1.113266032914249990e+03
1.053478063881814251e+03
1.094194227776388971e+03
1.180641837203495925e+03
1.067558799627553071e+03
1.016692729494344803e+03
1.038328421652806355e+03
1.083557488808501148e+03
9.548867396256197253e+02
1.093245818358149336e+03
1.139791980512964983e+03
9.428664855384840848e+02
1.039136674392153509e+03
1.039960702263789017e+03
1.294089010440673974e+03
1.175023932090553217e+03
1.310532151001979400e+03
1.071541948439973339e+03
1.094186524973012638e+03
1.227741218247253755e+03
1.043265707400760448e+03
1.046379398931121159e+03
1.309647481999091724e+03
1.231307540421078102e+03
9.794787946567339532e+02
9.120288329571873192e+02
1.173642447629264097e+03
1.052140655344239121e+03
1.306788046397639391e+03
9.754988713468691230e+02
1.324555443256144144e+03
1.196294635902329446e+03
1.050563112418398987e+03
1.053899837048164045e+03
1.025720574647765488e+03
9.957986615334586986e+02
1.123694909572763436e+03
1.041486934212699680e+03
1.153956726947408242e+03
1.040777296190943616e+03
9.917538112712630891e+02
9.769351317929139213e+02
1.139189168161008865e+03
1.216644769004856698e+03
1.076391585646290423e+03
1.191288669644215133e+03
1.069468275157097423e+03
1.010192953271808051e+03
1.097760950531546541e+03
1.081099138972443825e+03
1.072278464025747780e+03
1.118622171251069176e+03
1.128640780410110892e+03
1.152258708139740065e+03
1.108368848127574893e+03
1.087776596718246765e+03
9.203167004881532876e+02
1.107254476071569343e+03
1.096320023623361521e+03
1.170546945985025332e+03
1.003962499055026342e+03
1.089288028811165759e+03
1.270234690078193125e+03
1.061703097151249949e+03
1.174071809370782830e+03
1.281328160639016687e+03
9.552124718504937846e+02
1.098206006247426785e+03
1.337104020554704221e+03
9.643133391789036750e+02
1.111317602923498725e+03
1.115522336331421002e+03
1.223695405776354391e+03
1.129783102231838029e+03
1.144479520828552495e+03
1.218581466735288359e+03
1.235717854480238202e+03
1.256259107954129831e+03
1.014630290929194416e+03
1.129114272983481214e+03
9.736614033014542429e+02
1.171958535087896507e+03
1.065309622866225027e+03
1.176301170403757624e+03
1.154866983753709974e+03
1.046578746179784730e+03
1.170089304621652673e+03
1.053905141583352361e+03
1.278713918386107025e+03
1.136654242063647416e+03
1.252745612822293424e+03
1.271142674186642125e+03
1.207946122721215261e+03
1.151180365205411590e+03
1.195875429995426202e+03
1.162627897464397165e+03
1.236489638513531645e+03
1.025663475430689914e+03
1.054709575496146499e+03
1.133080778234170566e+03
1.273167316319337488e+03
1.229546646446505292e+03
1.267098309560363759e+03
1.101978731149506302e+03
1.474178015546139704e+03
1.216598224992723999e+03
1.323193178671928763e+03
1.127030374964272369e+03
1.097068413543334827e+03
1.136953623626735180e+03
1.305984543260660985e+03
1.034491405042685301e+03
1.091582725451017495e+03
1.005750149350501943e+03
1.374336616767403029e+03
1.083386705984216633e+03
1.070602317279267709e+03
1.199084224747710095e+03
9.831461315185159719e+02
1.108807218494953077e+03
1.175468383926191564e+03
9.856255685030648692e+02
1.109302820495919832e+03
1.160173097691900239e+03
9.755398630546188770e+02
9.968596136056374917e+02
1.123215937951923479e+03
9.339727493935836264e+02
1.164896062680900286e+03
9.898089223068535603e+02
1.072326944971591956e+03
9.666530129254268786e+02
1.244809039573175596e+03
1.251944628134830509e+03
1.145042922349244236e+03
1.175385138235444401e+03
1.237246484082336565e+03
8.835327301420933281e+02
1.110866690702566984e+03
1.083378002864501468e+03
8.582127533811108151e+02
1.037408185628050887e+03
1.148752099377108834e+03
1.183279902692766200e+03
1.125447363634669955e+03
9.910881257091557472e+02
1.251306897738856151e+03
-1.172769484894332891e+03
1.234660571644054926e+03
1.037848984670451046e+03
9.308240888933270298e+02
1.152614232686642026e+03
9.325763511390769054e+02
1.077289347186464056e+03
8.730554172770091554e+02
1.091972984994158651e+03
1.035063387104307139e+03
1.192468878948342990e+03
1.067749023833003321e+03
1.025618088046225466e+03
1.031225643155263697e+03
1.132761748761999115e+03
1.150707763299012413e+03
