-2.317926996074724684e+03
-6.691538312367878234e+02
-6.462473921674143185e+02
-6.085068733668995264e+02
-8.132588907898024218e+02
-6.818930333962975965e+02
-5.846630378542326980e+02
-5.196093873461994690e+02
-7.004089286713754063e+02
-7.512049363635291002e+02
-7.357540980495756457e+02
-5.890086431188134384e+02
-6.115823034148423858e+02
-6.767428094265314940e+02
-6.038276882024545102e+02
-4.805775955404455999e+02
-6.817754366279851865e+02
-6.865797587577693548e+02
-6.787321156292583737e+02
-4.675470982500511354e+02
-8.193903151365518625e+02
-8.008976963353434257e+02
-7.295772354529816539e+02
-7.835359752881217901e+02
-1.661930372447752234e+03
-8.011848900463808150e+02
-7.961006978695006637e+02
-9.311815626108447077e+02
-9.407579131047812098e+02
-1.697974852043169221e+03
-8.752240658713449193e+02
-1.772514522072670616e+03
-5.591224868407783788e+02
-9.118859008666313457e+02
-8.076085591034299114e+02
-7.658180409101896657e+02
-6.992150087111501762e+02
-8.856021299351625657e+02
-1.071178265073306420e+03
-6.330975283983003692e+02
-8.949059016357326755e+02
-6.267806675105588283e+02
-8.213583171594283385e+02
-6.199850673848987981e+02
-7.099011184691394192e+02
-6.856248959276065307e+02
-7.001940912138769590e+02
-7.059511076341652824e+02
-9.458747259691531326e+02
4.767284998080576770e+02
-6.452516695204885764e+02
-1.732581489101470993e+02
-1.660303567893825516e+01
-5.310889313482723537e+02
-7.278731622987919536e+02
-5.282125251546503932e+02
-2.925796655762903242e+02
2.555655498414899682e+02
-3.238602893390249733e+02
-2.306127338086886311e+02
-6.646644392117343614e+02
-2.383711431402223297e+02
-3.975879859345437808e+02
-8.088902936926141365e+02
-8.344638435275604706e+02
-5.922747823669380978e+02
-5.606460374613189970e+02
6.075451201890636810e+01
-4.187200287080830776e+02
-5.319166938715518427e+02
-4.021185653979191557e+02
-5.512817982422279783e+02
-5.943915175493599463e+02
-6.603625767799517234e+02
-6.509753485938082349e+02
-4.347849741917238475e+02
-1.679073542692880778e+02
-7.739743695684406930e+02
-4.618653882015380532e+02
-4.261590679778860249e+02
-6.599504107321091624e+02
-4.797761318568950628e+02
-3.709541280977435349e+02
-6.603722848655645521e+02
-3.327886743631606805e+02
-5.995746232329113354e+02
-6.357545594258627943e+02
-4.047077931281230008e+02
-4.906369142796556844e+02
-6.713432899860573571e+02
-6.508239702111595761e+02
-6.018345832480766830e+02
-6.046517206651111564e+02
-8.185858111028026087e+02
-9.332019955483426656e+02
-6.151592691721724577e+02
-1.284095942734718165e+03
-8.936597163243777686e+02
-1.513749367238588093e+03
-5.363881186100161358e+02
-1.295369243075950635e+03
-1.275156427965691819e+03
-9.667918819163428452e+02
-3.626198544493179838e+02
-6.972330781660045886e+02
-3.669301319586936074e+02
-6.145483473427484569e+02
-5.983390000613616166e+02
-4.519858028332628237e+02
-3.083580050549509224e+02
-7.356810915044950434e+02
-9.558472897897136136e+02
-7.156233463406682631e+02
-6.552409112662378448e+02
-9.588198232728313997e+02
-1.539069441910606031e+02
-5.713319876647558431e+02
1.634620431517963937e+02
-2.904062546184010216e+02
-3.842478529818728816e+02
-4.608342973563653118e+02
8.991616835691704637e+02
-8.619515752673563611e+02
-5.476397380665887340e+02
-6.667813397755342066e+02
-2.898621781125506232e+02
-2.141321162546101959e+02
-5.652927898032131679e+02
-5.037283599457306877e+02
-3.985334091292962171e+02
-3.413421160415935560e+02
-3.057249737720738949e+02
-1.549717619147265850e+02
-5.425952843277752891e+02
-5.008365648714658391e+02
-5.304256658452759439e+02
-4.980670239932221648e+02
-5.632776483043153348e+02
-2.118649853213909182e+02
-5.108025184664381868e+02
-2.825472559112646991e+02
-2.837333220405087104e+02
-3.793677244434808244e+02
-1.858159215958090726e+02
-5.175875755976773007e+02
-4.092607418413244886e+02
-3.495914092847921779e+02
-3.601176158788401267e+02
-3.624097846460365417e+02
-6.099913114796984246e+02
-5.231497275775902835e+02
-4.288023784494360484e+02
-5.698756365842559717e+02
-1.397711114345313490e+02
-8.001586597595087369e+01
-3.548554588894953667e+02
-3.318594734658598782e+02
-2.726854614838088082e+02
-4.070518597331581532e+02
-1.551842277175693141e+02
-6.460689927570439295e+02
-5.805147490598869808e+00
-2.399860721450716312e+02
-2.460525109416385874e+02
-1.755332915263351197e+02
-2.753580810068515348e+02
-1.144047374005860775e+03
-1.826102606414652030e+02
-3.732387673392632337e+02
-1.739189696817469439e+02
-2.742026478985226845e+02
-5.515794535986747178e+02
-2.643776482458179657e+02
-2.201206671783722300e+02
-2.260811338128261809e+02
-3.580304369785698100e+02
-4.315519612593599845e+02
-3.498955801833960777e+02
-2.285569458727286190e+02
-3.194951525973351636e+02
-2.539066206311950111e+02
-3.004519367616424574e+02
-2.420214347004072977e+02
-1.884821240049566597e+02
-1.506823626722799929e+02
-2.963670323363829766e+02
-1.759034289965233597e+02
-2.342975751172348282e+02
-2.632582762017570417e+02
-9.666989708821718068e+02
-4.912266554517751729e+02
-5.471701869503825719e+02
2.838338959871834959e+02
-5.340223556056326970e+02
-4.506954621955167113e+02
-2.772212497939662512e+02
-3.403604408751470487e+02
-6.540565879551903663e+02
-3.629412212232441561e+02
-2.158945982326731610e+02
1.592609587650353831e+02
-3.058557842562817655e+02
-1.004987646529704790e+02
-4.820348531660248455e+02
-5.550355232031093919e+02
-8.367347095465856910e+01
5.548282735542761657e+02
-2.046897608432064999e+02
-1.404208805857431344e+03
-3.397641790137487874e+02
-1.346332425676824869e+02
-3.293665825809599710e+02
-4.972536310476075414e+02
-9.270533085206434407e+02
-4.865510003427961010e+02
-3.090531361461295319e+02
-1.381787089066265537e+02
-7.096245816940135001e+02
-5.491751585895081007e+02
-1.151467691475938864e+03
-3.540880001442196203e+02
-1.271531661616221754e+03
-4.951935857449851710e+02
-3.132323845155783602e+02
-9.938787120664034092e+02
-9.797144262725540784e+02
-1.549482731770577857e+02
-5.167360735239153655e+02
2.484464988658866105e+02
-3.783829797525057757e+02
-2.666408928740252691e+02
-8.767559505193517566e+01
1.793193497718841058e+02
-5.340289029429129641e+02
-4.716269955281657644e+02
-6.012956685440416322e+02
5.865385058472155606e+02
-1.779195251365179615e+02
-5.990855582260170422e+02
1.881286122890253978e+02
1.615381936130808356e+02
2.484449042200222095e+02
7.002998502533592955e+02
-1.901225568921422138e+01
7.975526699489214479e+02
6.447036011543553968e+02
-5.550887145372330451e+02
1.047153461954711929e+03
-3.219557603592905082e+01
6.982895080776785335e+01
2.614650886963416951e+02
1.083301338941389531e+03
-1.170738075119752921e+03
6.781716992580699070e+02
7.822485473655076760e+01
-4.827480387071473729e+02
-3.933504368832093689e+01
-2.075449357737019795e+02
-5.800637884808767240e+02
-4.319950938397481082e+02
-5.649994082622152973e+02
-8.569981740103675349e+01
-2.720960927399070783e+01
-1.817765269225374425e+01
2.856482165405800515e+02
8.859708161487921529e+01
-1.949139471639878423e+02
-1.492627732622201620e+03
2.578725087636462945e+02
2.007348108366173278e+02
-4.181081914602091842e+01
-1.314144200846906756e+02
-9.889665856966342972e+01
-1.569220984835659749e+02
1.976187017797795420e+02
7.932960069353687516e+01
4.746067280524214027e+01
5.010654531916040924e+02
-4.836721094369636376e+02
-7.328816283090421848e+02
-2.091354035395243045e+02
-1.850306321707319967e+03
-2.662999910777234192e+01
-7.677980653592720728e+01
-6.472497116185959385e+02
-8.807887275312444899e+02
2.177795082999679721e+02
5.230033212872363038e+02
8.630607810214451092e+01
-1.752628711449050343e+02
-7.486734790427527741e+01
9.036252144098905319e+02
2.653300661423195379e+02
1.490299244411786503e+02
9.963380029672349565e+02
5.074652446932975067e+02
-9.958829360696319100e+01
1.134751354995837573e+03
-4.732246470346814959e+01
-5.453476104142122267e+02
-1.158646158692644121e+02
7.245830162221725459e+02
7.499642953412583211e+02
-3.269202362432160953e+02
-3.900600682413222557e+02
-2.995074331410884838e+02
-1.269528563043747454e+03
-1.527581211812411084e+02
-3.851263249383839593e+02
1.230898928395712574e+03
-9.434954532140227457e+01
-1.153647073173574881e+03
-1.066767072025269044e+03
-9.855439130792136666e+02
-1.233290163340383970e+03
-8.791470230060587028e+02
1.916373948610035995e+02
-9.114330607393810624e+02
-1.310517125340268194e+03
-8.309988998255273600e+02
-7.998943761922928388e+02
-7.851940390596715815e+02
-5.681755838985083074e+02
-6.900854927671038013e+02
-8.087704003820296066e+02
-5.386226782020307837e+02
-2.236461449186390951e+02
-6.408057095875195728e+02
-3.409371351855882040e+02
3.265388980732656137e+02
-3.975873165173563279e+02
2.197994178103629395e+02
1.137623557488000898e+02
1.968367353388619847e+02
4.188827259298872150e+02
5.608743047058625280e+02
1.121523377297063689e+03
6.886906059672015772e+02
1.106224312704600607e+03
1.212103939301585797e+03
1.220722067341804632e+03
1.121375715437138751e+03
7.280213515624542424e+02
8.847829491438975538e+02
9.369495486542023173e+02
8.718862955626548228e+02
9.799482233478745457e+02
8.338178968062192098e+02
-7.825906934483093664e+02
9.021602958596467943e+02
1.104990800460097716e+03
9.225311612630144964e+02
1.170454073419163706e+03
7.203070039041482460e+02
1.101342636286937704e+03
-4.563317345897104360e+02
9.855373186048599337e+02
6.453051169588246694e+02
9.859152800005279005e+02
1.017413410948818523e+03
7.682180702893035686e+02
1.247725202338097461e+03
1.282048955240926034e+03
8.655188022034133155e+02
9.955316324043187706e+02
1.014854045187992710e+03
1.133095855253332275e+03
4.291082485326328424e+02
7.196439586602795089e+02
1.298728218827182673e+03
1.139927634602498756e+03
1.209831437509414400e+03
8.914848809705831627e+02
1.222174816057363387e+03
8.274300704315099892e+02
1.239318221713167304e+03
1.274579344838736233e+03
9.872422760453778210e+02
9.268443200651728375e+02
1.108189242385197304e+03
8.746365577249696344e+02
1.198190831615384695e+03
7.928512337148524693e+02
5.736902673351271460e+02
1.236378158168700793e+03
9.946769642217544742e+02
1.031673389898794539e+03
1.153260799398004565e+03
4.157355977449763031e+02
1.321044134901501138e+03
8.536518769229338659e+02
1.003260584178504132e+03
8.055692296550544143e+02
9.848288285545630742e+02
9.661614985106252789e+02
1.075253689566188086e+03
9.791622725814928572e+02
1.107163071445521609e+03
8.055113136745637803e+02
1.001499012956911088e+03
1.059295923015114568e+03
8.230230703421453882e+02
6.069072181748842922e+02
1.095225892435475316e+03
1.146121934273104671e+03
1.102937676658419377e+03
1.401021468086150662e+03
1.223256546549755512e+03
1.212218961507770473e+03
1.083860424364055234e+03
1.121231843236398163e+03
1.063516190006861052e+03
1.412766265007528091e+03
6.966973270290305891e+02
8.780530802260963128e+02
1.251276874483446818e+03
1.203747935015911708e+03
1.352200459178865685e+03
1.232514556286503648e+03
8.054987391983356702e+02
1.231147255603432313e+03
1.232536815761325897e+03
1.286682395970860853e+03
1.413455288437083254e+03
1.358954661381453207e+03
1.277045941657609319e+03
8.741597956395763731e+02
1.442030054837420721e+03
1.367560451004902916e+03
1.615306015152032614e+03
1.273942841896781829e+03
1.256000059927739585e+03
1.121812134832082847e+03
1.391385659134765547e+03
-7.058243564852637064e+02
1.501891312315186951e+03
1.366894346145080135e+03
1.364644564607150414e+03
1.420886576623043993e+03
1.625935980225836829e+03
1.383738478062674858e+03
1.271122041863211052e+03
1.255858209421830225e+03
1.165976419078024264e+03
1.521437597790372820e+03
1.608598805003249481e+03
1.351570502552932112e+03
1.315891094529105885e+03
1.447033138465726552e+03
1.544514151257301364e+03
1.283890157002517981e+03
1.450333629231966370e+03
1.633530753823252326e+03
1.643299605108374635e+03
1.622394771323113446e+03
1.468455322538891323e+03
1.462003248832484360e+03
1.606460666534198936e+03
1.542889057332787161e+03
1.298744795352630945e+03
1.467092451597354284e+03
1.448481708815067805e+03
1.389236593949580993e+03
1.698705356001404198e+03
1.342994466292542484e+03
1.572120422774230065e+03
1.627707401358132074e+03
1.514971262999560849e+03
1.466871829744922024e+03
1.492245265384358390e+03
1.632527147366915415e+03
1.484223079067096705e+03
1.239356392925390310e+03
1.400693083051489339e+03
1.414411996850147034e+03
1.359149931820302754e+03
1.350059041363192819e+03
1.460698613712640054e+03
1.312457652355263008e+03
1.448427913055963927e+03
1.399018779829256346e+03
1.497799186649760259e+03
1.413273613043982095e+03
1.394474799993873603e+03
1.280135773537693467e+03
1.292197093232381121e+03
1.464445990780145848e+03
1.274391732381299335e+03
1.536359284410816826e+03
1.717330960799136847e+03
1.217645941707069369e+03
1.291331143507125489e+03
1.274427343608537967e+03
1.738115526026507496e+03
1.310942040112196537e+03
1.422734492434536378e+03
1.238836352731358375e+03
1.248368403572381339e+03
1.524834729271598007e+03
1.330742880991866514e+03
1.673255977956972174e+03
1.299722507097421385e+03
1.080696090349906171e+03
1.136706758062213112e+03
1.377299267374776718e+03
1.399132031568060029e+03
1.144483537739144822e+03
1.227020278677853639e+03
1.366079013325903361e+03
1.117125301822617757e+03
1.377955192701137548e+03
1.171707994303689247e+03
1.199622901851111237e+03
1.325793211400456812e+03
1.446784452922796618e+03
1.322903570450498819e+03
1.291115046851430179e+03
1.375379839412662477e+03
1.252642042341410161e+03
1.282997876295993592e+03
1.446690014176248496e+03
1.372130040999073344e+03
1.429306067139954393e+03
1.121942633972164231e+03
1.576270727079893504e+03
1.262857731641876171e+03
1.306991718992220740e+03
1.572746276373172350e+03
1.502333349650304626e+03
1.424105796994406319e+03
1.503733023355065598e+03
1.505367687857239844e+03
1.193644523204973893e+03
1.101416000868228366e+03
1.309170820209503063e+03
1.167359235392668324e+03
1.308868955402261008e+03
1.360122401098204136e+03
1.440278630719316425e+03
1.319587452106878118e+03
1.197113137700044035e+03
1.234995399501647398e+03
1.273774445742149055e+03
1.207362615081666718e+03
1.317581219368027632e+03
1.141359958682973229e+03
1.052128316184174764e+03
9.880478143793376375e+02
1.362576291229344406e+03
9.781788339478796388e+02
9.856784780794348535e+02
9.243911700156148754e+02
9.604136793382915585e+02
1.031686452136333855e+03
1.142955210188226374e+03
1.217989355531683259e+03
1.093307220297767344e+03
9.069699697216183267e+02
8.302358954811863896e+02
1.101414938704041106e+03
1.026680197818426677e+03
1.145495680729417700e+03
9.950706175425032143e+02
8.154686255010744844e+02
9.159075901439214249e+02
1.146332187497321456e+03
9.542775221707994433e+02
1.047965176394028049e+03
1.039788538850846635e+03
1.054478893204452334e+03
1.085384813482668960e+03
9.216953283207315053e+02
9.304402836006843245e+02
1.026894235305519487e+03
9.850811361888167994e+02
1.154550083540937976e+03
1.235201818276036647e+03
9.055989393577538067e+02
1.045662456614489884e+03
6.606410615245350755e+02
8.728019054407113799e+02
9.855995078904604725e+02
9.011617997410979797e+02
8.116082403937111849e+02
1.212146459344443656e+03
1.190638192959473145e+03
1.247751073457705161e+03
1.223784782961099609e+03
1.237909832632809412e+03
1.151484219288401846e+03
1.581201249409645698e+03
1.006920669852797346e+03
1.238161670583892374e+03
1.148996861155334500e+03
8.049470655968005985e+02
1.122665960534154920e+03
4.185503170601763827e+02
1.157923480545640359e+03
6.446017636623813587e+02
-4.188556416939276232e+02
1.011790842686498763e+03
9.124132816769626970e+02
6.498236243932623211e+02
8.882895197520307420e+02
7.457966275919919781e+02
7.738532880965674394e+02
7.779683788419908979e+02
7.677948989975577661e+02
1.717156233722644856e+03
5.315057106677581942e+02
7.358930736629483818e+02
1.171365949173468607e+03
7.259438594444159207e+02
8.405792538615288549e+02
8.489715211017856973e+02
1.598265819439201550e+03
1.803103739042312554e+03
1.575988737894317183e+03
1.171720621292158057e+03
1.323219938644233935e+03
1.365664186023577713e+03
1.163348980206886608e+03
1.201470584057635051e+03
9.606816306876071394e+02
8.093121225634615712e+02
8.986471148136498641e+02
1.175169907235786241e+03
6.225540872070606611e+02
2.111602722896041087e+02
7.436379965292136376e+02
8.263276820812967571e+02
-3.542547719194028559e+02
3.845193628850865935e+02
8.627813497232740474e+02
8.106523490107533689e+02
7.655614575445234777e+02
6.541570510778276457e+02
2.756959417923403635e+02
6.215805303898807779e+02
1.053716003456797125e+03
4.056408411883762710e+02
1.518251897719785802e+03
1.504397627728561247e+03
1.193566712306660065e+03
1.309738705565976943e+03
1.282506114337341842e+03
8.776068449560706313e+02
6.067388997687241954e+02
3.559577449778763594e+02
3.120505665362376249e+02
7.655523875791852788e+02
1.204476771012085010e+03
1.299439517932564286e+03
1.040972151051648325e+03
1.334975624401395862e+03
1.145104364158091812e+03
1.454624542478951753e+03
1.312038871670210028e+03
1.627949552386457526e+03
1.562216546088300220e+03
1.668185463197819445e+03
1.494388399153767523e+03
1.637554231463465385e+03
1.787910211045462347e+03
1.620112826328083429e+03
1.671804536732225870e+03
1.689633623564796835e+03
1.495695517176838621e+03
1.657234623590715728e+03
1.597004044994483365e+03
1.500300640669509903e+03
1.509090402747508961e+03
1.613996627607762093e+03
1.665304156571901785e+03
1.559484063512288913e+03
1.790393151235999312e+03
1.723987022525751627e+03
1.766249233187514164e+03
1.724626081651959794e+03
1.817240699504449822e+03
1.763137793917410136e+03
1.674405972487498502e+03
1.588622719965777378e+03
1.892949978405711136e+03
1.669013751547848187e+03
1.794169700703395847e+03
1.754881447749639392e+03
1.519044295535693436e+03
1.495072891019386589e+03
1.707558208409967165e+03
1.751703160434064557e+03
1.664835245651902369e+03
1.576247725287216781e+03
1.615439544205191851e+03
1.763777633309493694e+03
1.788095485482453114e+03
1.443573872796910564e+03
1.570586183142843538e+03
1.480038996732302621e+03
1.687790798979152896e+03
1.432582291344869418e+03
1.447175492791549686e+03
1.094662244591430408e+03
1.148238484883285764e+03
1.417463334825792344e+03
1.098472909474120797e+03
1.118208610188620241e+03
1.259139294222926310e+03
1.203163688083531042e+03
1.511274199944327620e+03
1.444317702063096931e+03
1.109028952680421980e+03
1.115558066074948556e+03
1.242486237212719971e+03
1.221730925638850749e+03
1.465599968680654229e+03
1.510765036993755530e+03
1.230577142279619238e+03
1.260919082792100653e+03
1.487574528446384193e+03
1.457243067482911556e+03
1.419809095173625337e+03
1.200823707880795155e+03
1.288114813394660814e+03
1.479111822869523394e+03
1.153903025403910306e+03
1.185936336085716221e+03
1.492582481757222695e+03
1.380969616546218049e+03
1.494217780182719252e+03
1.417460274638919600e+03
1.361765924180346929e+03
1.202668170277010177e+03
1.206097295748399347e+03
1.265247711317619405e+03
1.513335031704712492e+03
1.136706498303851731e+03
1.403288798997672984e+03
1.322047390730389907e+03
1.432444152890570876e+03
1.312535167015881825e+03
1.389231656705366277e+03
1.379937630979342430e+03
1.155723891844229684e+03
1.180645162353597016e+03
1.076446616216103166e+03
1.327449731997599656e+03
1.253513331488207768e+03
1.199305715436462606e+03
1.028823013426828311e+03
1.217352292103327272e+03
1.315508689043524555e+03
1.271778877513457701e+03
1.250713054594588129e+03
1.372357607299164329e+03
1.195095587002601178e+03
1.400674827715575475e+03
1.302959787233559609e+03
1.230647416304992475e+03
1.183079413168846713e+03
1.170142617041453832e+03
1.223928400595173343e+03
1.293372140762956406e+03
1.286062842471185604e+03
1.186050855656276781e+03
1.331331165187081069e+03
1.295915663732157327e+03
1.275990058780966365e+03
1.284629587459086906e+03
1.379369095724245653e+03
1.324241033930568392e+03
1.312755514475664768e+03
1.278206747533292400e+03
1.291720363001290934e+03
1.178165321508385659e+03
1.305678700987752109e+03
1.284067511394627445e+03
1.393124324466770531e+03
1.333237705864808504e+03
1.470741594874260954e+03
1.388618902704411767e+03
1.444151908154004559e+03
1.262490944826986834e+03
1.390928512941424060e+03
1.216596338418478808e+03
1.391223399492322642e+03
1.372751140741987228e+03
1.482281880772933164e+03
1.226615336173032347e+03
1.365022830067420728e+03
1.369365590809061359e+03
1.466329831841126634e+03
1.434390448812953537e+03
1.456377007208120631e+03
1.259221191786252803e+03
1.207941482812572076e+03
1.335397792718898017e+03
1.171086420170965312e+03
1.495514878963350839e+03
1.480527637032478879e+03
1.409130724182850827e+03
1.437333144798189778e+03
1.178021028469282555e+03
1.391106813443877400e+03
1.435862623000470194e+03
1.336757157362244016e+03
1.299981528197215766e+03
1.217719683674427870e+03
1.365680212740260913e+03
1.273311151226345601e+03
6.166629852909039755e+02
1.465668000222585761e+03
1.198906570553353504e+03
1.189271922950294538e+03
1.396561680122527150e+03
1.279546906485437376e+03
1.303568882383767232e+03
1.176783713457087742e+03
1.328471171956942499e+03
1.305392852732567917e+03
1.377223356129714148e+03
1.083488833497392989e+03
1.310507404707845581e+03
1.166221847029227320e+03
1.144120006481502514e+03
1.283934702660635821e+03
1.174209887143819287e+03
1.434551736286097366e+03
1.370601570851151337e+03
1.255699016086594384e+03
1.142888035178923474e+03
1.405205915449537997e+03
1.389510567022631903e+03
1.254979543132229537e+03
1.350501920161419775e+03
1.217200078921431668e+03
1.261875244422702508e+03
1.272615859004327376e+03
1.235816016214546835e+03
1.352950914557675787e+03
1.387303799078516249e+03
1.291463746161770132e+03
1.284418298666281544e+03
1.250585181023090854e+03
1.368566107968064216e+03
1.366110636963914885e+03
1.516228402780786610e+03
1.212023638380825560e+03
1.596168099546104486e+03
1.473178817538800331e+03
1.246264502845428524e+03
1.266861837842674504e+03
1.413368880931596095e+03
1.386560829532473917e+03
1.539739094442251599e+03
1.318989688633542301e+03
1.370511759649676151e+03
1.468485317453551943e+03
1.412267486207007096e+03
1.308712743431207855e+03
1.531964138260114169e+03
1.392208791050956052e+03
1.395180458235513015e+03
1.489239888416632766e+03
1.430355818022605263e+03
1.351335087521899595e+03
1.554187428714778434e+03
1.503141026949262141e+03
1.448409092514041276e+03
1.531239709209004559e+03
1.433588884469412505e+03
1.477917662299018502e+03
1.491990831343997115e+03
1.407466815128759436e+03
1.642990519388951952e+03
1.538820094677377256e+03
1.464740844746237144e+03
1.404381065356971476e+03
1.463706007689739181e+03
1.616318280296718967e+03
1.556702171063975584e+03
1.433944707477988004e+03
1.593607725363199279e+03
1.475506570911652943e+03
1.639166059293828766e+03
1.479604727345961237e+03
1.493065637859024719e+03
1.534250716443719739e+03
1.637519491975451047e+03
1.565015875569043601e+03
1.540563419463401033e+03
1.547701578629145388e+03
1.518852524437979355e+03
1.499960695744963232e+03
1.513849328003153005e+03
1.433779146532805498e+03
1.445111898300282519e+03
1.467153731861876850e+03
1.539171465493821415e+03
1.575704772175513654e+03
1.516781193701714756e+03
1.448391839216440985e+03
1.426760505012837257e+03
1.361942024994576514e+03
1.403769109867646648e+03
1.481713390335406075e+03
1.594003514612685194e+03
1.442888069916159566e+03
1.443002809033038147e+03
1.345352031898740279e+03
1.426952338754242646e+03
1.537946395245801114e+03
1.480568499066579989e+03
1.409618162740226808e+03
1.516269670574699830e+03
1.406621740624854283e+03
1.482332044598343600e+03
1.570960052667757736e+03
1.575078500241181700e+03
1.406751741038190403e+03
1.478713133982813360e+03
1.647853456715977245e+03
1.564605462359539615e+03
1.517877948997364228e+03
1.485834228342996312e+03
1.396387146635757063e+03
1.526027066770090414e+03
1.475001450297072552e+03
1.521897289921690344e+03
1.499182433992070628e+03
1.384320881865407728e+03
1.515533305031230157e+03
1.606805485352810365e+03
1.438874703221805703e+03
1.443746306892221355e+03
1.448018646870235443e+03
1.442112702833852609e+03
1.556155560462751509e+03
1.528567287486309397e+03
1.488664818846857543e+03
1.517306065917817250e+03
1.558764657983099369e+03
1.538219865523894441e+03
1.396319123166369991e+03
1.439383476646924464e+03
1.674141642395738018e+03
1.579272314948286294e+03
1.546168845360065916e+03
1.498610741473283724e+03
1.518275599040453926e+03
1.453118656975133945e+03
1.433838927642256067e+03
1.483495200630946329e+03
1.364411013424777366e+03
1.528152673030709593e+03
1.566437473119820879e+03
1.540971013587776270e+03
1.694255360760038229e+03
1.534237460775073487e+03
1.464062207026817077e+03
1.347967491844898177e+03
1.505068417419573962e+03
1.402559932209463796e+03
1.362425472802557579e+03
1.489623345329984204e+03
1.563943585386142558e+03
1.367988788558247279e+03
1.471746427597907996e+03
1.424669744178403789e+03
1.439397852835507820e+03
1.527888840042008042e+03
1.489508542621550760e+03
1.480703182456657260e+03
1.507227421932843754e+03
1.567179054052978245e+03
1.553600167748524882e+03
1.485353713268889351e+03
1.371238663563900445e+03
1.567865990546455578e+03
1.416664428531919384e+03
1.501836162533798415e+03
1.417736277999532831e+03
1.455397061730509904e+03
1.557617834299667720e+03
1.527202883174284580e+03
1.542526299095249442e+03
1.479889591279929391e+03
1.558823674503262737e+03
1.491144766284534398e+03
1.564261085696163263e+03
1.569844143390298541e+03
1.289948947167447386e+03
1.552603233529676800e+03
1.508066935193151949e+03
1.452112438551559990e+03
1.523258689233688756e+03
1.461794865218303357e+03
1.355897157126446245e+03
1.446789591634002363e+03
1.401154848350007342e+03
1.317633176325287423e+03
1.403760478522270660e+03
1.538431420632799018e+03
1.517033635198359661e+03
1.641559993462269176e+03
1.310372367984185757e+03
1.556221926856530899e+03
1.504959290701878672e+03
1.367630783505827594e+03
1.384585129780436773e+03
1.450107450602593417e+03
1.436707567836361932e+03
1.370732826150381015e+03
1.623185503939943146e+03
1.490258960822849758e+03
1.460126859938017333e+03
1.426958577102149775e+03
1.314176254849850466e+03
1.384005666320872933e+03
1.341811927316059837e+03
1.403384049286641584e+03
1.416219036356809283e+03
1.285280956641049897e+03
1.585787404635207395e+03
1.442112058164606424e+03
1.582710902771362498e+03
1.402424792168775184e+03
1.414116775298741914e+03
1.316723719700259608e+03
1.449704914837737533e+03
1.420598438631530826e+03
1.357204303852199473e+03
1.288369499676437044e+03
1.285526925845422966e+03
1.469352462780803990e+03
1.359055051463509017e+03
1.311562855114618287e+03
1.395688688117623315e+03
1.297599052822695739e+03
1.585328921381594682e+03
1.450367793920607255e+03
1.517626603953864560e+03
1.363720138600244809e+03
1.328922318354971367e+03
1.411058659940968028e+03
1.280924855070120884e+03
1.288045851955087983e+03
1.228660773495930243e+03
1.387470433369874627e+03
1.493925604473128715e+03
1.303070668055490614e+03
1.226624551708668605e+03
1.348353794587618950e+03
1.439860634401982907e+03
1.427907166965661190e+03
1.594906157640027686e+03
1.421836869650052677e+03
1.387277827395292661e+03
1.542929293769363312e+03
1.442711908992032704e+03
1.307200497115245525e+03
1.302428968790912450e+03
1.387201955320999332e+03
1.306609186523846802e+03
1.439560761688351249e+03
1.335177557745515514e+03
1.369445129444781060e+03
1.433655422806889646e+03
1.290807901126102252e+03
1.466201910756021562e+03
1.517086256616995797e+03
1.526828668011489754e+03
1.288984646567545269e+03
1.355481440380452568e+03
1.290603288362501416e+03
1.400921105470373050e+03
1.377446838644837271e+03
1.336045035428373239e+03
1.254659826630628459e+03
1.263538503811817463e+03
1.463934245381052278e+03
1.228412717184973417e+03
1.308893649727935326e+03
1.377186363351956516e+03
1.294899512604070424e+03
1.335149496922709204e+03
1.445972902052812742e+03
1.522014951534057218e+03
1.519635241673938253e+03
1.278152226265356603e+03
1.250320726721271058e+03
1.267254429242448396e+03
1.209872809503104463e+03
1.375810681848885906e+03
1.535838584851909218e+03
1.465521806571537809e+03
1.500127987528721405e+03
1.440580894388468096e+03
1.433050880975158634e+03
1.424828076961169018e+03
1.567535505575974184e+03
1.510610956892226113e+03
1.501658228847559258e+03
1.357591108102063117e+03
1.559282216711866113e+03
1.366624019404537194e+03
1.461121263922614844e+03
1.376612737621733231e+03
1.453640246847676963e+03
1.380223480038805519e+03
1.342510159220645619e+03
1.443008913042116546e+03
1.483479334670576463e+03
1.521276195055605513e+03
1.450680809004656339e+03
1.327258715260866438e+03
1.859848225485954117e+03
1.299033727255994108e+03
1.383590956162425982e+03
1.378919847462641656e+03
1.800616444810993016e+03
1.419107652713598782e+03
1.385173846974573962e+03
1.589871467889302039e+03
1.387580391376077387e+03
1.554910915743794021e+03
1.465206394795859296e+03
1.495360636603424155e+03
1.301256955124329124e+03
1.362484204345973694e+03
1.539955305886148835e+03
1.520433694300899788e+03
1.430337138835272071e+03
1.252126642976462790e+03
1.381842378572595862e+03
1.453669310290286148e+03
1.630301800815336719e+03
1.321686164769033894e+03
1.307711221253382746e+03
1.432677794961493873e+03
1.552875735123423283e+03
1.585996144876728977e+03
1.478053617377357568e+03
1.329399888532706655e+03
1.202089963913271276e+03
1.297354420810126385e+03
1.506200727600901700e+03
1.274079239736001455e+03
1.483725131333782883e+03
1.317599860981408028e+03
1.402016534582786335e+03
1.348414011370731941e+03
1.351692762689910523e+03
1.435478531112235260e+03
1.585839668593487204e+03
1.571955576153852689e+03
1.379841824470565143e+03
1.535416646692400036e+03
1.380353665970909788e+03
1.362774546077060450e+03
1.587393292152745744e+03
1.429464423940880351e+03
1.495004523601564870e+03
1.453890757526726020e+03
1.605653169893706945e+03
1.262263140353547215e+03
1.375463526991382196e+03
1.567191810397037216e+03
1.408028254986314550e+03
1.557866067315883356e+03
1.503338547260805171e+03
1.359245337422135663e+03
1.469608331125650921e+03
1.476498963446720154e+03
1.517968516650318861e+03
1.371684795746972441e+03
1.466388625360402102e+03
1.540853382665935442e+03
1.616687664091997704e+03
1.446047283554918522e+03
1.585744097171957947e+03
1.282032612289133795e+03
1.415549456601811471e+03
1.407450841468148610e+03
1.582198863697461775e+03
1.460663706254999397e+03
1.507044691744443980e+03
1.453420808664406195e+03
1.612497768145326972e+03
1.454564822135214399e+03
1.525025198394810104e+03
1.482892850665923788e+03
1.491428611016844570e+03
1.463591459013180611e+03
1.387257477458018911e+03
1.516760621462198969e+03
1.500903085515730936e+03
1.319882991019415158e+03
1.471632066361690249e+03
1.546215568141930135e+03
1.445984453721989212e+03
1.415444385902820613e+03
1.408321196399828750e+03
1.485134008697374611e+03
1.298923542763378919e+03
1.396086841002732172e+03
1.247258093851051171e+03
1.569767580865082209e+03
1.525665663850933697e+03
1.435312349042641699e+03
1.879159658237716485e+03
1.417275340504936594e+03
1.557734960878186939e+03
1.424200660794282157e+03
1.558503548309102371e+03
1.293523430247381157e+03
1.515233430825531514e+03
1.334760016710950140e+03
1.358730251517345550e+03
1.488517804882033033e+03
1.519453475643323372e+03
1.455447311813528358e+03
1.364760773807418900e+03
1.593880243636227533e+03
1.347154567308196874e+03
1.325011378956284034e+03
1.449694758230533580e+03
1.480658504998134049e+03
1.475592734708694707e+03
1.488338703847277429e+03
1.398936387602586137e+03
1.588505599857857533e+03
1.490526260910406108e+03
1.562836741349109388e+03
1.471923732332561258e+03
1.441573350355292860e+03
1.547516614674794255e+03
1.489945274247683074e+03
1.695210101826546406e+03
1.494623334346458478e+03
1.536766234133505122e+03
1.632628366473424194e+03
1.350779027141272309e+03
1.394095944543037604e+03
1.425035397563146034e+03
1.651308618313662464e+03
1.406334314844377559e+03
1.470504852419450117e+03
1.452044242646881003e+03
1.307794397812589523e+03
1.416653187387004891e+03
1.581756191452720259e+03
1.530647372994037596e+03
1.234891875274459380e+03
1.350252719497371800e+03
1.255491090793394960e+03
1.414355395757019778e+03
1.405046607232306087e+03
1.391646232244668226e+03
1.321287513959008493e+03
1.371388401983052518e+03
1.385310940016478526e+03
1.318973737120796841e+03
1.395387637091708257e+03
1.204824508624222062e+03
1.326294618589751508e+03
1.282979888099865775e+03
1.406129712031330882e+03
1.354617256110414246e+03
1.656290922016557261e+03
1.527668509035267562e+03
1.504133644153845808e+03
1.499225167183232770e+03
1.476947194011064312e+03
1.414478153128099621e+03
1.426788737945573757e+03
1.433890582687629376e+03
1.371993800180852759e+03
1.507283244469076635e+03
1.356708918977619987e+03
1.436770388507319012e+03
1.349476127703704833e+03
1.395484365182117244e+03
1.377979588228492730e+03
1.331802740611731906e+03
1.350828191799483648e+03
1.492479162839682431e+03
1.372528587763998530e+03
1.316966507257668354e+03
1.436094572167802198e+03
1.356760764457173082e+03
1.411377947249248336e+03
1.539674263625078538e+03
1.474484411861204762e+03
1.484374174201744381e+03
1.705298974558101008e+03
1.342309683411519927e+03
1.422873285279896663e+03
1.494913691136059242e+03
1.466860369457003344e+03
1.376999291751491910e+03
1.518941450105121703e+03
1.435801088755460569e+03
1.385885280124823339e+03
1.526684519844903434e+03
1.448020575041742177e+03
1.546390598892702201e+03
1.522583495425241836e+03
1.464256051590562947e+03
1.441547518269218244e+03
1.434177825114865755e+03
1.414375922470341038e+03
1.349668185371987420e+03
1.532764785000824531e+03
1.432418698183218567e+03
1.471846934193019933e+03
1.548277899524233362e+03
1.489683379965103768e+03
1.563708874179306576e+03
1.642013405631371597e+03
1.394874267276183900e+03
1.533657924501297202e+03
1.428569880351449910e+03
1.569157504709590739e+03
1.436309783234992437e+03
1.500452881792750077e+03
1.345548929573193845e+03
1.331752075294105452e+03
1.292511607657111199e+03
1.336500249949563567e+03
1.385509323112725042e+03
1.314519408519579201e+03
1.359192790092285804e+03
1.440100240159076293e+03
1.465074000441599537e+03
1.223875971703414507e+03
1.423284905137344595e+03
1.246104012470141697e+03
1.312857049907730925e+03
1.235402917508818746e+03
1.241791740672559399e+03
1.667311279632027890e+03
1.389082268160758986e+03
1.253404332465860534e+03
1.335637440892268160e+03
1.468458237825715514e+03
1.446292808940101168e+03
1.207186344018032287e+03
1.272586925138344895e+03
1.153746515824700737e+03
1.272179800947237254e+03
1.172680678385913097e+03
1.338741634708935180e+03
1.124960419635993276e+03
1.340963287257965476e+03
1.498077800153771477e+03
1.428611926122273189e+03
1.316455711129787460e+03
1.533000413908340533e+03
1.426580279949567739e+03
1.506464932362197942e+03
1.398894527456122432e+03
1.121106019877484869e+03
1.491380643067725941e+03
1.399331413314192787e+03
1.436254669250129155e+03
1.255714438632297743e+03
1.455223152210176977e+03
1.500159344324927815e+03
1.318488149513537337e+03
1.583768264815051225e+03
1.410690414775388263e+03
1.298377599717648309e+03
1.621615707952159937e+03
1.609918417905830893e+03
1.388658247319096063e+03
1.394178346709709331e+03
1.320596327758771622e+03
1.354228794514196125e+03
1.640034320042850140e+03
1.339291998894642120e+03
1.458633195924121992e+03
1.590529397127808807e+03
1.703203291615154058e+03
1.637580045151703871e+03
1.475630815010347987e+03
1.425232306465038846e+03
1.622059425244749036e+03
1.353119307046433732e+03
1.531263438914598737e+03
1.501336190716892816e+03
1.588583186517063723e+03
1.489909134384429308e+03
1.720667984712885300e+03
1.454159042574441173e+03
1.320637798820610215e+03
1.470100616822954407e+03
1.509670343578822440e+03
1.440029713013479977e+03
1.494476238481727023e+03
1.469306900654298715e+03
1.323745932446737015e+03
1.565255001483340948e+03
1.357593998893936259e+03
1.513638500564362403e+03
1.602268810438282117e+03
1.537381069044442711e+03
1.450312028347449996e+03
1.512102109102086615e+03
1.414413186560055465e+03
1.611190183456045361e+03
1.611445829033007158e+03
1.306926152783599264e+03
1.501285722864158743e+03
1.570358129667557023e+03
1.401776185035182834e+03
1.541051374422770550e+03
1.435904977634342231e+03
1.547930904889802150e+03
1.413896416741786879e+03
1.454784295451073376e+03
1.457818731551495148e+03
1.524655885322034692e+03
1.392163521649960558e+03
1.456501320869000210e+03
1.499322004680692316e+03
1.473774186248729166e+03
1.390860836976022711e+03
1.474971291796026890e+03
1.450301149753797972e+03
1.432018452985899785e+03
1.485834473279699523e+03
1.349029922049777724e+03
1.286844598682120704e+03
1.318626336901166496e+03
1.473061906322585855e+03
1.455501564791128430e+03
1.521736214858793119e+03
1.422658580685244033e+03
1.359448773089371571e+03
1.464839974288894382e+03
1.581520450014297694e+03
1.210234216207942609e+03
1.309393356619478482e+03
1.409432547011213501e+03
1.447460435098491416e+03
1.277531740502313369e+03
1.392718787037441871e+03
1.372702626004955164e+03
1.314960925207446053e+03
1.411164951096749974e+03
1.553861822373987479e+03
1.452842895673364865e+03
1.247795692912739469e+03
1.340687643763891174e+03
1.309040809943010572e+03
1.445747417123696096e+03
1.422100947965024261e+03
1.454664507090295274e+03
1.350360996966869834e+03
1.310111608902037688e+03
1.542914715945789794e+03
1.170718340177037589e+03
1.503575163227746543e+03
1.356281427495672915e+03
1.365154812098623324e+03
1.528728701248828656e+03
1.444100616356385672e+03
1.466166883388782708e+03
1.370680157646246698e+03
1.452033532507204427e+03
1.415659783465355758e+03
1.558315489539515966e+03
1.431066522871406960e+03
1.543943682822315168e+03
1.530806113472870038e+03
1.504064533343657331e+03
1.419675472096127578e+03
1.676268560351994211e+03
1.550594761606056863e+03
1.400286300857439073e+03
1.520291958559365639e+03
1.425927332149644826e+03
1.432950113329618034e+03
1.518573165731119389e+03
1.843565836182569910e+03
1.464553520138921385e+03
1.508091761346523526e+03
1.553526085151459711e+03
1.477434708524866437e+03
1.522445063314308072e+03
1.775609655621633692e+03
1.649215036522042737e+03
1.510538117664865695e+03
1.593531577958498019e+03
1.442585988642881148e+03
1.525254548339601115e+03
1.531561588244024733e+03
1.691236627310430549e+03
1.490060512287669553e+03
1.428896990775431959e+03
1.583982594257635583e+03
1.585848141093149479e+03
1.654689456187031283e+03
1.528188438524459571e+03
1.426523632078806713e+03
1.458573329347959771e+03
1.522407985517946145e+03
1.520703604916311178e+03
1.533654037169077128e+03
1.408871662895109921e+03
1.430714405747398587e+03
1.572037081236735048e+03
1.711485146959674921e+03
1.683865142376130734e+03
1.495448973532693117e+03
1.338225721249627895e+03
1.375068598765401021e+03
1.648340957895479733e+03
1.520823008688241089e+03
1.544515975090718257e+03
1.661012798517558167e+03
1.406081618157327057e+03
1.600441722483928515e+03
1.614697508570563059e+03
1.655637766011036092e+03
1.386206202578048760e+03
1.347849134912825548e+03
1.544104320517105634e+03
1.507848507466638239e+03
1.573867845100005979e+03
1.506998087851434093e+03
1.557156532068517890e+03
1.526076228846218100e+03
1.415864400398622365e+03
1.477895723161423575e+03
1.410326406875810108e+03
1.408217668956871421e+03
1.542151468788589682e+03
1.387822719828856179e+03
1.573507236919320803e+03
1.407031367022510267e+03
1.515017979202274091e+03
1.531660526773438050e+03
1.548114281345646759e+03
1.563151684750626828e+03
1.680173524335353022e+03
1.605919690465130998e+03
1.645980278776876048e+03
1.412039898229231767e+03
1.357606869383721687e+03
1.506624183539154046e+03
1.369992665634701780e+03
1.618471876966512809e+03
1.581357411932405512e+03
1.517351269953518340e+03
1.579069543776965475e+03
1.451762181109669655e+03
1.471292964475419922e+03
1.547674201874064693e+03
1.503422507050029253e+03
1.547515618059029293e+03
1.491525723252045964e+03
1.689733406940502846e+03
1.628605503742178144e+03
1.522489328457581450e+03
1.413656409048179057e+03
1.610601956206877276e+03
1.481000850076569805e+03
1.535953640583576998e+03
1.538429808786321246e+03
1.539802510075582404e+03
1.571109350011037805e+03
1.538769807392156963e+03
1.685516029778305665e+03
1.477547213962097885e+03
1.733507788501923642e+03
1.505875199243065708e+03
1.369477302628774396e+03
1.503157319846408882e+03
1.517992021669039559e+03
1.602160907839018364e+03
1.656367601704526351e+03
1.355968178138361964e+03
1.381732257921557675e+03
1.519464055627264315e+03
1.548044338570036871e+03
1.414252708769031869e+03
1.597823538833609973e+03
1.403276003883879866e+03
1.462876321275663940e+03
1.339010868272206380e+03
1.299407121089301199e+03
1.604639195799812796e+03
1.503171624410306322e+03
1.788132867622755839e+03
1.346280588633488605e+03
1.566448392977189542e+03
1.526366656374988452e+03
1.509675719312866022e+03
1.699513384090847239e+03
1.497884541364435563e+03
1.512716209155526712e+03
1.473530667024276681e+03
1.528346964525626845e+03
1.210537998355590389e+03
1.467476603412962277e+03
1.471130609449138092e+03
1.408280440074925764e+03
1.376574045124268650e+03
1.529025392826063808e+03
1.461861792414706088e+03
1.392767841173073748e+03
1.655502613849715544e+03
1.447475531926433860e+03
1.540743106077688481e+03
1.601282657079991168e+03
1.598128564141578181e+03
1.642464466041770493e+03
1.510328369304288117e+03
1.382557681579737164e+03
1.522518108720452346e+03
1.491304689891841008e+03
1.519527859912025633e+03
1.555837149605105651e+03
1.382980171615902236e+03
1.608756645466065265e+03
1.483482264356294081e+03
1.412738118563435819e+03
1.280872256509230510e+03
1.311591747806352032e+03
1.449402613132227543e+03
1.420732884671443571e+03
1.486109197342727384e+03
1.442253711735291517e+03
1.311929950842344397e+03
1.597975848994320131e+03
1.451482019170998910e+03
1.615915488171398692e+03
1.495737255725928890e+03
1.557271324162432848e+03
1.402729070892065465e+03
1.520861091516859688e+03
1.520238832946757384e+03
1.523864642246621770e+03
1.462298970994026604e+03
1.595029846172571979e+03
1.447964931581492692e+03
1.555367180250180354e+03
1.457873620569115019e+03
1.575875392100613226e+03
1.465019691354969609e+03
1.650249376848295469e+03
1.653242227835092763e+03
1.512230550379110355e+03
1.657163613397363633e+03
1.553744618752895121e+03
1.594628391268513269e+03
1.524144559679156828e+03
1.676958299572267833e+03
1.544686312410714663e+03
1.516310700844016083e+03
1.578632196271759540e+03
1.637512863707740962e+03
1.551452753090485203e+03
1.509114695722068063e+03
1.509885725958288731e+03
1.633966761867489367e+03
1.626559736974158113e+03
1.430937627254547579e+03
1.731512378057154820e+03
1.658391928636681314e+03
1.567645956743602483e+03
1.615961819364224993e+03
1.606396553721795499e+03
1.403669578337921848e+03
1.558251565878919791e+03
1.530466440867251777e+03
1.589625174429018216e+03
1.584489927919889851e+03
1.545210728597314073e+03
1.500339045048823891e+03
1.341467896694306319e+03
1.652057754614081659e+03
1.494518296515077054e+03
1.709600768408980230e+03
1.481730985468469498e+03
1.404870148876172152e+03
1.524836292416570132e+03
1.591898389285959183e+03
1.621407137574835360e+03
1.549565329300841768e+03
1.462915909186762974e+03
1.537048247143990920e+03
1.633810171130988238e+03
1.584472988821735044e+03
1.431370911008917574e+03
1.545697615543440406e+03
1.536697753623583367e+03
1.594797733880190663e+03
1.536871467606261604e+03
1.655940549483326095e+03
1.612844255875703993e+03
1.540454099895639274e+03
1.483951071213640716e+03
1.678566891364208004e+03
1.587191300622651625e+03
1.486937330850490753e+03
1.502935225582427393e+03
1.472031607269277174e+03
1.547121977284934928e+03
1.666042221094037814e+03
1.651804633422614188e+03
1.517199503160905351e+03
1.494865247797678421e+03
1.592614750669841214e+03
1.448618390074918580e+03
1.558606453977881756e+03
1.458615003066593317e+03
1.578599934413071878e+03
1.546004576063407512e+03
1.703850250326256628e+03
1.512877244031788905e+03
1.637955087878438235e+03
1.538783790787457292e+03
1.573397311200488275e+03
1.670127438848629936e+03
1.544020920373549870e+03
1.630545031638201181e+03
1.650174437780032804e+03
1.565912087592487751e+03
1.708255590520618398e+03
1.515546890909331523e+03
1.536318619175067170e+03
1.584906777568654661e+03
1.612368559173321728e+03
1.577740641714283356e+03
1.577741799802646256e+03
1.642779028955972535e+03
1.767568045982834064e+03
1.626392720473459576e+03
1.716104208221898716e+03
1.617921207847680535e+03
1.532529885037113218e+03
1.686667730452536034e+03
1.532357591035389532e+03
1.643663245974369829e+03
1.593217420847453468e+03
1.652039581418705666e+03
1.699322284245795117e+03
1.651365243171743487e+03
1.634117586909128022e+03
1.587080652535274794e+03
1.617561553463888231e+03
1.695477099515835789e+03
1.611340544071467320e+03
1.730674894167118055e+03
1.790376256346375612e+03
1.487643410444151641e+03
1.460375558812661211e+03
1.463230928003627696e+03
1.681313489904844573e+03
1.576127621264789468e+03
1.537532400068065954e+03
1.500739958785770568e+03
1.626566962446650678e+03
1.761235805666102806e+03
1.676106333836275780e+03
1.541268702576607666e+03
1.650891105027654703e+03
1.597921405183619299e+03
1.724045302136715691e+03
1.644882977625386957e+03
1.445112432763806510e+03
1.670570942785367606e+03
1.737482168061758330e+03
1.574829297400604446e+03
1.735199511927372214e+03
1.589186389871306346e+03
1.647059758275127933e+03
1.724546888061512618e+03
1.663931068404527196e+03
1.668187036033645199e+03
1.587737383022350059e+03
1.660258925788569741e+03
1.708788851813289966e+03
1.658806691535521850e+03
1.510527168673630285e+03
1.571282928547624351e+03
1.583015711837158733e+03
1.766472250601813812e+03
1.576799807842704013e+03
1.618843577684767752e+03
1.533412864724831707e+03
1.695082139020467821e+03
1.668585110305271428e+03
1.574394774335876264e+03
1.626781586583658509e+03
1.653864565763643441e+03
1.765827608601205839e+03
1.573803077747810903e+03
1.617814979692603401e+03
1.565284066269361119e+03
1.514551765376612593e+03
1.687924894663007308e+03
1.711067034853126870e+03
1.622600320560928822e+03
1.741004918565286061e+03
1.579733534315988891e+03
1.393063248902223449e+03
1.550210805463657607e+03
1.587821673652342724e+03
1.622355081972376865e+03
1.495081838317909160e+03
1.541816621423111883e+03
1.631648767427865550e+03
1.558748315021886356e+03
1.634285931402399910e+03
1.521998166083648812e+03
1.558792743957746779e+03
1.570527851051043626e+03
1.493313997413738662e+03
1.579497520724807373e+03
1.608503915145060091e+03
1.524154726264162491e+03
1.439511233786156708e+03
1.451086216819113588e+03
1.595648035229477046e+03
1.648930501636940789e+03
1.528535001940705115e+03
1.602868521761272177e+03
1.678146411971596308e+03
1.619779595528377058e+03
1.518558197656273251e+03
1.462553882943214376e+03
1.644024587874844656e+03
1.544971850484581410e+03
1.450300782734161885e+03
1.443571529485959218e+03
1.591885663483008329e+03
1.569042833591501449e+03
1.518993249715123738e+03
1.405192395130095520e+03
1.575876127809395257e+03
1.605273292931143942e+03
1.522005692918799696e+03
1.605557057105743297e+03
1.524587587483098332e+03
1.622750283792693608e+03
1.576855502293099107e+03
1.630590268752450811e+03
1.553770688986552614e+03
1.523921461608621030e+03
1.523698259706595309e+03
1.594805959301968869e+03
1.661627261724692517e+03
1.540559435165039531e+03
1.658852461013243101e+03
1.774022560003296803e+03
1.545661445348669531e+03
1.588536847000867965e+03
1.555560113883487247e+03
1.668179227790688856e+03
1.536024678543393293e+03
1.566746984706608373e+03
1.589699075955983517e+03
1.718786819511338308e+03
1.432496659289371564e+03
1.621853609760219797e+03
1.653155249281338229e+03
1.631922149085356750e+03
1.703894720059713336e+03
1.637600738430789988e+03
1.638794739825195620e+03
1.697973520225978973e+03
1.689155041500084280e+03
1.643539428205643162e+03
1.513271878205184066e+03
1.579930946658851553e+03
1.551540533307082796e+03
1.646779189604244266e+03
1.706966093681959592e+03
1.603860470840550988e+03
1.639451447056540928e+03
1.537574509540095278e+03
1.736441764972327746e+03
1.539773960766907294e+03
1.585248657831116361e+03
1.635115447712914829e+03
1.760456602111228676e+03
1.611283393032779259e+03
1.630671455230615265e+03
1.820608057293555703e+03
1.768796576721259044e+03
1.733856310521288151e+03
1.648596323060215809e+03
1.617848287641492334e+03
1.688940932805045577e+03
1.675553095249417993e+03
1.508249075341449498e+03
1.694254750688267904e+03
1.715847398576977412e+03
1.505399242849058510e+03
1.627621710581899833e+03
1.682245534801953909e+03
1.628451408714139689e+03
1.552145101428293174e+03
1.597491145609124487e+03
1.653537022010809551e+03
1.749288928749229399e+03
1.602661413090070710e+03
1.613076121400080410e+03
1.737604559965504450e+03
1.704805955304451118e+03
1.483578248122007608e+03
1.501311152484896184e+03
1.764015202403238618e+03
1.751364263398960247e+03
1.637989201821792904e+03
1.622470539411164737e+03
1.632497661363534235e+03
1.495591452320274129e+03
1.650421672674538968e+03
1.609291573480296393e+03
1.497679296518346973e+03
1.576348698112794864e+03
1.708143082384366608e+03
1.807021165682293940e+03
1.697524824684675423e+03
1.707302387355357496e+03
1.832324963588542914e+03
1.656550441763331719e+03
1.745096406298008333e+03
1.702392337553409334e+03
1.685694763023187988e+03
1.627167914032897443e+03
1.524482428480363524e+03
1.761497049714241030e+03
1.642513258870739946e+03
1.658365836529639864e+03
1.616932840343143198e+03
1.738477215550530218e+03
1.783402404880527683e+03
1.482253173290014729e+03
1.681521671979220628e+03
1.684663743071598901e+03
1.585916740906364339e+03
1.592482132582878421e+03
1.725624808994272371e+03
1.706765006046784038e+03
1.672147775316141633e+03
1.757501489017082577e+03
1.642422251929363028e+03
1.602742738806716716e+03
1.536987245930786912e+03
1.560952457552928990e+03
1.590689930445704476e+03
1.458463572304555555e+03
1.691456243387083532e+03
1.515732602683760433e+03
1.596761825988889086e+03
1.705071358936272190e+03
1.546431078253921442e+03
1.597882901691305506e+03
1.620295654190140795e+03
1.726112850215524759e+03
1.376186385217569295e+03
1.534432339845939396e+03
1.577398235037007453e+03
1.586957870791166670e+03
1.548716435737824668e+03
1.663636547320634236e+03
1.505708024893468519e+03
1.693550743487427553e+03
1.691591437569363734e+03
1.679890784950559691e+03
1.556445398722639084e+03
1.659884287299392554e+03
1.584976645323601815e+03
1.537399183958288404e+03
1.525723529982216405e+03
1.653270550653124701e+03
1.510610128405085106e+03
1.507037096756645951e+03
1.453402371436502790e+03
1.517465925132499478e+03
1.497234950989230811e+03
1.473493234965533929e+03
1.455420477758276775e+03
1.522723304451424838e+03
1.574777670925892153e+03
1.501211487056338683e+03
1.543154355669275446e+03
1.571457523463054713e+03
1.562398595326520081e+03
1.459867692364878849e+03
1.557810042997175742e+03
1.542545115974014607e+03
1.493616493957514649e+03
1.623085002377521960e+03
1.523544076507507270e+03
1.653493029693841208e+03
1.616352970395867260e+03
1.316986245300770634e+03
1.502313200765247529e+03
1.550485518686928799e+03
1.715532461026923784e+03
1.462490312219588532e+03
1.610228260941149983e+03
1.503880917453760503e+03
1.475073485200047799e+03
1.429679503013032217e+03
1.455028826984181251e+03
1.606836002405105546e+03
1.598421524960186616e+03
1.595950408247219457e+03
1.542645225172529990e+03
1.656878858526676368e+03
1.387941968191782280e+03
1.498052228697076998e+03
1.569767490272620762e+03
1.474494773168402162e+03
1.615042370312837420e+03
1.530864573264550927e+03
1.535739478575835165e+03
1.376201931620300911e+03
1.497945195519912204e+03
1.600783234215111179e+03
1.586819107545435145e+03
1.562594474855744920e+03
1.654548223676379621e+03
1.624752637390888140e+03
1.519979094781573394e+03
1.611819697574509519e+03
1.542233900380477735e+03
1.648164997168261380e+03
1.481223576239043041e+03
1.500052617402318219e+03
1.620132720003028680e+03
1.554901638923041446e+03
1.342930996562746259e+03
1.464895683671412598e+03
1.596067057277625963e+03
1.457984311477248866e+03
1.450491418702160672e+03
1.595807259770624569e+03
1.570016948742390923e+03
1.510005289905973086e+03
1.404548746569727655e+03
1.560414210405170252e+03
1.364178000186082954e+03
1.648076797440544851e+03
1.474081092984325323e+03
1.556910662042711692e+03
1.561160731176609033e+03
1.639409048785641289e+03
1.567039822302169341e+03
1.437745632718661909e+03
1.501746468002620077e+03
1.512184137891220189e+03
1.681044817936055779e+03
1.566125646398629897e+03
1.628738100293619027e+03
1.637076570463958660e+03
1.700521877734856162e+03
1.528727240718538724e+03
1.658151458400471711e+03
1.583887708482977814e+03
1.495454450292628962e+03
1.609634605393064476e+03
1.525677953092083499e+03
1.524688373182066925e+03
1.505739519478360307e+03
1.482844140320115457e+03
1.582164209831888229e+03
1.486540832057070020e+03
1.570035112165228384e+03
1.480702845397872807e+03
1.558578829860262431e+03
1.550537791536052964e+03
1.551229185673092843e+03
1.380179940528980978e+03
1.666658305801812276e+03
1.478446103941971614e+03
1.525398442234981303e+03
1.639994789146387348e+03
1.647544302763860060e+03
1.660414031685007558e+03
1.580405970205401445e+03
1.576627434776191876e+03
1.517356389517118714e+03
1.595095928199584023e+03
1.418951847260362683e+03
1.680577957071930086e+03
1.564882139585154164e+03
1.548474878017048241e+03
1.652737334053786981e+03
1.531600385698533955e+03
1.553564905106195056e+03
1.532043180245251961e+03
1.435667468600680650e+03
1.721704969562893439e+03
1.560266233987393434e+03
1.678645373027768983e+03
1.612100898309927743e+03
1.710635969824734730e+03
1.798141727850517782e+03
1.557868984497597921e+03
1.316927773039584281e+03
1.507614065548283861e+03
1.574185036618910090e+03
1.481550296544312232e+03
1.644647101966162609e+03
1.595904123291172255e+03
1.768707332544421206e+03
1.615821197040275138e+03
1.498874257742436157e+03
1.778928100961730252e+03
1.555055216729027279e+03
1.737835257315806302e+03
1.591887642554489048e+03
1.580680006018639006e+03
1.552907561248320917e+03
1.457277416243100106e+03
1.712854845453490498e+03
1.728024611469963929e+03
1.724615589092464234e+03
1.581474105842207337e+03
1.748359297083522961e+03
1.526776255456559966e+03
1.664825027457541637e+03
1.623391819318420175e+03
1.830380868129450846e+03
1.575840863355958163e+03
1.696085896557502338e+03
1.501835660264440321e+03
1.690436978126213035e+03
1.574162251742732224e+03
1.643927336727112106e+03
1.549623908797076410e+03
1.624899076010028921e+03
1.539734126638521275e+03
1.487582209104343292e+03
1.614170800291677097e+03
1.583664700398775494e+03
1.727091725822683429e+03
1.637686452126711401e+03
1.494516443337065994e+03
1.594157791585185805e+03
1.628928249942361617e+03
1.671087096232502518e+03
1.803438876021593614e+03
1.656868625867115270e+03
1.586807160964151763e+03
1.673495745374273611e+03
1.516814641344590655e+03
1.546927086635629394e+03
1.547613539282637475e+03
1.682726135707383492e+03
1.642572210307711885e+03
1.508847964364565087e+03
1.573125934373204473e+03
1.483592571923674086e+03
1.797131071511309528e+03
1.719926895482760301e+03
1.673733496974153695e+03
1.628203209761657718e+03
1.595289699348534214e+03
1.693016892567045488e+03
1.740424662628046917e+03
1.747108318093962907e+03
1.599479890571987426e+03
1.704577759358392996e+03
1.863740157184024611e+03
1.667946813015662428e+03
1.525729855201946293e+03
1.669089035904121602e+03
1.585329468065688843e+03
1.751034296244735287e+03
1.723727160435572159e+03
1.617855744254633692e+03
1.737959713042195290e+03
1.566057075254146639e+03
1.577518870353220336e+03
1.619020689886635182e+03
1.643369246371452846e+03
1.662696922251582464e+03
1.589058046706918276e+03
1.543066386844265935e+03
1.733031539850520630e+03
1.711422122833447247e+03
1.562648870463150615e+03
1.713239866144487451e+03
1.766789475817074845e+03
1.694834991890076481e+03
1.664092861187579956e+03
1.586519150482408349e+03
1.577124395688498225e+03
1.558904760306536218e+03
1.621964805665688573e+03
1.474106290552304017e+03
1.640760693858329887e+03
1.643680709346798722e+03
1.548742881974420015e+03
1.657633251228852941e+03
1.608247636762051343e+03
1.657448243746113349e+03
1.528980754268257442e+03
1.588163498029430230e+03
1.491535728855880507e+03
1.457827212778529201e+03
1.496250455638724361e+03
1.530018105512186366e+03
1.588203047853462522e+03
1.682747938727895644e+03
1.565871347811882515e+03
1.631878967348855895e+03
1.659366620685511862e+03
1.515219877723907302e+03
1.593992278381454753e+03
1.695433455774489175e+03
1.558845415577384756e+03
1.621741778705407341e+03
1.485331082015853326e+03
1.622172275121957682e+03
1.607693850126438065e+03
1.486328321845449409e+03
1.642139767566801765e+03
1.740909445738267777e+03
1.464765492648433565e+03
1.586085779305644564e+03
1.493791807392515238e+03
1.654636490348158304e+03
1.574049171347053061e+03
1.563494281282353313e+03
1.562369990218276598e+03
1.487974972056723345e+03
1.573603681746543771e+03
1.749327595063178933e+03
1.699521402967300673e+03
1.609169873284580490e+03
1.635188079996168199e+03
1.630458073571854356e+03
1.595316462204535583e+03
1.708756849764897652e+03
1.619371699787617445e+03
1.361496450536452357e+03
1.545908246286543317e+03
1.681052270249512048e+03
1.398242086191145063e+03
1.523954874183973516e+03
1.636937507752736337e+03
1.620565509311429423e+03
1.711399972939409054e+03
1.565373107531935148e+03
1.757926045022677954e+03
1.570120524656015050e+03
1.492361859869652108e+03
1.649053364416813110e+03
1.568822367082251048e+03
1.585139728624576037e+03
1.574490500923674517e+03
1.599715179818741717e+03
1.689008970108103995e+03
1.529140704418491623e+03
1.749518693276811064e+03
1.712808222545345188e+03
1.834320234884165529e+03
1.491389167796159199e+03
1.768826430387430719e+03
1.747934646703194403e+03
1.547543424585264802e+03
1.497136058438674127e+03
1.537122443080723770e+03
1.569697507103692033e+03
1.597344667369653507e+03
1.561169971950273066e+03
1.545643255207505490e+03
1.876285999390782308e+03
1.677989100623750119e+03
1.670255927027651524e+03
1.629167850665177639e+03
1.592028946038961976e+03
1.503276778767528413e+03
1.746046350874460586e+03
1.473275068504417050e+03
1.734535665010049115e+03
1.720465675748913782e+03
1.626566653675177804e+03
1.739938312235908825e+03
1.576598980954467834e+03
1.655236384401466921e+03
1.751431360690358133e+03
1.742969281703378783e+03
1.727165975275011988e+03
1.776691167737751130e+03
1.664490094563499269e+03
1.669127155122599106e+03
1.732185220426817295e+03
1.717175160579214662e+03
1.562520023409784699e+03
1.819264359144960508e+03
1.646427344382258525e+03
1.691913056104273437e+03
1.686492231596254214e+03
1.780101219379627082e+03
1.641382072456886362e+03
1.854280013169402082e+03
1.751901017441867907e+03
1.729526238965911716e+03
1.562384385198675773e+03
1.705368728618671867e+03
1.664709980941454660e+03
1.578715013021033428e+03
1.646017271785354978e+03
1.681874772957206233e+03
1.652578704955456715e+03
1.737097433037072278e+03
1.675355296780190656e+03
1.649348553853149042e+03
1.758482356350819828e+03
1.731916994600373300e+03
1.690106542654934856e+03
1.677761744825047799e+03
1.785129188090166053e+03
1.721475075064905695e+03
1.638318482330956158e+03
1.827879070880820564e+03
1.700711432989538480e+03
1.653313257407409083e+03
1.781174747190229709e+03
1.806762522853422070e+03
1.541152022412211181e+03
1.860299615751957390e+03
1.643523708327984195e+03
1.815797275315697334e+03
1.680541423290769671e+03
1.647324368218321752e+03
1.643730475370977274e+03
1.539469383589952940e+03
1.700206705872568591e+03
1.715875514804309660e+03
1.719172669483798018e+03
1.800032610191330605e+03
1.724526593242847412e+03
1.673359315625184536e+03
1.739453809463255766e+03
1.738220036821757731e+03
1.648247745979124147e+03
1.668173991993660820e+03
1.707398406668646430e+03
1.677520565384120118e+03
1.678775669297078593e+03
1.748968454510326637e+03
1.706268532897592877e+03
1.558461518384617420e+03
1.683023231295897858e+03
1.583043668872745002e+03
1.728949781952025660e+03
1.694198896648816572e+03
1.769669248595445652e+03
1.671623312852262870e+03
1.608105494305141065e+03
1.578649575561420306e+03
1.722580328976946930e+03
1.635729943684429600e+03
1.648547960525261033e+03
1.665597213075757736e+03
1.633029491662786086e+03
1.802705429586834043e+03
1.750236289791754871e+03
1.700346205900979612e+03
1.541614711643561577e+03
1.660277441369508097e+03
1.816165475491427060e+03
1.717912993017588178e+03
1.776976623063806528e+03
1.543069618338188775e+03
1.629157170309606954e+03
1.490492948108728797e+03
1.629656339786711442e+03
1.638579569003005190e+03
1.717951889698745163e+03
1.583301412362940937e+03
1.574069392168414197e+03
1.712306845768858238e+03
1.627161990268194359e+03
1.701447110782908339e+03
1.718632425405040976e+03
1.747373539157009191e+03
1.648034146176155446e+03
1.564414377609685971e+03
1.595065698654481594e+03
1.805493513318476062e+03
1.594882761695483623e+03
1.578531880806959862e+03
1.620141794536881662e+03
1.590892076073991802e+03
1.699453249491094084e+03
1.730989715526981399e+03
1.662970666532709856e+03
1.693323519714169606e+03
1.773323699064040966e+03
1.604301222398387381e+03
1.694294249952167775e+03
1.624999020318752400e+03
1.622437681498839765e+03
1.719782166820771181e+03
1.618330892171393543e+03
1.709928023795064746e+03
1.594696513499608045e+03
1.713009487183765032e+03
1.629518055847479673e+03
1.738292531319597856e+03
1.551146616881170758e+03
1.508196787989692666e+03
1.517983198864571705e+03
1.673149757464061395e+03
1.507161661687600599e+03
1.520791943167287627e+03
1.617099769680162808e+03
1.636943586338746854e+03
1.682812577979596426e+03
1.661639765487824434e+03
1.594057534286415603e+03
1.675082665363881461e+03
1.586214955896521815e+03
1.621343862121123038e+03
1.726014477294725566e+03
1.591200539560980133e+03
1.506031202055138692e+03
1.611728946043905580e+03
1.584421360377845303e+03
1.609807353463678282e+03
1.615600327587762422e+03
1.716847662721805591e+03
1.650403107526749409e+03
1.562602348225708965e+03
1.574942189048606451e+03
1.646093207613289906e+03
1.483167552350964343e+03
1.741493759252922018e+03
1.509171886137018191e+03
1.461024573312421808e+03
1.508842194085229949e+03
1.632834493177450440e+03
1.587114417881356530e+03
1.632897110272133887e+03
1.527099903419999009e+03
1.558606365243585060e+03
1.505568511892894321e+03
1.525420450504059545e+03
1.590503801297097198e+03
1.570606547241234694e+03
1.658187055793190893e+03
1.569236314619393397e+03
1.609054243130093255e+03
1.541692224735418677e+03
1.637736214733464521e+03
1.518738191396255843e+03
1.561801603858037197e+03
1.595813895097192926e+03
1.463516227067747650e+03
1.669253077610945184e+03
1.616244467261548380e+03
1.557143025370491387e+03
1.515503453852896655e+03
1.623938071972042280e+03
1.593415491378549177e+03
1.662529799378221924e+03
1.711952296257448779e+03
1.554822199809493441e+03
1.698913868247156188e+03
1.397780038436464793e+03
1.651393539216254794e+03
1.670007587537533482e+03
1.704898470050113247e+03
1.557047561173511440e+03
1.612415267542582569e+03
1.642411653456068962e+03
1.497404104939891567e+03
1.594926148763547872e+03
1.618530604821458837e+03
1.614123720974291246e+03
1.552290651980734765e+03
1.604550198673529621e+03
1.573478340437062343e+03
1.692738105594183708e+03
1.578503333956618235e+03
1.667940600851151657e+03
1.578812027430813487e+03
1.495707448154606709e+03
1.646735670400171330e+03
1.561841496836914757e+03
1.638668754732833804e+03
1.615738432905926857e+03
1.588045126334371844e+03
1.663915450705187823e+03
1.554482877330078281e+03
1.637661278459138430e+03
