-2.129010884841210100e+03
-6.312616551027331298e+02
-5.339026567466919460e+02
-3.783912274908951758e+02
-5.496219068942669992e+02
-6.157690732835528706e+02
-5.305178636871419258e+02
-5.823944565935664741e+02
-7.661938964467941560e+02
-5.648801369128623264e+02
-7.588965386327029137e+02
-5.874617948622797030e+02
-4.568156807774076924e+02
-4.247684249827399867e+02
-4.495090520186866456e+02
-5.710695822119304239e+02
-7.058168779498790855e+02
-6.792997794674768102e+02
-5.303209706288155303e+02
-5.620516572082226503e+02
-5.869577331908660653e+02
-3.794034249828037559e+02
-7.078519830050696555e+02
-5.213895584270113659e+02
-4.732690809228757871e+02
-2.978495646288986336e+02
-4.573657953078378000e+02
-7.633257961652088852e+02
-4.501625293245985517e+02
-3.448124502697425555e+02
-6.061008632234695597e+02
-6.532221381176051409e+02
-6.252753214064490521e+02
-5.738644639340240019e+02
-7.103734396948120775e+02
-5.125870951480940221e+02
-3.789867137973598687e+02
-3.295378621484296673e+02
-5.097899579617987911e+02
-3.506386786863255338e+02
-4.954103389648317943e+02
-6.485039746914612806e+02
-4.051797540298700824e+02
-3.232984475226204495e+02
-3.845555979226743943e+02
-2.968562254360563770e+02
-6.380990321902638698e+02
-6.906086779005310063e+02
-5.458716810998814708e+02
-8.758481643166339836e+02
-3.675738624889981452e+02
-5.662152444768944406e+02
-5.383130203771009974e+02
-7.912903407103869995e+02
-6.169776867871113382e+02
-3.389538032985235532e+02
-6.412768621620396061e+02
-4.836030215575335092e+02
-7.684779554538750972e+02
-5.287670726296220209e+02
-7.807901585223148686e+02
-4.385132484873811904e+02
-7.054077302891695354e+02
-5.725281918445963356e+02
-1.025993326516040952e+03
-3.605327203701800727e+02
-6.850482886953892603e+02
-9.731653993856691613e+02
-2.552528341857595819e+02
-4.209989691876469919e+02
-5.313435513472420553e+02
-5.259538884572585857e+02
-3.098528290501745914e+02
-8.742042163713820173e+02
-8.793167481445834710e+02
-5.933963410646138072e+02
-6.834590255593407164e+02
-3.313204865555948118e+02
-1.660518127538084343e+02
-4.618011163705982085e+02
-1.877110278637538272e+02
-1.665984530897310947e+02
-4.862174688916708192e+02
-3.909376290310722197e+02
-4.079671126026063916e+02
-6.845476437937415994e+02
-8.358716044684631470e+02
-6.124333602873069822e+02
-7.046743982747739210e+02
9.414933361390264110e+01
-7.350562666119844835e+02
-3.710820211314746189e+02
-2.453690735464557520e+02
-5.365030543666664471e+02
-8.161351109561236399e+02
-6.873345947885828764e+02
-3.042816977941029677e+02
-3.408759431802758968e+02
-2.118716328202637271e+02
-6.587952316675454085e+02
-2.510983348416673095e+02
-1.744778867104966480e+02
-1.951264954142167767e+02
-5.338160709665896775e+02
-5.705872556855465518e+02
-1.246072587953626453e+03
-5.945787903150662714e+02
-1.297108793894363146e+02
-5.085991802080619095e+02
-3.303557770089608425e+02
-2.479585630319778602e+02
-3.189667735931730022e+02
-7.024606110569641260e+02
-9.632072614062856530e+01
-4.730921808778167019e+02
-1.096870411776889682e+02
-9.397883758783532926e+01
-3.130351985631599518e+02
-1.635551655679368537e+02
-1.062278461646649959e+02
-2.979597875630688577e+02
-4.331394605260762773e+02
-1.383646485673164079e+02
-1.355994574447759362e+02
-6.199375239654052621e+02
-5.788299297261562515e+02
-4.269246946175023254e+02
-2.403237914016432342e+02
-2.708471418902701089e+02
-4.625523095671496776e+02
-2.440416141192373516e+02
-4.715410380368755909e+02
-6.733888134489724280e+02
-5.795503663540948764e+02
-4.833838149744458974e+02
-2.931524124763292320e+02
-4.344907004174368694e+02
-4.087994343821510483e+02
-5.655946101201990359e+02
-3.446156153804438418e+02
-2.468652784340449955e+02
-2.754159253724734526e+02
-1.785928021655591635e+01
-3.911162495046557410e+02
-2.964734585340205513e+02
-1.917663320703018144e+02
-9.008733039029925749e+02
-2.694702539690488265e+02
-1.917549259634755003e+02
5.794290282613916077e+01
-2.025614069063821319e+02
-2.427818677873454760e+02
-4.413299827651444502e+02
-7.549005328585195684e+01
-1.701257246830003282e+02
-3.854090331705036760e+02
-7.683807793418702659e+01
1.300688086857697101e+01
-4.139985013375943481e+02
-3.616520907589723492e+02
-1.115540701066130111e+02
-4.834553703671095377e+02
1.510541055977778910e+02
1.456517604730962034e+00
-1.624829512426742042e+02
-1.190851208051490630e+03
-2.468049608654321219e+02
-4.946509120705234182e+02
-1.493720798978431787e+02
-1.825652407692680868e+01
-7.543803372024780174e+01
-1.711475885949195401e+02
-2.455502584470824559e+02
-1.619367466771554973e+02
-2.171950354407327382e+02
-5.558613734456001509e+01
-1.163293391582665350e+02
-1.814250563778276160e+01
-9.393180887660254541e+01
-4.218684637623156846e+02
7.541624761804827415e+01
2.083457883703420066e+01
-1.132939291608335850e+02
7.061716981162513207e+01
-2.362338778154746421e+02
-5.671234223709518574e+00
1.818218826445896070e+02
2.216460209182600920e+02
-1.160345122859149569e+02
-1.802065938597986587e+02
3.177751670606042467e+02
-1.927297700828113136e+02
-1.667760186925117409e+02
-1.155273680339994939e+02
1.507197980376598707e+02
-3.841817010160987422e+01
-2.214166306902572501e+02
-2.579764208860171948e+01
-1.958998981975546201e+02
-9.401490513428659312e+01
-1.671007421579341781e+02
-7.330598582619775527e+01
-1.031088971412202682e+02
-2.210551466060064740e+02
2.164280932486356903e+02
1.600509837527986292e+02
2.351632730038580235e+02
1.086128807788400223e+02
-7.814885738328314346e-01
1.548988741589195683e+01
3.109929335173765708e+02
1.386224876412902063e+02
-1.216891561261594177e+02
1.174171273739799091e+02
2.681680665159150294e+02
1.682092100687006564e+02
3.041381490373688621e+02
5.498348704893267325e+01
-3.589785143859022014e+02
3.508627572798868073e+02
3.521255128286881018e+02
-3.963904000738265836e+02
1.972775279569976306e+02
-7.473626947188009240e+01
-2.042704710050103358e+02
-7.765419615647665523e+02
-6.663034519596001246e+02
7.521729139078091464e+01
6.038951777949799862e+02
3.142445795651666458e+02
-5.476491183188323930e+02
-6.762496718899279813e+02
2.636776729466171219e+02
-1.030803254565283851e+03
-1.553702212118624004e+02
3.252988826914033211e+02
3.903838501376559407e+02
1.487586761441225462e+02
-7.793415911549605823e+01
2.315449947560707642e+02
-6.559134798625925669e+02
4.897619867555769133e+02
6.485971897525739394e+01
1.204056685742668549e+02
1.368368870382367675e+02
8.806252362272560674e+01
2.340672871137135189e+02
2.867799016129315532e+02
7.942545671705509847e+01
6.556116615607027143e+01
1.182688199390661623e+02
2.545921271442917373e+02
1.427163114894532612e+02
2.307535657985288822e+02
6.465033344880019683e+01
2.418808844644199780e+02
1.078345457023401082e+02
3.834357949564988530e+02
1.503142300976868455e+02
1.512397208846899161e+02
-4.699496857072304579e+00
3.991792524055024387e+02
-7.838012394688279301e+02
3.690419987877882022e+02
-1.699158173897937445e+02
3.247331135278304259e+02
4.549914397802717190e+02
3.519275712708688388e+02
-7.610845659984498468e+01
6.542044475605813432e+02
3.264804192158824776e+02
1.409573700070346547e+02
2.040606541354692922e+02
5.543209781668587084e+02
3.987404903969667771e+02
5.888192681160451514e+01
9.372180039482432790e+01
3.085295795603231568e+02
8.077578038425210138e+01
-1.585764550728442259e+02
1.784809353634012723e+02
4.805678014669899198e+02
3.978377338007167054e+02
1.491641754506177620e+01
1.606793666508849583e+00
4.655168628872739873e+02
5.474213823253375040e+02
4.874516340925073337e+02
6.013073611628270783e+02
2.222297658495592430e+02
3.856332374266245324e+02
2.582986897223182154e+02
3.819890582843622155e+02
4.391383903463267870e+02
2.952857955030418680e+02
-1.911636325366998790e+01
2.017135354760584391e+02
2.649734135325310262e+02
3.142670261217018037e+02
4.736081569493529173e+02
5.481522726193338713e+01
-2.905062511703490600e+02
4.316933955489989785e+02
1.701967031513114819e+02
-9.202693628219353741e+02
-3.614674230008210998e+02
3.166257107659333201e+02
4.617312030110593355e+02
-6.103576229007121583e+02
1.827205506008109239e+02
1.182856188818198433e+02
-7.879749622511724283e+00
-2.557410415627916223e+02
4.466943670279912340e+02
1.064116553363124780e+02
4.972165519518594010e+02
-6.447773640151189056e+01
1.096230494612419477e+02
7.113831039421997104e+01
-1.312078020314670255e+02
8.511564773662206562e+01
4.505502195569212063e+02
-1.650357409521639340e+01
2.697583530001907093e+02
-3.279475535181101975e+01
2.171015912581620455e+02
5.081087267532208216e+02
1.634278012427419924e+01
-1.196290022265301332e+02
2.008500305111298303e+02
1.632196066794296598e+02
1.108808655631731170e+02
2.255148087513146038e+02
2.016679699780472106e+02
1.113862159731292110e+02
3.371649896143672436e+02
5.533801930957260993e+02
2.028243323283798532e+02
-1.954687045532304523e+02
-3.420074440783978957e+02
3.740409232606452861e+02
2.963209363855370384e+02
3.574876176689423914e+02
2.749178329087742441e+02
4.012751930743193043e+02
1.484342834857522462e+02
4.992195069117253752e+02
5.024654012595887025e+02
7.277475152698526699e+02
3.647146695780874097e+02
5.058430854877526599e+02
5.806444253973147624e+02
6.595805541986114804e+02
6.003413457438339265e+02
1.357996293687781417e+03
5.332029511552050280e+02
7.715717626381130003e+02
5.700986104498246050e+02
7.122213114793984232e+02
1.115027665649199889e+03
5.120847132109574886e+02
6.834687567524136966e+02
6.247675741224729791e+02
2.335443859659480665e+02
2.623961508898969441e+02
5.874875703697465497e+02
3.892590994929437329e+02
5.393084811684030910e+02
8.818346457744394229e+01
2.598975592700749075e+02
5.010047042113049542e+02
1.118350043354128758e+02
4.333577102224315922e+02
3.166572308751403284e+02
3.820859135922769383e+02
3.088406378485514665e+02
4.829538845030172070e+02
4.928028512093640074e+02
5.812950877873895479e+02
8.628267351087974930e+02
5.144994628640409928e+02
3.721458941121995849e+02
-2.901179776611280658e+02
8.268502552882755481e+02
-7.200041483027962386e+01
2.646358366023941926e+02
5.582737582912625385e+02
6.545951096740996036e+02
3.831620022013540279e+02
5.801535764095767718e+02
-5.343484381627323501e+02
8.525783020624936626e+02
-5.142944122345824098e+02
5.807209578944497252e+02
3.792961219910044974e+02
5.051016104216788563e+02
1.991397483818237220e+02
8.288603589943865302e+01
3.930918843017101381e+02
9.591516669460186506e+01
3.672412182939525565e+02
7.823243181951506813e+02
6.000288923605658056e+02
5.550783879793784763e+02
-2.511195269051588639e+02
1.663425213547830481e+03
5.662473471337677893e+02
8.385368646479410017e+02
2.391478748361591443e+03
3.238179861787394884e+02
1.668183781680419543e+03
1.918454108658659379e+03
1.445743364073770408e+03
6.605786269395969157e+02
1.423532923715328252e+03
1.327432916368496990e+03
1.745003788221048808e+03
1.578146831932028817e+03
2.548071529123499204e+03
2.519420180002575307e+03
9.807125572494006747e+02
2.635548951868845961e+03
2.883431576818274152e+03
2.427089031642512964e+03
2.157953228120243693e+03
2.028239927871277132e+03
2.864854190496970432e+02
5.824588416480467004e+02
6.074201255641185071e+02
3.175773788860159129e+03
1.468440439146449535e+03
2.878578958366590086e+03
3.049123486173983565e+03
3.966830954328609096e+02
2.489843183787238104e+03
1.496302246406402446e+03
9.005275286203850555e+02
1.722074353829941174e+03
5.211914347240186771e+02
2.281848907288355804e+03
7.242550223764092152e+02
8.174244189348962664e+02
7.473402978644467112e+02
4.856997564238377549e+02
6.233747515914936912e+02
4.902328581880236698e+02
7.468190726646822668e+02
8.735507398239769827e+02
9.240293920334821678e+02
7.631376348030182726e+02
5.612204686096177966e+02
9.789145518645550510e+02
8.287829549337720891e+02
6.128338461437933802e+02
1.045766940562106811e+03
-5.755903456941859986e+01
9.701010303055488748e+01
-3.445090827957483270e+01
8.623842021155309112e+02
2.670234389597752624e+02
1.122840788505731780e+03
4.286913795105766667e+02
6.857832536216975541e+02
3.835036251351845067e+02
4.142143002597761097e+02
4.488360178757061476e+02
2.494630404109281017e+02
7.474795307233531503e+02
6.183942644197761638e+02
1.518076147958637648e+03
1.011974680485673503e+03
8.417359200562275419e+02
1.283520767433717765e+03
1.114412072692419088e+03
1.402437899518781251e+03
1.509510763630593374e+03
2.009576376157872346e+03
9.545024550146121101e+02
1.344495000889340872e+03
1.191261750519990073e+03
2.156373773376207737e+03
1.133066843607815599e+03
2.062196626973664479e+03
3.124230413715004488e+03
1.535917570437098220e+03
1.932492868324887922e+03
1.872558699689159539e+03
2.120161642525406478e+03
2.226064968162526384e+03
1.098194993850643186e+03
4.987509175717090102e+02
2.020971754177299090e+03
1.772965872676541949e+03
1.548188417260846336e+03
1.656002744055582752e+03
1.228183274309839817e+03
1.156201497578818817e+03
1.136315419293075820e+03
1.711584125736837450e+03
1.833326159272843370e+03
1.741022294258079455e+03
1.962019638726674202e+03
1.227845184846504253e+03
1.467231145089791426e+03
1.812058424764528127e+03
1.492382123186221634e+03
1.424822010650551420e+03
1.761510780255450300e+03
3.029224567149443374e+03
1.202301423838744313e+03
-2.118821501899788018e+01
7.278910347377286598e+02
7.676484777386918950e+02
4.814754274477324998e+02
1.139371607307886507e+03
1.250248016989129155e+03
1.286884360492840415e+03
1.871966542693833617e+03
1.611797600772630403e+03
7.068383898922027129e+02
1.482844031847852875e+03
1.793026258291612749e+03
1.470081293531925894e+03
2.487339033779439887e+03
1.767843996501727133e+03
1.489763349844915183e+03
1.169227629040770807e+03
1.445367670104760464e+03
1.200460070414673055e+03
1.460916907636412361e+03
2.462499299604899988e+03
1.684758990732945449e+03
1.635724763346473537e+03
2.202913142629129652e+03
2.277038405841478834e+03
2.535634675791446625e+03
2.854158422536738726e+03
2.567766949742222096e+03
1.289485767333152808e+03
1.132058036728814841e+03
2.285282966950944228e+03
2.847430066491628168e+03
2.699202071570426597e+03
2.105183403990406077e+03
2.280371578320714889e+03
3.043631447391806432e+03
2.833489197231521757e+03
2.668441832458227054e+03
2.672768193260392763e+03
3.108416927778718218e+03
2.076913867875493906e+03
3.248943811896575426e+03
2.835940767753982982e+03
2.495546699784911198e+03
2.984396876911644995e+03
2.516854290187217885e+03
2.301358132169775217e+03
2.249078125170994554e+03
2.642329515404016092e+03
1.972337610896747947e+03
2.696729755310517703e+03
1.857168034327939040e+03
1.809180398088580660e+03
2.633425371452244235e+03
2.953654487041962966e+03
2.945539636961878387e+03
2.971811052596886384e+03
2.650689189995525794e+03
2.966426009537927257e+03
2.607794451376929374e+03
2.758915416668560283e+03
2.986089518363254228e+03
3.051580165204820332e+03
3.050292774650109550e+03
3.234482743041316098e+03
4.045122542369101211e+03
3.170338973019052446e+03
2.900303443799778506e+03
2.610469334189642723e+03
2.528645281674953821e+03
3.392538492816685448e+03
2.784623349910291836e+03
2.358074754321943146e+03
4.066315240242541677e+03
3.083555402337602573e+03
3.133271981335166402e+03
4.070799906548999843e+03
3.274782194105523558e+03
2.993919683993195122e+03
2.875774662512898885e+03
3.536743556642401927e+03
2.709470955515414971e+03
2.765349974816191207e+03
3.332783518776470828e+03
3.641540186595939758e+03
2.242948516709532214e+03
2.024193208633535278e+03
2.542943957317699642e+03
2.742301926346550772e+03
2.782367838180078252e+03
2.962592776404967481e+03
2.400830628722694200e+03
2.361568263578016740e+03
3.463940422018235040e+03
1.423745875377408765e+03
1.704169761136176021e+03
1.917164085880775929e+03
3.227948334039556812e+03
2.762389935422928829e+03
2.665543519359141555e+03
2.297117724935570095e+03
2.506336718537428169e+03
2.535740046652021192e+03
1.582993491587706103e+03
2.788232639585235120e+03
2.671842050398125139e+03
2.415161956264912078e+03
2.109483846502282177e+03
2.796626185004078252e+03
2.620776576797964481e+03
2.183388434443566439e+03
1.848670414343416269e+03
3.697692291725459199e+03
3.151253708997075591e+03
2.782022970142658323e+03
3.002053293415128792e+03
2.513089647222405347e+03
2.575499725581652456e+03
2.600266257206699265e+03
2.198849915119152229e+03
3.273239831672154651e+03
3.279567876783841257e+03
2.763799234606640312e+03
3.041411275717423450e+03
3.852744140138410330e+03
3.238796902641681754e+03
2.230092933868237196e+03
3.096363119105936221e+03
3.645259902749551657e+03
2.344105920569279078e+03
2.920392193716641032e+03
2.715236506547182671e+03
2.849102556893414658e+03
3.100412853907934277e+03
2.865509981330652863e+03
2.794134390784820425e+03
2.654911318726738045e+03
2.959361656589648646e+03
2.414144108526752461e+03
2.646361882925214104e+03
2.914981954533247062e+03
2.545055619206176743e+03
2.798720954914364484e+03
2.939469071622389038e+03
3.045988141314910990e+03
1.954494794028677688e+03
2.826743287260737816e+03
2.626159376191280899e+03
2.743245897592755682e+03
3.019792904983945391e+03
2.723397075953877447e+03
2.513714772027306935e+03
2.925802259773711285e+03
2.554876358301114124e+03
3.292380865518774499e+03
2.971104936419640126e+03
2.857933479555641952e+03
2.853431448846732110e+03
2.833559422787813219e+03
2.322516135894500167e+03
3.190961470383706001e+03
2.240737224220195003e+03
2.856289718140734749e+03
3.142063159072946291e+03
3.129993262446690096e+03
2.016806317314896887e+03
1.880669112927051856e+03
2.587467586283567471e+03
2.766820258912336612e+03
2.670347734336135090e+03
2.418990692060602669e+03
2.558689480645678486e+03
3.045751010596844480e+03
2.996127251953916584e+03
2.910064042156399864e+03
2.933462309664859276e+03
3.220429631100110782e+03
3.021308725086179493e+03
2.745771400696159617e+03
2.893251806141746783e+03
2.653950313214304060e+03
2.920210584272761480e+03
2.991089774947341084e+03
2.477900711048895118e+03
2.688198109799333452e+03
3.026899174857953767e+03
2.250753045381044558e+03
2.597167518082665083e+03
2.431240605783441424e+03
2.490201091897577498e+03
1.762779963879625484e+03
2.359418781036912151e+03
2.335442752889865460e+03
2.659221357252636608e+03
2.320221487912311204e+03
2.933428266490963779e+03
2.842003244737484692e+03
2.721053815554452740e+03
1.742685770324101213e+03
2.196887580356201397e+03
2.184887123283321671e+03
2.857630632388775211e+03
2.569639276125954893e+03
2.462821987982465089e+03
2.716758436466864623e+03
2.159847725112133048e+03
2.083241545542141466e+03
2.755336262386194448e+03
2.518724215986868785e+03
2.716328379768655850e+03
2.521588325910862295e+03
2.445578566844031684e+03
2.278119186964459914e+03
2.488133083208133939e+03
2.616424997636967419e+03
2.216225080530576179e+03
2.012442838336273326e+03
2.266784227747640216e+03
2.546059897591964727e+03
2.247832606960671001e+03
2.260670775131004120e+03
2.054864956987824826e+03
2.645499960298976930e+03
2.519687271229732687e+03
2.100398057584729941e+03
2.674380739112426909e+03
2.391314483602573091e+03
2.846818152514044868e+03
2.710325985158054209e+03
1.975246281051156984e+03
2.666619669823418917e+03
2.076409358862192676e+03
2.545776949199628234e+03
2.651608667640949079e+03
2.613444582312641614e+03
1.162197968478315488e+03
1.936034591121316680e+03
2.052202594435205810e+03
1.924612791305085466e+03
2.076124951139936911e+03
2.976044327227330996e+03
1.511997510230789885e+03
2.087953130865030289e+03
2.641767419724824776e+03
2.239517251371712518e+03
1.781041462061612719e+03
1.327937771991688351e+03
1.608893396296695300e+03
1.612165372812170290e+03
1.306774238676175628e+03
1.932930568996784586e+03
1.845164320963502178e+03
2.391205281387551622e+03
1.982440436567391089e+03
1.634810655325256903e+03
1.671259579918572399e+03
1.885357041644886067e+03
-2.078244545589560914e+02
1.536301465037705839e+03
-1.412614149241418318e+02
1.965014600802042423e+03
2.195502480075781932e+03
1.993187564226105223e+03
-4.026955310797825405e+01
-8.052123858043924542e+01
1.814901312076748582e+03
1.769515132120261569e+03
2.261012345570614343e+03
3.035723214859960081e+03
2.193819363173590318e+03
2.691617950457003644e+03
2.851286063199819182e+03
2.626474827277452277e+03
2.615460199829820340e+03
1.727248924375154729e+03
2.843040311639168976e+03
3.403959582501995101e+03
2.929918766414841230e+03
2.061425851054764280e+03
1.912984419842761326e+03
2.550859715763738677e+03
2.311597367601084443e+03
2.821414020686379899e+03
2.483539981214950785e+03
2.294020225444722200e+03
2.787355418998357891e+03
1.970750555303923647e+03
3.848698073965861568e+03
2.103885030683213699e+03
2.749470851382304318e+03
2.967408588526168842e+03
2.797344484008222935e+03
2.746208408640410198e+03
2.706728326386491062e+03
2.476190379747922179e+03
2.347100369278839025e+03
2.591103442173935946e+03
2.410374568848520539e+03
2.579012551883422930e+03
3.217523908131227017e+03
2.004997470115009037e+03
2.818307392679590976e+03
2.086558595364721441e+03
1.774168633517921535e+03
2.217993283647451335e+03
2.353684903024783125e+03
3.627178850530994168e+03
2.846295630381766387e+03
2.179797107890847201e+03
1.769337582728310053e+03
2.431765039144959701e+03
2.181163743693187371e+03
2.335607318713786754e+03
2.508543495123021785e+03
2.335085238404762094e+03
2.483976326400928883e+03
2.317289995189910314e+03
2.947484695597733207e+03
2.507063095930558575e+03
2.619070875651033930e+03
2.819534666933208428e+03
2.027396768952879938e+03
2.663694527705362816e+03
2.193938252098156681e+03
2.236405942993368626e+03
1.911565982351387902e+03
2.521779102125163263e+03
2.601088789606579212e+03
2.340419461789051638e+03
2.443978426415081231e+03
2.237132435634735430e+03
2.882347109237433870e+03
2.330331486940272043e+03
2.056489238057138209e+03
2.313773041675760851e+03
2.229948035540290221e+03
1.920462296773597245e+03
2.142073131606063271e+03
2.531825564931001281e+03
2.343781653430343795e+03
2.434917583892207858e+03
1.968481182205880486e+03
2.634733633403972362e+03
-7.939165018878626370e+02
2.448739211795711981e+03
2.906468567022645857e+03
2.186686018819278161e+03
1.867114423884152529e+03
2.457565925803569826e+03
2.116221157533344467e+03
2.327987180054152304e+03
2.573309521226762627e+03
2.091336684076945858e+03
2.200488119883069430e+03
2.649492644582362118e+03
2.550964044655535417e+03
2.527044795784691814e+03
2.234230316082747777e+03
2.297398178179685601e+03
2.473448441164592623e+03
2.596613761749372770e+03
2.157114830600936330e+03
2.537715686319050292e+03
2.422202400836985362e+03
2.444772791752412559e+03
2.817438671758783130e+03
2.217758196755005429e+03
2.474803348890810412e+03
2.372548613996071253e+03
2.114564946781732942e+03
2.837070706735260046e+03
2.883004436161144440e+03
2.695531139807526415e+03
2.116504191252595774e+03
2.096404729576851878e+03
2.611189163476254180e+03
2.414795877418583586e+03
2.514752949136254756e+03
2.265787315084384318e+03
2.435273355997566796e+03
2.230518717892197856e+03
2.675482409190206454e+03
2.580908010396197824e+03
2.921043078716973469e+03
2.520894827548107060e+03
2.410235872973603364e+03
2.388454800355138104e+03
2.514241146178168947e+03
2.647354625377360207e+03
2.018536906986039867e+03
2.483810283351737780e+03
2.311368356136469629e+03
2.658085545846767673e+03
2.471168650631822402e+03
2.643956451618808842e+03
2.674632167459963512e+03
2.956211603544667923e+03
2.731455003045118247e+03
2.302236894716279039e+03
2.400618158905344899e+03
2.638077874943330698e+03
2.436742877779635819e+03
2.204916002589409345e+03
2.277901241305576150e+03
2.395383185247183064e+03
2.061914325359346549e+03
2.528597668145270745e+03
2.368836752387187516e+03
2.245892082093768749e+03
2.196953601093379802e+03
2.211049645164026515e+03
2.411658261123365264e+03
2.220972807130751789e+03
2.141912562650288237e+03
2.440398046622145102e+03
2.421148968269405486e+03
2.196211059825823213e+03
2.022441994155739849e+03
2.052470312022725921e+03
2.241816105418783081e+03
2.393829805242941802e+03
2.232175986156822546e+03
1.988832820930532762e+03
2.067935200040511972e+03
2.109217788213463791e+03
1.645160140537647749e+03
2.331359417631466840e+03
1.958530697690975785e+03
2.507514681236497836e+03
1.758571730948789764e+03
1.840848161320845520e+03
1.725391358601449383e+03
1.942494012802816997e+03
1.531041518360791088e+03
1.848544939962450826e+03
2.056612578012708127e+03
1.767879169888285560e+03
2.375397216691213089e+03
2.499737310946247362e+03
2.334619505851548638e+03
1.781410746018712416e+03
2.084154531310747188e+03
1.898476356688793658e+03
2.079679041611558205e+03
1.943541163353430193e+03
2.083210350689337702e+03
2.103852509961123360e+03
2.232724129178388921e+03
1.710691822432333538e+03
2.905925176251841549e+03
2.257171033362935304e+03
2.036740318314072965e+03
2.509559574101454018e+03
2.132848103055708634e+03
2.168995012900286838e+03
2.017917946232890245e+03
1.829151705305521318e+03
2.311280045664969293e+03
2.489595738406235796e+03
1.909206196560164926e+03
2.412124632978968748e+03
2.111430858895077108e+03
2.529315037026412938e+03
2.906335659276493061e+03
2.893662671935038816e+03
2.756140296086799481e+03
2.675896767021157757e+03
2.642605906219421740e+03
2.385603392127512052e+03
2.629670035347546218e+03
2.565191556480293002e+03
2.704910496924371728e+03
2.693494505646034668e+03
2.298402642829175420e+03
3.165733448668644996e+03
2.481766072517630164e+03
3.235595707588799087e+03
2.820946569011208339e+03
3.051373549500883200e+03
2.614395165609464129e+03
2.417322086366599706e+03
3.366654431053553708e+03
3.123086852347664717e+03
2.751248152174222469e+03
2.574436742971364311e+03
2.636804265270162432e+03
3.017554404207913194e+03
2.479030721252103831e+03
2.387783392344504136e+03
2.634117979393432506e+03
