-2.589010884841209645e+03
-7.792643622670327659e+02
-7.433803838608911292e+02
-7.099928848435737336e+02
-9.368744032669719672e+02
-1.103344141700204318e+03
-7.198599393142443432e+02
-7.940760166363726285e+02
-6.718747273088403063e+02
-7.388671853443443069e+02
-7.554456645116954405e+02
-7.615260355648116501e+02
-8.335931367738361359e+02
-8.543833287741813365e+02
-7.962516388902201925e+02
-8.162473417816255505e+02
-7.997828837219508387e+02
-1.253559709432329100e+03
-8.966840137568304954e+02
-1.200322962674440760e+03
-1.158922807851388143e+03
-1.197249758675414796e+03
-1.104518265452908736e+03
-1.154759978162995594e+03
-1.017367616710737821e+03
-1.196172799183257666e+03
-1.089864392276674153e+03
-1.010508669148470290e+03
-1.094681228388784348e+03
-1.015911622731527927e+03
-9.171611973615312081e+02
-1.001552210046166920e+03
-8.067792236132090693e+02
-1.057607120309440688e+03
-9.803893593149398384e+02
-1.086898841997999625e+03
-9.979979646998433509e+02
-1.111344215342123562e+03
-9.530653581037460071e+02
-9.754488068395679647e+02
-1.059408925949851891e+03
-1.168554484242220497e+03
-9.438255501313497007e+02
-1.194629774533792670e+03
-1.148508478800126568e+03
-1.179379439350069561e+03
-9.382140517871285965e+02
-1.061515243106153548e+03
-9.989620213591217635e+02
-1.209093964994867520e+03
-8.098811776517770795e+02
-9.120176181313574943e+02
-8.820748247639775173e+02
-8.714585518227886496e+02
-8.248131688871976621e+02
-8.720083982265579152e+02
-1.096053258099944742e+03
-1.175961862761702832e+03
-1.200982647824093192e+03
-1.001681831062810943e+03
-9.575091860306720264e+02
-8.491101296098855755e+02
-1.042031710410913092e+03
-1.101139044357555122e+03
-9.151027246707290033e+02
-1.140610387545498497e+03
-1.256103350115720104e+03
-9.121697512387307825e+02
-9.551900631806959154e+02
-9.923296040264555131e+02
-1.081736917754373735e+03
-1.187282508519719158e+03
-1.068330469743215417e+03
-8.037659130837049588e+02
-7.535010407938278831e+02
-1.066824388607876926e+03
-9.002370807001194635e+02
-1.087376510798620529e+03
-1.214158994023574223e+03
-1.087584123686748626e+03
-1.117373221725259555e+03
-1.636669136121636029e+03
-1.054820314895753427e+03
-1.087749041074865318e+03
-1.272772099986628518e+03
-1.471212267645511474e+03
-1.384687685855647715e+03
-9.254755024610067267e+02
-1.018392807987445053e+03
-1.002834811861113849e+03
-1.110378617263276510e+03
-1.219006243097568586e+03
-1.342168703537847932e+03
-1.365485875148358446e+03
-1.105295772018525895e+03
-9.902739849119888049e+02
-1.818828166997017433e+03
-1.093156285143253399e+03
-1.052807429330304785e+03
-2.297065812592429211e+03
-1.540243226775651920e+03
-1.342671045801525906e+03
-2.041245071817821554e+03
-1.449822504941080069e+03
-1.791748953645685560e+03
-1.913890434827460695e+03
-1.384853458702496710e+03
-1.197586359777266352e+03
-1.968529156639397570e+03
-1.277128881752818870e+03
-1.127187806380210077e+03
-1.100880543983968209e+03
-1.220357157914061872e+03
-1.727956564626183081e+03
-1.687369584311046765e+03
-1.121069785325756811e+03
-1.948712811775082173e+03
-1.094310577722770631e+03
-1.246378248306362821e+03
-9.041336106722455952e+02
-1.515409830972729424e+03
-9.692186880786233587e+02
-1.362450454691974073e+03
-9.469859013366238969e+02
-9.494266983656301591e+02
-8.630517204604731205e+02
-9.534632857491121740e+02
-9.139425010164196692e+02
-1.073606784276735652e+03
-1.587969582756922136e+03
-8.780201650762851386e+02
-1.243566823403444005e+03
-1.215687947871413144e+03
-9.040816214249107361e+02
-1.298045133266037283e+03
-1.011848918975550532e+03
-1.494051871688583105e+03
-8.613233043171318286e+02
-1.208564564165815682e+03
-9.155674719583739716e+02
-7.576701716270490579e+02
-1.019249805851133033e+03
-9.491613674105230984e+02
-1.003441495679875516e+03
-1.212809232596798438e+03
-1.599477554457809902e+03
-7.828943405020240789e+02
-1.234914212712175868e+03
-1.199285178684654511e+03
-7.260329144946281303e+02
-8.985712321290914133e+02
-9.227143851178132081e+02
-7.823259238515059906e+02
-7.473446684815402250e+02
-6.986999920602723932e+02
-1.978926859641737792e+03
-9.301441093069331600e+02
-9.407492606551792278e+02
-8.518988494221463270e+02
-1.082635867731633425e+03
-1.418003900534629793e+03
-8.847182076135101170e+02
-1.108164878290948309e+03
-9.673949122025162524e+02
-8.619700650871121752e+02
-9.266206805595929836e+02
-8.766934159224607583e+02
-1.163972354935234534e+03
-7.897132623616371347e+02
-7.040211210136011459e+02
-1.190095740698647660e+03
-7.793948355592440294e+02
-9.735702640205544185e+02
-8.319008710646884310e+02
-1.143894117409666478e+03
-7.542053127626417108e+02
-1.434677514542754352e+03
-8.909003928524969069e+02
-1.087680362299542821e+03
-6.469506152817378961e+02
-1.086113878246098011e+03
-9.587725229192423058e+02
-9.113183630803099504e+02
-1.814239225351215509e+03
-9.453762022805580045e+02
-7.559300826755951448e+02
-1.144786093255604555e+03
-1.082719505106229235e+03
-1.647203843285464245e+03
-2.141412891760482125e+03
-1.004686704395681431e+03
-2.045015650085331799e+03
-8.570973441059430797e+02
-1.084716455682575770e+03
-1.139055753722972440e+03
-7.508801616124194425e+02
-9.257881485897249831e+02
-7.883460008896379350e+02
-7.909583934939195160e+02
-8.950478548616698617e+02
-6.380255182047683320e+02
-7.026892307380534248e+02
-9.621730534238640757e+02
-1.033456806027934135e+03
-8.152491865414173162e+02
-1.022714339321262514e+03
-1.159883050539544911e+03
-1.376564070695477312e+03
-9.515745455146033009e+02
-9.768113356553700442e+02
-1.810368753255948377e+03
-9.505607201436255309e+02
-1.032139569269797676e+03
-1.789657956623609607e+03
-1.638471518401838921e+03
-8.256987689338654945e+02
-1.431636001829565885e+03
-1.385950588693504869e+03
-8.757053055823234899e+02
-1.203226097594304065e+03
-8.737759792762232109e+02
-1.065633161039201923e+03
-1.584115036266284278e+03
-9.386080981034480146e+02
-1.365547920366605695e+03
-8.442760106840867138e+02
-6.876398937839775272e+02
-1.996030686003894516e+03
-1.526673773686237382e+03
-1.547142077790458643e+03
-1.271383246281375250e+03
-6.523807458593512365e+02
-6.959543891170720826e+02
-1.326732061860562908e+03
-1.044309008564743635e+03
-2.136988619682698300e+03
-1.471602003512982947e+03
-6.429901387198311795e+02
-8.410021315896253782e+02
-8.237237695150500940e+02
-1.351653577162110651e+03
-1.072625714942357035e+03
-1.087321357215026410e+03
-1.157684903970425921e+03
-1.447773164385346035e+03
-1.840010644793438587e+03
-1.136339909118709329e+03
-9.602045059579679673e+02
-9.980814953061818642e+02
-6.128419654365675342e+02
-7.334282016105578350e+02
-1.273582554370333582e+03
-1.663833293588084643e+03
-1.061819120936752370e+03
-6.601239030609237943e+02
-1.401973745758565656e+03
-8.794852159579145336e+02
-9.415771845216391966e+02
-5.512307266888002459e+02
-6.296032676809613804e+02
-3.996142780586360459e+02
-4.209098752214009664e+02
-1.290758174140323490e+03
-2.179552426626217766e+03
-1.075593248800618767e+03
-1.402419919488885398e+03
-9.733772995701508535e+02
-5.473371466875773876e+02
-1.866292186324215436e+03
-4.139749340774526445e+02
-1.255532742965631087e+03
-7.101636004807219251e+02
-4.443964657973783119e+02
-8.083954365367791297e+02
-6.089634258724250913e+02
-6.630533961366663220e+01
-1.532715254974157915e+03
-9.139060057883182253e+02
-6.726258597619630564e+02
-1.172982502220688048e+03
-1.181957446524332340e+02
-8.973364951059913892e+02
-1.428650706808430868e+03
1.543091345760297202e+02
-1.239486042833452530e+03
-7.889247188178178476e+02
-6.981135397998618828e+02
-2.798401676618550482e+01
-1.199897336498961977e+03
-8.172007236307595122e+02
-1.720935395024398304e+03
-4.065141851751128570e+02
-1.417519985602596535e+03
-4.278030021895590949e+02
-9.091720947786019451e+02
-5.378080006573416085e+02
-2.956094136376174220e+02
-4.554442381367290409e+02
-4.654196725593185988e+02
-5.778371621225626313e+02
-1.261110629248290934e+03
-6.326905005927677621e+02
-8.872205485860978342e+02
-7.434385825298318196e+02
-1.013562808187348764e+03
-6.339583683777682381e+02
-7.282402434237337729e+02
-4.154009115554662230e+02
-6.566170863692645980e+02
-1.153692506210698241e+02
-3.007324081967233269e+02
-9.264633471027892710e+02
-3.919176866841659717e+02
-2.627593755835829938e+02
-7.149609899950856970e+02
-4.881881431367871755e+02
-1.038582362317973320e+03
-4.390570643651507226e+02
-7.141509829189602669e+02
-3.292861768208337594e+02
-7.860162872045339100e+02
-7.972178692303723437e+02
-1.612857160922189905e+02
-6.319655697494323476e+02
-6.593080031596751951e+02
-5.027997184596229090e+02
-6.255131628706263882e+02
-4.546345159868737937e+02
-6.662087109359056285e+02
-1.017018729637090217e+02
6.408857006149648328e+01
-8.269972607410848013e+02
2.033530141769124384e+02
3.273368460147536894e+02
5.884515643052444602e+02
4.928991309065098676e+02
-3.297861763293693116e+02
-7.820816783492614377e+01
-1.404243598158506302e+03
-5.908031859882605659e+02
-3.512595637088435865e+02
-1.521475114399682525e+03
-6.861566127562016391e+02
-4.209612714590587075e+02
-4.759640851157462293e+02
-8.409615968171559643e+02
-5.316752867739629664e+02
-4.786609438624496988e+02
-6.468223631106958464e+02
-3.492317244806980625e+02
-5.103855946303866631e+02
-6.542631641726408134e+02
-7.863200867928314892e+02
-2.043275323576386882e+03
-4.738970398727127531e+02
-5.855399858617354312e+02
-6.107990772526062528e+02
-5.568064944138670853e+02
-4.095358847427721116e+02
-5.908584512015902419e+02
-5.263499617144277636e+02
-6.069835065520684338e+02
-7.072634359246801523e+02
-3.210799424832657678e+02
-4.453131301791071337e+02
-5.141792233503173293e+02
-4.099183653358543324e+02
-3.958697116559707752e+02
-4.264152162944419615e+02
-2.608452616933750505e+02
-8.056737319939759345e+02
-1.006943438485703496e+03
-1.260731292234776447e+03
-8.799698415253551502e+02
-6.024660911508599384e+02
-9.741418507028909062e+02
-4.661321233732163591e+02
-4.336728180056295514e+02
-5.290646457559121245e+02
-9.790067790138668897e+02
-1.041356387250186117e+03
-9.228373470066939035e+02
-7.974825764450197312e+02
-6.259185655973573148e+02
-1.149341073862382245e+03
-2.181964870348153909e+02
-4.635298658568125347e+02
-1.381013776361200826e+03
-6.657168588737723667e+02
-1.274333427232734721e+03
-1.301034599899542400e+03
-1.103904509746938857e+03
-9.796768314717349995e+02
-1.159175661166735608e+03
-1.359265987843762559e+03
-5.462621194908457483e+02
-7.953885326696238280e+02
-3.263500783118313961e+02
-8.328327181351334048e+02
-1.041213697334525932e+03
-7.543733277288204135e+02
-5.328600420534478417e+02
-9.334772475764594901e+02
-2.148336195688598593e+02
-7.373892868805980925e+02
-8.588797262390271499e+02
-1.496429308659643084e+03
-1.499940445327546513e+03
-1.267532944990241504e+03
-1.745203299731530024e+03
-2.737230275978436566e+03
-1.933398405179398878e+03
-1.036658816366178371e+03
-2.614857995122372358e+02
-1.636669805837528884e+03
-1.372138763891298368e+03
-4.402352340726851025e+02
-2.915066782743188583e+02
-4.321555121895905813e+02
-1.252545748552646728e+03
-4.821926436812210568e+02
-2.806675882137269582e+02
-8.344752794660894324e+02
-1.468814454450895937e+03
-8.308856532647519089e+02
-2.864945262126316265e+02
-6.258318674343611292e+02
-1.452840989304749201e+03
-1.528331355710349726e+02
-5.775864416838924171e+02
-3.669452357126251627e+02
-9.717203740187779886e+02
-2.668910476119592090e+02
-7.201351170633348602e+02
-1.190681000652687544e+03
-1.358960651421592047e+03
-1.354631823360220096e+03
-1.198759486936849953e+03
-5.313955287031744774e+02
-3.796798248252524104e+02
-8.564539521568700593e+02
-9.296513937580418769e+02
-9.707435096331664681e+02
-5.427572212133526364e+02
-4.102025453731400830e+02
-4.236205810192099079e+02
-1.265738506365865533e+03
-1.246189721233507868e+02
-6.143229005338869797e+01
-1.371715539724195310e+02
3.806441931198093016e+02
-1.959594194869752073e+03
-5.820169151196845405e+02
-9.440303158731264688e+00
-1.464485582611920336e+03
4.551828716141894233e+02
-1.072140446689406190e+03
3.501858290750762990e+02
6.647327565979408064e+02
-6.346488854227474974e+01
-3.999548928864882100e+02
1.076097391703563062e+03
8.255973170138286150e+02
1.049462643207243445e+03
-5.952631614234612698e+02
3.530526361943755660e+02
-1.217003535156758517e+03
-3.444444154205396558e+02
1.157546244604353433e+03
-1.637307246958811447e+03
6.770405271259351139e+02
-1.209949670393392353e+03
9.977660264957600020e+02
-1.064467096759103697e+02
-4.481904346336251592e+02
-3.991391946321822388e+02
-7.128156410856263392e+00
-1.074578309473364243e+03
7.206044721149310135e+02
-3.096286740968315598e+02
-2.347486618166186645e+02
-4.988620701046488648e+02
5.217198317201150530e+02
-1.068289151568225407e+03
-5.084284211173780363e+02
8.859004272886847957e+02
8.865069123530668094e+02
-1.036654301572975783e+03
8.198342118433096175e+02
1.007639057765399343e+03
2.820746457717779663e+02
8.975157637654727978e+02
5.644673723331129622e+02
7.407940684768450410e+02
-3.498602155844956769e+02
-1.717595980504376712e+03
8.409544786262075604e+02
3.906049913164521854e+02
-1.180196712798036970e+03
7.492072188829287143e+02
1.003410430841396305e+03
-9.576255542275580410e+02
2.249866915968999308e+02
3.286004162370190897e+02
1.066981335652099006e+02
8.419281097924686037e+02
-1.746189589770407622e+02
6.794149797624735356e+02
7.515709009309014164e+02
1.015337871118212433e+03
1.586230128873559408e+02
4.355743698703807354e+01
3.372196108395849592e+02
9.628319194685475395e+02
5.081015909252240590e+02
7.935056223282971359e+02
-1.182412713498763850e+02
5.989283340290447200e+01
5.234697097890687019e+02
-4.140333372115286465e+02
6.888100846508613131e+02
6.578056454571726590e+02
1.007162161134855523e+03
9.710717952221690439e+02
8.778757103090927103e+02
6.360499064936441300e+02
3.658732127281134581e+02
7.448412324069944361e+02
7.682047971032927762e+02
7.424102002263470013e+02
6.022287190800072949e+02
3.095150437107927246e+02
5.344687962285570393e+02
1.035085077545466447e+03
-2.539477368620009656e+01
4.217299440120307850e+02
1.124093175134634748e+03
7.386045554817161474e+02
7.289083538494173808e+02
7.263706815754824220e+02
6.935387386850626399e+02
1.041819679425954291e+03
8.507358522728777643e+02
2.115687499238529767e+02
1.087578833892779357e+03
5.084952742293099845e+02
3.892158253748597190e+02
7.630376648810753295e+02
7.043798994407562759e+02
6.485168729204808642e+02
1.046280419755506045e+03
9.924459903189001579e+02
7.544578306114517545e+02
1.138935386075038878e+03
6.574212754753564241e+02
6.025171397679436041e+02
4.652505012634335344e+02
9.364270962915232985e+02
-2.021760774673036281e+02
3.836795289402739968e+02
3.825570663138801137e+02
9.072340618057762640e+01
8.217568386279283459e+02
5.766540656598569967e+02
3.358049668480439323e+02
4.050376498331722814e+02
6.945493149716622838e+02
6.943341535004885827e+02
6.202961876284654181e+02
6.403978224902556349e+02
-4.933265878926827668e+02
8.266137751322644363e+02
4.957691496857859192e+02
5.887701725659729846e+02
9.199330432946495648e+02
6.937662398374648092e+02
3.865678058870059886e+02
-2.274775530171766604e+02
-2.250337508922300458e+02
5.990958092667474375e+02
6.490544867172850445e+02
5.664136411771162329e+02
1.911852819470259703e+02
3.896000836268592025e+02
4.810206822023567383e+02
1.838707221409940189e+02
1.477304098405062120e+02
5.507059179549908094e+02
5.331294649476286622e+02
2.681092404770953976e+02
5.256612870872608028e+02
5.694177605661499229e+02
6.473929041335360068e+01
2.876730784433501071e+02
6.380859073822890650e+02
5.400116123125517333e+02
4.764939899008922453e+02
6.042783402341932515e+02
3.065192970155211469e+02
4.210628810509651316e+02
5.790790040545819011e+02
4.586283735471677119e+02
9.489498356006943141e+02
8.203497400352852083e+02
8.640095485867061598e+02
9.361851606264960992e+02
8.885662149047104776e+02
6.934541168335396151e+02
1.147237589807115683e+03
1.168979807874977496e+03
2.841328661735982450e+02
8.021137151399910863e+02
4.818921038034965250e+02
5.359699929123768243e+02
6.708755528906370955e+02
1.116173789299107966e+03
6.869794823304877127e+02
7.171299469815279508e+02
6.013049532853920027e+02
6.285953960978312125e+02
5.537075338684845747e+02
4.765050586254653808e+02
6.415123836648317592e+02
6.902896849124504115e+02
4.948748646538275011e+02
5.660151766042885129e+02
-4.609802021177364395e+01
3.494559912059871749e+02
4.743543843346128597e+02
1.901818550113509332e+02
1.332035020904380360e+02
1.570686922072687821e+02
2.775777136234236195e+02
-3.100345805984058245e+01
4.740534846171257755e+01
-7.652185187018714032e+02
-2.036326552248841040e+02
1.712476061108879435e+02
-1.154070886285325486e+02
-1.660452673534931307e+02
-4.399619666240124047e+02
2.122107234874067672e+01
-1.151528834440386618e+03
-6.782475517368744704e+02
-3.136103475681730970e+02
-2.521574548087464507e+02
-2.852944361270788249e+02
-2.155992266500384176e+02
-5.191886634348882126e+02
-3.953253202455092037e+02
8.306006795783858365e+01
-5.112797766503924777e+02
-1.815271980123816888e+02
-1.186191148851595244e+03
-1.161084045325389980e+03
-8.475527319309567247e+02
2.450010365704394530e+02
-1.081415756553819278e+02
-2.339811053512084413e+02
-5.764055879381132854e+02
-6.616059942904765876e+02
-7.864115533180580542e+00
-5.621267466605440859e+02
2.878863394572189804e+02
7.850778825847362441e+01
-4.024375414859907778e+02
-6.199812031164125301e+02
-4.012925159691424142e+02
3.641917577716988035e+02
-4.936615433346120199e+02
-9.405400713824080583e+01
5.672222710391605460e+02
-1.245585043559602241e+02
3.145929954210760684e+02
-5.680449652957697708e+02
3.993793081180734816e+02
-1.372341363811510178e+02
8.052493461525450584e+02
6.260477009430563839e+02
7.300371748555058957e+02
3.393230315389034786e+02
6.975159660331588611e+02
8.245868156906615241e+02
7.967638957754742250e+02
7.052413228045360256e+02
9.641248879378398442e+02
1.154877198883093570e+03
9.013403536674103407e+02
7.948639569459190852e+02
6.699533366349621701e+02
8.085524980336875842e+02
6.384423437113391628e+02
1.093838153117351112e+03
1.055135589572770641e+03
9.156597296423032049e+02
9.785458643278429918e+02
1.132490556049513543e+03
9.052956962754168444e+02
9.672120011016671697e+02
7.064271013335079488e+02
9.716243225960871541e+02
5.747101653395894800e+02
9.630626908876832886e+02
1.061863970137175329e+03
1.094924389913224559e+03
1.028421656895990736e+03
8.119464691184873573e+02
4.405495528939920860e+02
9.068006947378024734e+02
1.121548670822703571e+03
1.046465638692414586e+03
-3.482891478915396419e+02
7.119060362080081177e+02
4.317606430684635939e+02
1.141699894548096154e+03
8.841757168326937517e+02
1.016478259970725730e+03
1.182627499298213479e+03
8.665458521389430189e+02
5.583491571661243142e+02
1.054616037411628213e+03
8.661479008870952612e+02
1.045737618677369255e+03
8.870748263689382611e+02
1.036279198725510469e+03
1.136127529826334467e+03
2.753524875913252004e+02
2.035169934185519196e+02
9.388530238429374322e+02
1.227420381322444427e+03
-3.766641139654475410e+02
9.975579613602900508e+02
1.063313227218153770e+03
1.261420169379112167e+03
1.156024947453201321e+03
8.744573786451041997e+02
1.231474584445958271e+03
1.050670404032500301e+03
6.262971365103442167e+02
1.202153336238058273e+03
1.034147850675537256e+03
1.155163090045559557e+03
1.122204936266449295e+03
1.115251943023771901e+03
1.152979391189747048e+03
9.127244918800574851e+02
1.220437255826451292e+03
1.217124348023357243e+03
7.030442071393042625e+02
1.096947008359846222e+03
7.915524625123965734e+02
9.448783628685212079e+02
8.546769517711898061e+02
1.042760018095910937e+03
9.486614943384661274e+02
1.156968366938450572e+03
1.026194266878108465e+03
1.067089187639842976e+03
9.247253197702099214e+02
1.141649980361770531e+03
8.846242620628565874e+02
8.125542269525268466e+02
1.153876788956408745e+03
9.675159913296436116e+02
1.098740173515897141e+03
1.077416729273082638e+03
3.735240387746154056e+02
1.061275311007582786e+03
1.150951005360062254e+03
1.040767807804003724e+03
1.049159795910800540e+03
9.688731365866847227e+02
8.802149688890906418e+02
7.443006957201703244e+02
1.039951736263662724e+03
6.740363131417777822e+02
9.588788881935802237e+02
1.097701901321883270e+03
7.661119517494701086e+02
1.040074400262540394e+03
8.590212595036018683e+02
9.027532037533170524e+02
9.058655813595345307e+02
1.151261564267294943e+03
9.876458515781710048e+02
1.177051635382880477e+03
9.821208289170784838e+02
1.020969203158846994e+03
9.651246652312058814e+02
8.308283672289414881e+02
9.607815542423786610e+02
4.913275693422849599e+02
4.020184658150560608e+02
7.688474328131073889e+02
1.049386571776567280e+03
1.093294734172741528e+03
9.791191659063256338e+02
1.021376993908927375e+03
7.685093976128340501e+02
7.047119185425281103e+02
8.737663876405274550e+02
9.966753448641445630e+02
1.067264485445616856e+03
8.202740989005370693e+02
8.999784439617966427e+02
1.032903033085214247e+03
1.040836767836581885e+03
9.438473967655562546e+02
1.141818143666530659e+03
7.000614825914044559e+02
9.368456091865036797e+02
9.699403135488371390e+02
1.027297371819731325e+03
1.079439016735291034e+03
8.494447564814580574e+02
9.313859434361149852e+02
8.502580557354081066e+02
7.748678850451059361e+02
7.175548792293138831e+02
9.001246884537307551e+02
-7.546595380154249142e+02
7.546137108231430375e+02
9.405624896891417848e+02
7.605235551239583174e+02
5.137246741898458140e+02
8.748116248636194996e+02
7.805789601750835800e+02
7.190530683753204357e+02
8.275390285094370029e+02
7.560508936966098190e+02
7.994064645792832380e+02
7.972508855017903215e+02
8.892076166433192839e+02
9.845745009281054081e+02
6.121517912216155537e+02
9.935003272256182072e+02
1.315556223692278991e+03
4.344407480578977356e+02
8.746020855864533132e+02
8.320420393328367936e+02
1.044041227842888929e+03
1.045103662201055613e+03
8.208361108136105031e+02
8.036450656321615043e+02
1.102083319729888444e+03
6.786694160457813041e+02
1.254675137395000547e+03
1.028531054397122034e+03
1.146023068339123483e+03
1.064599035505699931e+03
9.052534028768980079e+02
1.049513941182977760e+03
8.804843057506466266e+02
9.723398226644580973e+02
9.702970531027629022e+02
7.996302676011523545e+02
6.214820885409876610e+02
1.053043243149814543e+03
8.810048288263669747e+02
7.780105166632840792e+02
1.161779783160404122e+03
1.018278619431093148e+03
1.062948587623439607e+03
7.262056174812299787e+02
1.066898855177838186e+03
9.525715831444181276e+02
1.089169547943355610e+03
1.063067558980728109e+03
1.012100198567958159e+03
9.156305107427458552e+02
1.067905449679790308e+03
9.323953017371243277e+02
1.226067717837086320e+03
9.321008512194200648e+02
1.102204259584711281e+03
1.068101315721501805e+03
1.018714958672470402e+03
9.418282752010181866e+02
1.033124467240398644e+03
9.583365719099538182e+02
8.035062829978438685e+02
1.126678369984954543e+03
1.130920289036414260e+03
1.011463728898585828e+03
1.061462688801597324e+03
9.581917159055511775e+02
8.667848979865211732e+02
7.807829264290641049e+02
5.083565676023537208e+02
5.442275504984722829e+02
5.351566257865704301e+02
4.507603843708742488e+02
5.702759285411977999e+02
6.382569821167144255e+02
6.251828517864629475e+02
2.805860642462888563e+02
6.837733028187572017e+02
4.378544224259611610e+02
-1.084530978649780764e+00
9.261265738108306778e+02
1.329542780351454212e+01
5.106385370217069521e+02
5.690618569886958085e+02
4.762260785539795052e+02
6.951632363360365616e+02
5.927327470097204696e+02
-5.297702327618706022e+02
-2.992515640302103748e+02
2.254276996915434665e+02
6.586004170594751486e+02
9.305116581466006664e+02
-1.036985099175560890e+03
9.285858131076827249e+02
-6.737583037689626053e+02
-1.029548944387409620e+03
5.984622577992878405e+02
-6.798254306904564146e+02
2.009769655259713090e+02
-2.894195190274709830e+02
4.784776016855090575e+02
-8.051197495060423535e+02
-8.555584452889160048e+02
-7.605004125034059825e+02
-1.067520250382374797e+03
-9.351345665208990567e+02
-1.101413153675943022e+03
-1.093513963814582212e+03
5.267837418744202296e+02
-6.827363988500726464e+02
-1.232728180585524569e+03
-1.013252620065221436e+03
9.773000862400377855e+02
-8.898614216450081358e+02
-1.775751896420942558e+03
-9.094555470558636898e+02
9.777771741043111433e+02
-9.156805675293230706e+02
5.994138640428164990e+02
-8.473233735076795483e+02
7.173368084402063687e+02
-9.199680402844606988e+02
-2.831340513273358738e+03
7.641631818041518045e+02
8.054035751817654045e+02
-2.638018483294175894e+03
9.727977621710730318e+02
-2.575476405469578367e+03
-3.312295336515299368e+03
-3.726265449131165951e+03
-1.299708512632480506e+03
-3.597474398229358485e+03
-2.861040346245752062e+03
9.132446793175837456e+02
1.020259304056605629e+03
-3.330074015426182996e+03
6.330601038152863111e+02
8.495156379762983079e+02
-3.290023994993166525e+03
1.024731563077335068e+03
1.070068573934590859e+03
-2.751949489347499821e+03
-6.737540007274985783e+02
-3.015078794425379328e+03
1.195017025131820901e+03
7.119369835137161999e+02
1.056877031127804230e+03
1.079158109463619439e+03
-1.090346399975271424e+03
1.038752137177376426e+03
-9.771758468721681083e+02
-1.142614524889226686e+03
-1.675873785648404692e+03
9.313913810810902305e+02
-7.639776081843580187e+02
-1.092154195086548043e+03
-6.728085789266866641e+02
9.900825784387491240e+02
-2.949585885131163650e+03
1.178671867556270399e+03
-7.720148959120626841e+02
8.987281867025458268e+02
9.991263475179287070e+02
-3.425716475883411931e+03
-3.349009886977356018e+03
9.182450422557315051e+02
1.001969961551361621e+03
-3.157480868818483032e+03
1.111427903871106309e+03
9.652880675266400203e+02
-3.387289556002352583e+03
1.159980956754581484e+03
9.606443534583788733e+02
-7.088755722230696392e+02
9.132374410946219996e+02
-6.986685397576723062e+02
-6.416669124298214228e+02
-3.366772692910666592e+03
-2.937899568067152359e+03
-8.534699907361731448e+02
-7.703161313666645356e+02
