-2.592052829224450761e+03
-7.828195509778605583e+02
-7.379469038661060267e+02
-7.780144094423557135e+02
-7.467600919652403491e+02
-8.756081894522335460e+02
-1.093536439863563373e+03
-9.312438461644421750e+02
-8.994509432275183372e+02
-1.215577710602055504e+03
-1.264974221145479078e+03
-1.242210583338457582e+03
-1.454411658956307065e+03
-1.519123063169478428e+03
-9.634970375135275162e+02
-1.165055186681019450e+03
-1.588948075125230162e+03
-9.456114815000861427e+02
-8.652631433105538008e+02
-9.298590444661670062e+02
-8.917955968123291086e+02
-1.643721431402648705e+03
-1.125603996466305944e+03
-1.046158908625485992e+03
-1.252292858574135153e+03
-1.168504451504666804e+03
-8.266653310585165855e+02
-1.354821670542079801e+03
-1.049768528443402602e+03
-1.244241446072224562e+03
-1.354889179962866137e+03
-9.100852255170113949e+02
-1.309189574645009998e+03
-1.232870197525300910e+03
-1.313614296345705952e+03
-1.600744209365972665e+03
-1.113711402554148663e+03
-9.168590900215863257e+02
-8.833580744670437070e+02
-9.192399253905552996e+02
-9.767555662739335958e+02
-7.447051803961351197e+02
-8.160269606370031852e+02
-9.606620756614802303e+02
-1.073001190234596379e+03
-8.510248365865626283e+02
-9.497875441653947064e+02
-1.236062354903378719e+03
-8.369881004066328387e+02
-8.420185604785268652e+02
-9.847669845073379520e+02
-9.114254254632198808e+02
-9.881944897812434192e+02
-9.385548989185583650e+02
-8.761929392149072555e+02
-1.071453377091353786e+03
-9.736837258634973296e+02
-8.056475324507658797e+02
-8.074523352295567520e+02
-1.064754231757320667e+03
-8.334081802636934526e+02
-1.205225765711688609e+03
-9.842664345500184027e+02
-1.041826496776998965e+03
-9.154881979219544519e+02
-1.148333266540847717e+03
-1.103128452437925489e+03
-9.346468882527883579e+02
-1.207231530804734575e+03
-1.376209857570645227e+03
-1.003642745117088225e+03
-9.721645819499734671e+02
-9.191793740106683117e+02
-1.045933241279776894e+03
-1.026141716522866091e+03
-9.505545774381033652e+02
-1.030298261866984376e+03
-1.238874090567248004e+03
-9.294427616793597053e+02
-1.174505205211008615e+03
-1.022511397797758832e+03
-1.065715331627627165e+03
-1.109234406754161910e+03
-1.179162655584057802e+03
-8.612447326160220200e+02
-1.069065591299531661e+03
-9.116993056357958949e+02
-1.153147827417438293e+03
-9.032159894365090622e+02
-1.325284137566273102e+03
-9.884957154747769437e+02
-9.295207842813380239e+02
-1.048031937538962893e+03
-1.055202606557173794e+03
-9.362803527902749465e+02
-1.346711439936528450e+03
-8.220060696242744598e+02
-9.624457744207720680e+02
-1.158324897639638266e+03
-9.264276738035518974e+02
-9.684060763825448248e+02
-1.059309959205275163e+03
-9.470284541340110991e+02
-1.127107968661716768e+03
-1.008246252601626793e+03
-9.714700545001826413e+02
-1.154746498645113888e+03
-1.177936458424622060e+03
-8.831306375913494549e+02
-1.155019815553385570e+03
-9.108118468112811570e+02
-1.097947787491735426e+03
-9.259070815643225387e+02
-9.957023561124440221e+02
-1.118290161726505403e+03
-1.130819728043083387e+03
-1.239098775987905356e+03
-8.989279843156182324e+02
-8.780225446395415929e+02
-1.026030250605323317e+03
-9.964267663841744707e+02
-1.272355812604147786e+03
-1.074276097594890643e+03
-9.048294267468552334e+02
-1.146119108427225228e+03
-1.421028833860285431e+03
-1.210515049363458502e+03
-1.222653212353631034e+03
-1.291162048802449135e+03
-1.267363264654843533e+03
-1.167008162340966464e+03
-1.416346518275787730e+03
-1.267353312427742821e+03
-1.072695650307786536e+03
-9.298491517416489387e+02
-9.027048225631523337e+02
-1.268288190206187210e+03
-1.267630710753492394e+03
-1.120420253879017764e+03
-1.342898495617798744e+03
-1.206153014741878451e+03
-1.118954262183754054e+03
-1.143353881604196204e+03
-1.248474736864084889e+03
-1.414721672843055103e+03
-1.097970882644815447e+03
-9.216401172338021297e+02
-1.608928446287347242e+03
-1.015920895812597792e+03
-1.025323245513246093e+03
-1.597930655302771129e+03
-1.847231378086506083e+03
-1.856174637323735624e+03
-1.801689827264291353e+03
-1.502896128232531510e+03
-1.131033415912409737e+03
-1.301915672558751567e+03
-1.522325102995574753e+03
-3.547221091415156934e+03
-1.766158743786190598e+03
-1.572356400085878022e+03
-1.474056112359647614e+03
-1.713798458508783142e+03
-1.263083874382358772e+03
-1.364604018304119109e+03
-1.124484539243857398e+03
-1.269079664421288726e+03
-1.248640993431805100e+03
-1.326022252382706938e+03
-1.051736099711430597e+03
-1.776730828421479373e+03
-1.016441181356176230e+03
-1.249474726774127703e+03
-1.503568624491305627e+03
-1.774903412111561238e+03
-1.206841572613360313e+03
-1.150141514227943162e+03
-1.187857946197027331e+03
-1.057389918558234513e+03
-1.314460397211335930e+03
-1.155022966217346720e+03
-1.302585735586073497e+03
-1.553378598036207222e+03
-9.859314442131494616e+02
-9.925105110505094217e+02
-9.052734762362554193e+02
-9.420058297021267890e+02
-9.970843055557883190e+02
-1.547760382724982037e+03
-9.275149804476509416e+02
-8.511941128701295156e+02
-9.940221121150823365e+02
-1.875486907135438742e+03
-1.958050541311689813e+03
-8.826182084666711489e+02
-9.887194049309164257e+02
-8.741484944602243559e+02
-9.784048707746253513e+02
-9.338179588053926636e+02
-8.877751049431769843e+02
-1.138431568682448642e+03
-1.014685823695889326e+03
-1.094969667800342904e+03
-1.290969443398927524e+03
-1.572631089359311773e+03
-1.482423162845128218e+03
-1.045202379900434835e+03
-1.219667566024325652e+03
-9.994566028496635681e+02
-1.110595784570085016e+03
-1.624563929192997648e+03
-1.699858677233202798e+03
-9.435612677691925683e+02
-1.011068801176254055e+03
-9.167024391178417773e+02
-9.214043627322992052e+02
-8.133203408279690620e+02
-9.195871528858631336e+02
-9.309569672874332582e+02
-1.267305491911475883e+03
-1.890378176587850476e+03
-1.106807380120357493e+03
-1.184028788729530106e+03
-1.460347805745950836e+03
-1.787659558836578071e+03
-1.107114261394494633e+03
-8.955463079614235085e+02
-1.007238178282628155e+03
-1.312106826066505164e+03
-2.129491301305633897e+03
-1.388334422429377128e+03
-9.394055939018720665e+02
-1.643164298598115010e+03
-1.303804821899370154e+03
-3.090146640806849973e+03
-1.465839950877415731e+03
-1.122093452414380863e+03
-1.132759934347795706e+03
-1.322906590695487239e+03
-1.258191418834149772e+03
-1.071813339841047991e+03
-1.100006398480394409e+03
-1.161315736815870196e+03
-1.459592179238977906e+03
-1.112743533364531004e+03
-1.016404010534346639e+03
-1.538355793264521708e+03
-1.024705691508328755e+03
-1.108716779246792385e+03
-1.293726439093001545e+03
-1.114854508271936083e+03
-1.706773585213527440e+03
-1.800883836274082114e+03
-1.064951106875790629e+03
-1.409379661159916623e+03
-1.228273210722571775e+03
-1.824934400122437637e+03
-1.428386213429319014e+03
-2.071560408868972445e+03
-2.494612836731442712e+03
-1.460536620053940624e+03
-1.177595252148289092e+03
-1.197348389230103066e+03
-1.693563928511558970e+03
-2.659280807918324626e+03
-1.043976506695901207e+03
-1.318676766093615015e+03
-1.238979175036496372e+03
-1.047175009008152301e+03
-1.640703784596479181e+03
-1.316971970249840751e+03
-1.478625062252741145e+03
-1.067254858474572757e+03
-1.729492528830239735e+03
-2.312105662535936517e+03
-9.854929222847047185e+02
-1.317273338893189020e+03
-1.262411700874488361e+03
-1.616703536013490975e+03
-2.798351312256465008e+03
-1.404565185685557026e+03
-2.084919930571858004e+03
-2.295221321712759163e+03
-2.544393598444432428e+03
-1.349373108299798332e+03
-1.747168215863674050e+03
-1.384562345342340450e+03
-2.046706123351912538e+03
-2.361704417766408824e+03
-2.911198565359115037e+03
-2.540065371853193938e+03
-1.368878147794845063e+03
-1.514402257937825652e+03
-1.421553775955299443e+03
-2.998496929319872379e+03
-1.652202370433473334e+03
-2.036337069856945618e+03
-2.339619044042854512e+03
-1.906827960253954643e+03
-3.561707150436543543e+03
-1.462883347202573304e+03
-2.357265459760408248e+03
-3.281200214030846382e+03
-1.567343246224446830e+03
-1.872419433283794660e+03
-2.675211601022602736e+03
-1.991533291374302053e+03
-2.115636429495652465e+03
-2.591996533151868789e+03
-1.307426355035937604e+03
-1.116238289367784091e+03
-2.857774529599617836e+03
-1.481433176853460054e+03
-1.026824071667851285e+03
-1.441276167706036404e+03
-3.017699400840695489e+03
-9.003572822442084771e+02
-1.272289665322262863e+03
-2.946664541822312913e+03
-2.132476635472308772e+03
-1.453767145567440821e+03
-1.120079304711830446e+03
-1.661979684371989379e+03
-1.094997624078795752e+03
-1.057444191504439686e+03
-9.531461013787302363e+02
-9.413345702241881554e+02
-1.171541250323220765e+03
-1.273547742449992484e+03
-1.012953119576072140e+03
-1.198250528574373902e+03
-1.539155086394481486e+03
-8.277899321908414549e+02
-1.302068637342672901e+03
-1.609108793867923850e+03
-9.070220536425616729e+02
-7.765424262251325445e+02
-1.004891549644687530e+03
-8.153069732415408453e+02
-1.024656781369468490e+03
-1.032791319214587702e+03
-1.373109125185193534e+03
-1.295697794365111349e+03
-7.185740647877275933e+02
-8.923888128080174056e+02
-9.591141531573252905e+02
-1.094715935191351491e+03
-8.367704333835741863e+02
-1.317871293685283945e+03
-1.112608607648385259e+03
-1.045110914045619438e+03
-1.054395988807568756e+03
-1.020130009817566815e+03
-1.417342568940624915e+03
-8.783776683179735301e+02
-9.609412689380707207e+02
-1.063612359868533076e+03
-9.342451073893579405e+02
-1.125461805145988137e+03
-8.644027629699839963e+02
-8.335758741415502300e+02
-9.002380125200479597e+02
-1.080486086369086934e+03
-9.247233635884240357e+02
-1.266878339414396578e+03
-9.930623217907880189e+02
-8.739550140959944429e+02
-7.538263867965698637e+02
-1.042136378046692926e+03
-1.038711447928837288e+03
-9.993891811297467029e+02
-9.116100159019333660e+02
-8.757229579574197942e+02
-9.327967332507375886e+02
-1.059430738438035632e+03
-1.479480865386576170e+03
-9.081169104180173690e+02
-1.458158433891780760e+03
-1.084212279051587075e+03
-9.214047304875616646e+02
-8.834771872089336284e+02
-1.791982494746071097e+03
-8.824335818312101765e+02
-1.638846212145340132e+03
-1.642528047999202954e+03
-7.562018225407691716e+02
-7.087793425519282664e+02
-8.398182962779351328e+02
-9.502077107911999292e+02
-7.960885607821816166e+02
-9.271617335608914345e+02
-9.394194668616631816e+02
-8.072557719466507251e+02
-8.258037320742538441e+02
-8.932136810722146265e+02
-1.024274007582408331e+03
-8.499382243253018032e+02
-5.871428538986801868e+02
-9.428400048145171013e+02
-7.255244341492400508e+02
-8.975812047722827174e+02
-9.667763472344412321e+02
-9.326188081832190164e+02
-8.444199791049584292e+02
-8.596731356573628773e+02
-1.028536051955847370e+03
-8.140130501008551391e+02
-9.130391980998531380e+02
-8.504270472739458455e+02
-7.882079958300877252e+02
-7.703073392566351458e+02
-8.793726927930243846e+02
-8.169479168447023767e+02
-7.684796557952394096e+02
-7.546426641432682345e+02
-8.554506684505098519e+02
-7.995711096847901445e+02
-9.230304257508220189e+02
-8.041913186931161590e+02
-7.635649017716376648e+02
-8.623918847384856008e+02
-6.590565976813026055e+02
-6.615758392871915703e+02
-7.494344263233635957e+02
-8.541448516027936648e+02
-7.765055298678674944e+02
-7.494832846272345250e+02
-6.369632235966295184e+02
-7.042941926909621770e+02
-1.025940880901949868e+03
-7.777361273427744663e+02
-7.360019593031095155e+02
-6.471430625568344794e+02
-7.871252565198742559e+02
-7.782467342114449593e+02
-7.272490792272234330e+02
-7.400000549087521904e+02
-6.961617891241789948e+02
-1.094921687391506794e+03
-6.643704203051212289e+02
-5.209754914940974686e+02
-6.885031625208607693e+02
-6.347940952539549926e+02
-6.653556897268350667e+02
-6.577494397615389516e+02
-6.960550226294477625e+02
-1.482393715811018637e+02
-6.847044926909305786e+02
-7.095254059066660375e+02
-6.450465147742954741e+02
-6.043021341235414639e+02
-6.083890614889378412e+02
-7.224297938734126774e+02
-6.473202331522454642e+02
-7.362939357181780906e+02
-7.045730586945786627e+02
-5.516161712647010518e+02
-5.502785637318982026e+02
-6.882801964267005133e+02
-6.030185184357399066e+02
-5.717047552710009768e+02
-5.876402063199089980e+02
-5.857107633933045463e+02
-6.653083081038289492e+02
-6.078989290449870850e+02
-5.240790132266268984e+02
-6.740320967389874340e+02
-6.621571520491260117e+02
-7.146858136648020263e+02
-6.264373318715174719e+02
-6.897283313378629828e+02
-7.416584668601140038e+02
-7.172684101528781184e+02
-7.484106555623136501e+02
-6.679806067352345735e+02
-6.550897561676177929e+02
-7.031860033584758867e+02
-7.190889045615077748e+02
-7.365830958507267496e+02
-6.235180090982225920e+02
-7.726944369968374531e+02
-7.305353334244365442e+02
-6.810249591462040826e+02
-6.924873586890788602e+02
-5.390132540929937477e+02
-6.275012057260054235e+02
-4.671343908624995152e+02
-6.694746151172615782e+02
-1.608938717068250298e+03
-6.917431634769726543e+02
-6.332072004569162118e+02
-6.792997095685202567e+02
-5.626722221403140338e+02
-7.562309235195001520e+02
-7.858981822420862500e+02
-6.363216420060340397e+02
-5.860558287861621238e+02
-6.731544129467462199e+02
-7.667415782648432696e+02
-7.178062647675507151e+02
-7.065940687831354126e+02
-8.312089787859217722e+02
-7.890095034393086735e+02
-7.162460033742332826e+02
-5.432401860599518386e+02
-1.481993540846797259e+03
-6.783110423418444270e+02
-6.903112745446238705e+02
-8.361053295929923479e+02
-1.142304152105959247e+03
-6.741909821001629552e+02
-6.688410953297455990e+02
-6.603187225493608139e+02
-5.334441954159321995e+02
-7.589728980610605049e+02
-6.288814898118819201e+02
-5.628728148343362818e+02
-5.761022608146903394e+02
-8.123532284022901422e+02
-6.202608439773994178e+02
-7.438361422447967470e+02
-5.652974352406093885e+02
-7.001183287786269602e+02
-6.210280201799462247e+02
-6.334217169795581412e+02
-6.110456953257435089e+02
-5.989604366466917327e+02
-5.777415632275249209e+02
-6.789957647634141722e+02
-6.808036203669780662e+02
-5.646204504140147264e+02
-1.294105621990897362e+03
-7.143030088760484659e+02
-6.716316353806315647e+02
-6.694918690364004306e+02
-5.893851017326044257e+02
-7.001029664026759747e+02
-6.444269593317876570e+02
-7.582454664209120665e+02
-6.990661238885966213e+02
-7.179206134227606526e+02
-5.511747200032568799e+02
-5.589699582155159305e+02
-6.967700797139592623e+02
-5.037781128870789189e+02
-6.278097841663656027e+02
-5.209115894730590526e+02
-5.681821750855852997e+02
-1.594458226167778548e+03
-6.586255526411486017e+02
-6.323061039884480579e+02
-1.713072596460507839e+03
-8.113481981169843493e+02
-7.279295915025580825e+02
-5.177082848932179786e+02
-6.668632803122744690e+02
-5.724643619386126829e+02
-1.817434649817240370e+03
-5.505719014604293307e+02
-6.445353640066297203e+02
-1.278776855048121661e+03
-4.804799263012063761e+02
-1.923109849796099979e+03
-7.579236162453755696e+02
-1.695276951437993830e+03
-5.094789083655580271e+02
-1.740868024442820570e+03
-1.093314272799685227e+02
4.362322780024015856e+02
-3.595941681253757451e+02
-1.587651686629076721e+03
-8.476081537172176468e+02
-1.625697975466738853e+03
-1.538455617688883876e+03
-8.052509509329482853e+02
-7.198657555119646645e+01
-5.423672599662412495e+02
7.408938277519250732e+02
1.338792525849822823e+01
-5.081874435637854504e+02
-6.301670523478493351e+02
-9.918565717466146907e+02
-1.037478559903993300e+03
-1.373742747117592216e+03
-3.898504095934184193e+02
-5.344297426645755422e+02
-3.800539646896394288e+02
-1.538954508362597835e+03
-1.293315984708209498e+03
-6.959398560718914268e+02
-6.024354683519920854e+02
-4.487393674576366038e+02
-1.589669993999940971e+03
-6.231894562762670375e+02
-1.047575506527133712e+03
-4.355213423385060878e+02
-1.705082511853264805e+03
-5.098761225106507027e+02
-6.094082668742792066e+02
-5.942840857871606204e+02
-6.113043935851786728e+02
-4.513801792453891721e+02
-6.067479915279919851e+02
3.812981033293965538e+01
-6.081800444037863826e+02
-4.672078799100008837e+02
-1.405896455876836626e+03
-9.537359753085718239e+02
-1.043890634362769561e+03
-5.212948019639331960e+02
-1.815331234055860477e+03
-1.608122194804723449e+03
-1.323953960418009274e+03
-1.748126397720637442e+03
-1.476391675934595696e+03
-8.157476567554012945e+02
-1.378040280917100517e+03
-1.281720204271006878e+03
-1.654817054282151730e+03
-4.287734402460098408e+02
-6.324997047794189484e+02
-1.503477447833593715e+03
-6.351294418960911798e+02
-1.546328346279016614e+03
-5.151058419191903113e+02
-4.108527691320512076e+02
-1.491317594703049508e+03
-5.544886782831565597e+02
-6.516868548149534490e+02
-5.374702619412207696e+02
-6.294336394866622868e+02
-4.226871576219529061e+02
-1.496061670871779370e+03
-4.843333694128162961e+02
-5.342932570002091097e+02
-5.885525294859196492e+02
-6.098780878483070182e+02
-4.905948825462210152e+02
-6.248843065551479867e+02
-4.654386688363067606e+02
-5.734715193714376937e+02
-6.559012897291398758e+02
-4.951842008337083598e+02
-6.318707014768547197e+02
-6.254978494313652391e+02
-4.645495668790849777e+02
-5.343573273750853332e+02
-5.567004285850979386e+02
-4.991944099665003023e+02
-4.199314349956615047e+02
-4.667942885061443121e+02
-1.567655757443342054e+03
-1.632541002181603290e+03
-5.886864547467231432e+02
-4.647452140412017343e+02
-1.841307957878842899e+03
-5.131271850726477624e+02
-5.436058042649267463e+02
-1.514025706206902441e+03
-1.248985155589170972e+03
-1.922584265260007896e+03
-1.266276023724169136e+03
-4.889309175526464060e+02
-4.944025190114065254e+02
-1.784229446177004320e+03
-4.918311097053522190e+02
-1.759360432306477378e+03
-5.475719809437493950e+02
-1.443345886024615993e+03
-5.295897372997233106e+02
-6.104867660491538572e+02
-5.134858744542469822e+02
-4.759663809340463558e+02
-5.620917409965865090e+02
-6.069769851779534520e+02
-5.525581423487512893e+02
-1.760655095174839971e+03
-5.353249467387399818e+02
-4.722144306806065401e+02
-5.562874679828796616e+02
-6.027115733809603171e+02
-4.567645208383404452e+02
-1.825350830988974849e+03
-4.374332719342718860e+02
-5.952054990821787896e+02
-5.015774543665306737e+02
-5.043518830656505543e+02
-5.904791413118888386e+02
-5.418101742985708142e+02
-5.368489344349791281e+02
-5.456049468210869691e+02
-4.989709802149534994e+02
-4.828324392610588802e+02
-5.349682818758321901e+02
-4.740778940713087195e+02
-4.860690471111023498e+02
-5.290016928314064444e+02
-1.497225312346467945e+03
-4.475295112041414995e+02
-4.394684117961413108e+02
-4.140381843294441069e+02
-4.417688127749734122e+02
-4.403666691888879541e+02
-4.863091093228519526e+02
-4.451542812255909212e+02
-4.758141523770657955e+02
-1.274163623581181128e+03
-4.385574923738901134e+02
-1.167441599586190250e+03
-4.542455162685827190e+02
-1.252338319418217907e+03
-4.558189682124998967e+02
-5.056135577530521346e+02
-1.389219427768111700e+03
-6.103576326596216859e+02
-1.484260900280547503e+03
-4.383849782910092472e+02
-6.017306758643109106e+02
-7.030695956560407467e+02
-1.255452516937628161e+03
-1.581977033268759897e+03
-5.099235729105377573e+02
-5.206334694921511073e+02
-5.378578969046205884e+02
-8.204567891703484293e+02
-5.256189077677311161e+02
-1.547101810961488582e+03
-4.415266433526308560e+02
-5.172914856825221932e+02
-6.226956594004778935e+02
-5.327014219712179965e+02
-1.238057479899709506e+03
-4.499993963603711791e+02
-5.870981510143071773e+02
-5.593255696986603880e+02
-3.518697611675689814e+02
-5.363130383410423292e+02
-8.921664712499149346e+02
-4.990901868892620428e+02
-4.486784099669615671e+02
-1.432374047443273412e+03
-5.037944409699192647e+02
-5.767078087648364999e+02
-4.195019306290406575e+02
-5.556358925575325429e+02
-5.998428928083674236e+02
-8.611110668268345307e+02
-4.833751728314111915e+02
-1.142247737973181358e+02
-4.708797895451298245e+02
-4.581054749504015149e+02
-4.994750020066500156e+02
-5.430870751827221738e+02
-7.874033192705071542e+02
-5.759851406203484885e+02
-4.613833865204890117e+02
-6.251801685134504396e+02
-4.862424834690895636e+02
-5.066124057584565890e+02
-4.972537007203705457e+02
-4.413256757192543773e+02
-6.051525994513483511e+02
-6.098197290914481528e+02
-4.758496255393084766e+02
-4.413541575248907520e+02
-2.987688882348749075e+02
-3.474960218240905192e+02
-5.416546495527996967e+02
-1.344457012130874773e+03
-4.979844068929686500e+02
-3.850016895619616548e+02
-1.126619169973781254e+03
-1.450069842803830397e+03
-1.242716543582737813e+03
1.763314653832793510e+02
6.953222988001903104e+01
-5.990000527656802660e+02
-9.580751400612405178e+02
-1.767175097345683980e+03
-1.366416354945619560e+03
-5.169894067293063245e+02
-5.492944638077399304e+02
-1.729173510359104284e+03
-8.087664158582538221e+02
-1.493563841627528745e+03
-4.084672676324247504e+02
-1.547367503683323093e+03
-4.369861911122334277e+02
-5.501771934738914069e+02
-9.874998079269331583e+02
-6.969707745535233698e+02
-1.605091812215480331e+03
-5.412125279775282252e+02
-6.085483375973667535e+02
-9.479417985939214759e+02
-4.353938503014204002e+02
-3.867321502034083096e+02
-3.712608405371030358e+02
-4.440051278899416616e+02
-4.336650344975513462e+02
-4.050074534606088150e+02
-3.939962413298961224e+02
-4.624815883505360716e+02
-5.518672409850745453e+02
-4.275250978528375754e+02
-3.922340165072457125e+02
-5.027998431340745356e+02
-4.161368975814540363e+02
-4.056325280016943680e+02
-5.033665616881448841e+02
-4.695769208371965533e+02
-5.497579244981238844e+02
-3.679415726262994326e+02
-3.768357303580082771e+02
-4.904714172084305233e+02
-3.391099992536058494e+02
-4.607981165957685334e+02
-3.263712952813926904e+02
-5.719012304152379329e+02
-6.662920320666311227e+02
-5.541345708323726740e+02
-5.798729499753853815e+02
-4.468918471754295183e+02
-5.688709224692381667e+02
-6.272504660281746283e+02
-4.437543722076695758e+02
-4.280575559991555679e+02
-5.729566997038223235e+02
-5.510541748503648023e+02
-3.710416154541920832e+02
-5.810228207904295914e+02
-4.218211042585903101e+02
-5.351343415363468239e+02
-5.566901244751950344e+02
-5.471547020727325616e+02
-6.350557384591729715e+02
-4.878457862004107142e+02
-3.400674539011798174e+02
-4.851817387770509526e+02
-4.962412113947013950e+02
-5.321293857421651410e+02
-5.848488668899559570e+02
-6.135900782323202520e+02
-4.914884513409035094e+02
-5.783445308214334091e+02
-4.290186771693068977e+02
-5.255028321040384753e+02
-4.385249298826669246e+02
-4.871781110483934754e+02
-4.580221199695322980e+02
-5.959672994363800171e+02
-4.533998711675860704e+02
-4.309419609533981088e+02
-4.207420825302253320e+02
-5.345521819925248792e+02
-3.524285367818276882e+02
-5.286368954616885958e+02
-3.945267644598278025e+02
-3.333917734945819120e+02
-4.359706363898981181e+02
-3.404703081690535100e+02
-4.093067045297080995e+02
-5.280872190753987070e+02
-3.748942484595851852e+02
-4.658288799248712166e+02
-3.106384941452532189e+02
-4.294413829939476273e+02
-3.835225576802296814e+02
-4.461768939835244510e+02
-3.188088740069379696e+02
-4.593500129882097553e+02
-3.528044426565782601e+02
-4.221371133062631316e+02
-3.898230227265196390e+02
-4.664585985114654818e+02
-3.649934261139108003e+02
-4.830520055507867028e+02
-4.353263542854725756e+02
-3.626553349204087340e+02
-3.933367797039470020e+02
-4.321932301351791921e+02
-5.096872504191273379e+02
-5.195763896849325647e+02
-4.048601598043393892e+02
-4.381995981878155817e+02
-5.932765080154313182e+02
-5.280879216702408030e+02
-4.595016605007502335e+02
-4.760402795946708352e+02
-4.808475342133536969e+02
-5.189707772848149716e+02
-4.954821508603790789e+02
-5.054460274438399097e+02
-6.112395364025016988e+02
-6.297252656476762240e+02
-6.188046589267918307e+02
-5.300121196857785435e+02
-5.908048396573785794e+02
-6.041782414553609897e+02
-5.514199912668270827e+02
-5.081145051983634175e+02
-4.437735484667628043e+02
-6.432139022071701220e+02
-6.247354824658393682e+02
-5.605511141538503352e+02
-5.649335980474808139e+02
-5.410418525294536494e+02
-6.353163592818453935e+02
-5.690226420535807392e+02
-5.299314755955058445e+02
-4.886200392110368398e+02
-6.749464882900715565e+02
-6.028447853923048569e+02
-4.378065758618432142e+02
-4.969831426371171688e+02
-4.634209558840152567e+02
-3.917406748620384178e+02
-5.560665240465933721e+02
-4.530133530491462466e+02
-5.811495004429193614e+02
-5.316288601263690907e+02
-5.160020331500519433e+02
-8.229576211844295131e+02
-6.364092864252667141e+02
-6.716667751910788411e+02
-5.618000217724870708e+02
-5.998400138544476476e+02
-7.104012785847269242e+02
-5.654090776661918198e+02
-6.097201930872046205e+02
-5.243925486570767589e+02
-5.118721595106786708e+02
-6.459022609670701058e+02
-6.100530970640329542e+02
-5.241154198874270378e+02
-6.196845983484678300e+02
-6.205267495809131333e+02
-6.393977768522531733e+02
-5.224754536125476534e+02
-6.173409376171292706e+02
-5.754165823819527077e+02
-3.922034672266232178e+02
-4.903045233498502853e+02
-6.251374621157593765e+02
-6.335186442597245104e+02
-4.897873821836598154e+02
-4.953950204351705224e+02
-5.737887306254853002e+02
-6.230070967567830849e+02
-6.121651808864839950e+02
-6.201885992207137406e+02
-5.138499121871951729e+02
-6.098722737836438910e+02
-6.388866295680626308e+02
-5.889194220935198700e+02
-6.368067695397091939e+02
-5.651586001797173822e+02
-5.231863860481614665e+02
-5.133223710410946978e+02
-6.604753997925705562e+02
-6.434404771503678830e+02
-5.388735972547912070e+02
-6.831170927339290984e+02
-6.653251144364991205e+02
-6.429706253519281063e+02
-6.872364826104125086e+02
-6.585252620480887344e+02
-6.400582839790156413e+02
-6.924532861377916788e+02
-5.806283505421500877e+02
-6.736365826014867935e+02
-7.104195395514391294e+02
-6.894287977513500891e+02
-5.362723644361179822e+02
-7.809468577167373269e+02
-6.018656376784844042e+02
-6.822440676504561452e+02
-5.789209681992537071e+02
-4.610345665274156772e+02
-5.115915837419282184e+02
-6.659598915071478586e+02
-5.701257795754131621e+02
-6.942568263918261664e+02
-6.566940707070007193e+02
-5.510376194541306631e+02
-7.074800354704606207e+02
-5.802404237740256576e+02
-7.071341878082182575e+02
-6.161986501142919224e+02
-5.570831679322895980e+02
-6.574408791333047475e+02
-5.117378271951044439e+02
-6.430234676411088230e+02
-5.623710457626007155e+02
-5.409132260995338584e+02
-5.150953796331100421e+02
-5.501303664702198830e+02
-4.079584547836007573e+02
-6.727328554574218060e+02
-5.693123309526145022e+02
