-2.285010884841210100e+03
-6.672626836006301119e+02
-6.353803846327072051e+02
-6.321308237736529918e+02
-7.974744812402889238e+02
-6.631068458406800801e+02
-7.551110238008908482e+02
-6.241563926598748822e+02
-7.900139564711718094e+02
-1.018896215709752369e+03
-8.742242558319910586e+02
-1.065801998987961042e+03
-2.168718718363234075e+03
-1.464286054382381053e+03
-9.193643548268391896e+02
-8.680612324360408820e+02
-9.052394375431672415e+02
-8.740424789480886147e+02
-8.957301881187638628e+02
-1.134275097480173145e+03
-8.555943215050218669e+02
-9.401147192741977960e+02
-1.062019811794223415e+03
-4.653552245921925419e+02
-7.762395281253570829e+02
-9.908844319081350704e+02
-1.146477487315070448e+03
-1.095177357028740971e+03
-1.234682222096542091e+03
-9.890205258181300678e+02
-9.147467400975821192e+02
-8.672679516624419875e+02
-8.257578271560342955e+02
-9.496308210049670606e+02
-8.234069320483224601e+02
-1.034136462312476397e+03
-7.522184783512232116e+02
-8.304302277270717241e+02
-8.363292169668585530e+02
-8.180394597812112352e+02
-8.173659041476976199e+02
-9.129404802687053007e+02
-7.982186359531175412e+02
-7.387756987865107021e+02
-9.355541578590848530e+02
-1.071466479777803215e+03
-1.095515374040159941e+03
-9.551641964162481599e+02
-7.734705048098267071e+02
-1.236242080096424615e+03
-9.055007964975637833e+02
-1.211421058699249670e+03
-1.170328713679547263e+03
-1.525381614612903149e+03
-1.157171098096877358e+03
-9.116001433743100506e+02
-1.375583860472734159e+03
-1.360744288589462030e+03
-8.343844026897172625e+02
-9.084823221217934588e+02
-1.136423234167328246e+03
-1.214577494469069507e+03
-7.770883842711507441e+02
-8.087252565329075651e+02
-8.029312347747313652e+02
-8.319029629196954829e+02
-7.722709999712277522e+02
-7.355893598941011078e+02
-7.859464927109560222e+02
-8.964027367000849154e+02
-9.245305639574936549e+02
-1.017732965134331948e+03
-8.693242708962424103e+02
-8.371615669372849879e+02
-7.005609343293157281e+02
-8.432364596746507459e+02
-6.405072169262783746e+02
-6.968381645494628174e+02
-8.751004930736497727e+02
-7.780338817970227865e+02
-7.475485624557398978e+02
-1.243726453590348683e+03
-8.999309631386689716e+02
-9.477136464312075077e+02
-1.000563758854328967e+03
-1.090840187770984585e+03
-8.167560007681626075e+02
-7.101772222049822858e+02
-7.174811666342932313e+02
-1.158772968468383624e+03
-9.435046081235623205e+02
-5.861381842842121159e+02
-1.024936768433276939e+03
-8.635857623535183620e+02
-7.107929952509272198e+02
-8.104719450231972360e+02
-1.348975118275915065e+03
-1.023834365330549986e+03
-1.069742157708127479e+03
-1.217851944480600423e+03
-1.265461774501038008e+03
-1.155229847286582981e+03
-9.794860789818568492e+02
-8.796387331323131775e+02
-7.842293841814541793e+02
-1.019225272275825773e+03
-8.986965172030799067e+02
-1.578222278568618776e+03
-9.537991954116296256e+02
-1.090875531894657797e+03
-1.116178334318550924e+03
-1.518892043265009761e+03
-2.637067477668462288e+03
-1.968623160996230126e+03
-1.254024755648079235e+03
-1.418831613136210308e+03
-1.491866205315355501e+03
-1.200740200760182461e+03
-1.600842275676684494e+03
-1.142280511683518853e+03
-1.083214331190012444e+03
-9.113262732009884530e+02
-7.488593840114414206e+02
-1.143501031504921002e+03
-1.662155482640130003e+03
-1.291753126434425894e+03
-2.230141182407921860e+03
-9.814131883889026540e+02
-1.210891032215698488e+03
-1.387708445537274429e+03
-7.935215472278977131e+02
-1.243566833504452006e+03
-1.929467113371532605e+03
-9.624927165218657592e+02
-1.614313300756778744e+03
-6.874981396956104618e+02
-6.808053179578886329e+02
-8.586297329420334563e+02
-7.841888692296472527e+02
-1.239961434438989727e+03
-5.867250111960219101e+02
-5.996844685365139185e+02
-1.492786819591278572e+03
-7.701381192509055609e+02
-1.011622068390358550e+03
-7.203853740916616744e+02
-1.036448359552814736e+03
-2.799108975237818413e+02
-5.538161816151482526e+02
-6.285430103359454961e+02
-5.408165746655870407e+02
-1.586240749737812166e+03
-5.868561808895588001e+02
-6.638494741686653242e+02
-6.352301508080385020e+02
-4.119241525987356454e+02
-6.426381017183501854e+02
-9.319789748792678665e+02
-6.596864970135376325e+02
-1.237251181756250389e+03
-1.105973747987998195e+03
-5.675379850461762317e+02
-6.606884203191178813e+02
-1.040892246748652497e+03
-6.149582008261209012e+02
-6.229043984461509353e+02
-8.255936083044579163e+02
-9.727313115622322357e+02
-7.258288975771445166e+02
4.151484253289706885e+02
-6.046321424329821639e+02
-2.834643747539096239e+02
-6.677061570341159040e+02
-6.463605547583021007e+02
-6.419409581019649522e+02
-4.710253834695712385e+02
-9.913665457738536588e+02
-1.344051076601521117e+03
-4.103576188987841533e+02
-1.907303198082385279e+03
-4.782511347604420848e+02
-1.071859491612966849e+03
-6.566170635253215551e+02
-5.106632690104614767e+02
-1.253257505910798272e+03
-1.225895655848221850e+03
-4.912717477562592876e+02
-9.480185202520622170e+02
-6.028327607123649159e+02
-5.833809896619862911e+02
-1.078259665382330240e+03
-1.149625040405084746e+03
-6.110169413247712100e+02
-6.195001950441310328e+02
-7.514376562642964927e+02
-9.880077135203882790e+02
-5.369950624003802204e+02
-7.442052201468840167e+02
-1.403750820438346864e+03
-7.598688143351280360e+02
-1.888840198016333943e+03
-7.365673233331700658e+02
-8.450209075432755981e+02
-4.386100501782672154e+02
-8.788772790141267706e+02
-6.525412239359504838e+02
-1.044541172534685074e+03
-6.351245173873817293e+02
-6.117851144014268812e+02
-2.662620030061780199e+02
-1.175365409004448338e+03
-7.337766252185687108e+02
-7.916088261029294699e+02
-8.771823831910134004e+02
-1.591104658791002976e+03
-8.047281178950977392e+02
-7.892572565639036384e+02
-8.848962993529792129e+02
-5.352239089113838872e+02
-1.055712564395584423e+03
-5.185439391526085728e+02
-1.326729532519113263e+03
-5.652314498410054284e+02
-7.121286004966349310e+02
-5.805680024600972047e+02
-4.959678105715231027e+02
-7.298207217097224202e+02
-4.823861050816909142e+02
-4.779354405264218144e+02
-6.085751761321778304e+02
-6.651486573552448363e+02
-5.088609937799046747e+02
-6.470806798786361469e+02
-4.801338254234634064e+02
-4.644837977802581008e+02
-5.827471339837818505e+02
-4.691810697564027919e+02
-7.524831191114146804e+02
-5.784487539965322185e+02
-6.737534288063841359e+02
-7.042235248675334560e+02
-3.413952097131084997e+02
-5.759485944904962480e+02
-5.978820805867842409e+02
-7.258534596433186152e+02
-3.891008086266317036e+02
-5.533382137194150800e+02
-6.574598883092115784e+02
-6.200372532979640710e+02
-3.739497779704479399e+02
-4.391083666477378529e+02
-7.191336298683181667e+02
-2.703331895584803988e+02
-6.177889212532369356e+02
-4.612640116043260150e+02
-7.716930442952528892e+02
-4.039302279014232795e+02
-6.777141235710550973e+02
-4.905268270560547421e+02
-5.669398565035155571e+02
-4.673367439773522278e+02
-5.256664052254549233e+02
-1.703146875119102560e+03
-6.253334132582739358e+02
-7.135019258111485669e+02
-6.455199780738714708e+02
-5.631359948246590648e+02
-3.643540525099678575e+02
-1.254869516840024744e+03
-5.456880868491415413e+02
-4.883439815457879831e+02
-1.296302603982300070e+03
-5.443240029139514036e+02
-7.321169057338601078e+02
-4.504613345371278683e+02
-1.373819573457374418e+03
-5.784070730211948330e+02
-5.087522600184427120e+02
-5.291236411706905756e+02
-5.642470212125326725e+02
-6.230247348334032722e+02
-4.894717190119624775e+02
-3.456667001672788047e+02
-1.120829767909571501e+03
-5.947845282897928882e+02
-1.529295169613548069e+02
-3.821695237946486259e+02
-5.242227101871920922e+02
-4.412393054786136872e+02
-1.652847339631031673e+03
-3.463737131380492542e+02
-3.818455815733274221e+02
-4.027743447777057781e+02
-1.132021594802758244e+02
-5.550378057139015482e+02
8.748184537653457937e+01
-5.188393293362400982e+02
-3.014867831287004947e+02
-3.695759362640437757e+02
-5.765759483581130098e+02
-5.238282256479133139e+02
-6.294800737160576318e+02
-8.386328081264625780e+02
-6.404618840625936400e+02
-2.171059967655730532e+02
-6.407306240524754912e+02
-6.935498281064108141e+02
-3.201975272661221652e+02
-4.097997060809848335e+02
-8.945896138320651971e+02
-5.388094959542552260e+02
-5.510662816571129952e+02
-6.718631768821188643e+02
-3.334186565573062353e+02
-4.376727504091716128e+02
-1.669463063896502263e+03
-3.175651501327672577e+02
-5.176720915736912048e+02
-3.863358766834381299e+02
-2.939059015067242626e+02
-2.297731218321143274e+02
-3.659771274133677252e+02
-4.583125106506109887e+02
-4.003538444464668373e+02
-1.318515557485948875e+03
-1.223208808021139021e+03
-8.853543776732359447e+02
-1.840436445726781812e+03
-3.825045833404908535e+02
-4.516439098584208409e+02
-4.621164625428552313e+02
-1.026188089170143030e+03
-3.380158465817214051e+02
-2.572692660362143897e+02
-4.331143886796070319e+02
-1.230952939093190253e+03
-3.448675022343632008e+02
-8.311948678193194837e+02
-9.793700359929438264e+02
-3.810583316795625706e+02
-3.612681318939660287e+02
-2.895587047569085826e+02
-3.296497233878827728e+02
-5.442369431244260340e+02
-9.833696392697197552e+02
-7.095242078822882377e+02
-5.676273854305129589e+02
4.528491097135038501e+01
-2.823134666802221773e+02
-3.247867363420648985e+02
-2.962673398744103110e+02
-2.438578626331383248e+02
5.480627264939952283e+02
-2.792282404418040755e+02
2.732905631349080977e+01
-2.829024475073900362e+02
-8.227257746069269615e+02
9.198257146164279447e+02
1.070377290681639806e+03
-9.891555127429919594e+02
5.851556050258079722e+01
-1.628675003758777393e+03
-1.300362928816335170e+03
-1.640214482324521441e+03
3.839395232268790892e+01
2.815538567111525481e+02
-4.577485948599623953e+02
-9.424900988522733769e+01
-1.225084341679861609e+03
-4.155137231547486181e+02
9.480519947424126030e+02
-4.597894338490224300e+02
-7.545703065379924510e+02
-5.290308741821701233e+02
-4.404547378592694713e+02
-5.683954274198092662e+02
-1.024121305300750464e+03
2.158279117534083014e+02
-4.466355809321403285e+02
-3.372885867530711721e+02
-3.805390155299451180e+02
-3.303753357509376087e+02
-4.235709368050145827e+02
-2.709602290458230414e+02
-2.201526715091072219e+02
-3.633911329526448526e+02
-3.807891671076031912e+02
-4.251013109465818616e+02
-3.575551479138850937e+02
-4.843149601206810075e+02
-4.811133545811528620e+02
-4.317246468345628614e+02
-4.474746382322348381e+02
-3.921127502901688331e+02
-4.031167886932462352e+02
-4.394002837348618868e+02
-4.474537928907385549e+02
-1.367322335055767326e+03
-1.131443754277142489e+03
-4.707410627318419074e+02
-3.139397188951812723e+02
-2.351468272176889229e+02
-5.429169872154049017e+02
-2.819393466866978315e+02
-4.782996090567632450e+02
-7.244805046174803920e+02
-2.494319281727495650e+02
-3.088787797788617127e+02
-1.710389798510028413e+03
-1.226847395404704685e+03
-1.622253344874728782e+03
-3.204250164097679772e+02
-3.083679034112295767e+02
-2.591962675966415759e+02
-3.369422298923075800e+02
-1.150916131368922635e+02
-1.070051975526683009e+03
-4.720940801584070527e+02
-2.874569188057688507e+02
-2.634430861135272153e+02
-1.578960770311058241e+03
-1.058511561831981908e+03
-1.171064590481276127e+03
-9.624483554009713089e+02
-7.428119710828935922e+02
-1.789680178288337402e+03
-2.646284913727221806e+02
-1.189924946435249694e+03
-7.348420739805716266e+02
-1.164554136969675710e+03
-7.540472747023268312e+02
-1.196191308347642234e+03
-1.118078936982324336e+02
-1.037498497880320656e+03
-1.254498548890798247e+03
-9.273352272993837175e+01
-6.647745730946967342e+02
-7.138200621924164579e+02
-6.100851742723310736e+02
3.319091417013897853e+02
-6.609062384547530655e+02
-1.119371512465206251e+03
-2.015871674210593483e+02
-7.659264002824990030e+02
-1.525443018236273929e+02
2.298181489369688109e+02
-5.803781641684653323e+02
-7.466667300961478304e+02
-8.628144422349303113e+02
-9.503077850693250639e+01
2.228200576999363705e+02
1.192579066785731925e+02
-3.918921731824258927e+02
-3.094281169409558743e+02
1.322181856480345914e+02
-3.416426512188202764e+02
-6.089087933818238696e+01
-1.511731108271657718e+02
-8.956562091044550016e+02
-7.675245598829084201e+02
1.156850979588232597e+01
-3.711426117589650744e+02
1.987032863010592791e+02
1.666508439017043202e+02
-3.101024514660042541e+02
-1.147468872321284380e+03
-1.758763246801195237e+02
-1.162558531492428983e+03
5.417421002492748130e+02
-6.126448774708559313e+02
-4.260541534313032912e+02
3.882226628566921818e+02
8.112057976462617148e+01
-5.802892731039710270e+02
1.407374363366632224e+02
-4.072910358880561148e+02
1.730483584233560634e+01
-1.018872872377349381e+03
-6.481233226052139571e+02
-8.095131239401760013e+02
-8.339738694220785646e+02
-5.356455651180231143e+02
-1.166542357724060366e+03
-9.638642010412431773e+02
-1.040224861359232136e+03
-9.303055757431419579e+02
-1.224137158483652229e+03
-9.055801093061332949e+02
-1.940361543063808085e+02
-1.277923887443681224e+03
-1.039906736247078470e+03
-1.323295016717970839e+03
-7.908073548156905872e+02
-9.879402659544464314e+02
-9.031899470085377288e+02
2.690788581467988934e+02
-9.719881285956329293e+02
3.780467358992037248e+02
-8.007557696146028547e+02
-6.104365029219909502e+02
-8.041271476978113242e+02
-8.129717584319176922e+02
2.925978452293460919e+01
2.998334346407867201e+02
-9.183604598917818294e+02
-4.845212117084428201e+02
-4.096252628134967608e+02
-8.650540846447810281e+02
4.953752287944392378e+02
1.559356321585162846e+02
7.018945926880099933e+02
6.335027530762326933e+02
4.730352753633958400e+02
2.661955698751888804e+02
-4.432454211691597266e+02
4.134682378328849381e+02
6.715957294923634890e+02
2.306975788153880558e+02
9.836372082505281469e+02
-2.966118777428960129e+02
-1.127488214582465616e+03
4.602797658700247325e+02
-9.596507921272041131e+02
-1.132835870850065476e+03
7.780748302437425536e+02
3.565691660185038927e+02
-4.594678638990202444e+02
4.917468114326810564e+02
-5.353975790948059057e+02
-8.723563034646299741e+01
4.151385111708192426e+02
-5.315671956323033100e+02
-5.109151473956941345e+02
-9.488080629806918296e+02
-8.902608904651883677e+02
-1.252322848859180112e+03
-1.068252111728362479e+03
-1.050858541744093827e+03
-4.210944433124667512e+02
-5.205400094294071778e+02
-1.166859032423209328e+03
-1.897365185390011391e+02
-9.111387586925288815e+02
2.386028448862433322e+02
2.109705928145115195e+02
5.259705392858497817e+02
5.850264228146586447e+02
-8.928022085325809485e+02
4.475457484188011676e+02
4.084973517232349423e+02
9.859094911215038337e-01
5.393085380973759584e+02
2.792838309320175085e+02
4.106214921602539221e+02
2.150483036227724369e+02
6.331013434528794050e+02
6.841998246328901132e+02
6.942147241425029733e+02
6.236143449793098625e+02
9.101836870215328190e+02
5.773307796466519903e+02
-9.883694279462336851e+01
7.216070330197776457e+02
-3.924553282789175057e+01
-4.963920094993562202e+02
2.609965816182281060e+02
5.658819724115983263e+02
5.561945065793489675e+02
5.793341152205102844e+02
2.731870903781294260e+02
4.104231123061408653e+02
5.567156161231796432e+02
4.108097898413276425e+02
3.917062837775039270e+02
5.371488427862615254e+02
2.821244605794723270e+02
5.249151738631029502e+02
4.331371343765182473e+02
5.001017488938922497e+02
8.896801438166761500e-01
1.162704512414569820e+02
-1.013151331973526112e+03
-1.085280994150069773e+02
-3.774632040524595595e+02
9.559439539087863977e+02
-1.209914137399460742e+03
7.884952880105948907e+02
6.222896045505697060e+01
5.263714003517037554e+02
3.454072555158282398e+02
8.060617952193313158e+02
-7.785390213824250623e+02
-4.820329686048060580e+02
5.369607798872721105e+02
-7.415688084860821618e+02
-2.139134718164631010e+02
4.815285803695073810e+02
-3.851635204935137722e+02
8.043124644222208417e+02
6.933322914587745345e+02
6.765828320821977115e+01
-3.953349726493071330e+02
-6.550245684128863104e+02
3.632636829702078103e+02
9.421608907492009166e+02
6.311638338322294430e+02
6.636321382725132025e+02
1.022195587805114769e+03
9.980572979473384976e+02
1.093562096502051190e+03
1.022962649878481784e+03
1.230129592876503239e+03
-6.338756586764463918e+02
1.723413321152829099e+02
-7.235693676052278533e+02
8.517189064673473240e+02
5.558467539290924151e+02
1.190283885420471961e+03
7.154290414955967208e+02
-2.487435222028054227e+02
2.570836540075787298e+02
2.200060751483613330e+02
1.030785785089443749e+02
3.726967537164603641e+02
3.757225813693740974e+02
2.996360737790255371e+02
4.188559765174294398e+02
4.723578150797895887e+02
2.281092220935918817e+02
1.755644534674887609e+02
3.126478656388902095e+02
1.906164509733897034e+02
2.659761527220084645e+02
4.001473002900215192e+01
5.668621870082581609e+02
1.489523963911519786e+02
3.223041223958119872e+02
2.475240315193066749e+02
5.768726048446125105e+02
1.647281463610625565e+02
1.059828043042628565e+02
3.231574704835606440e+02
2.633293149612007369e+02
2.745291841186370334e+02
3.514020389585578528e+02
4.211847856528410716e+02
1.741594255833396687e+02
1.327372138718132817e+02
2.730910533714755388e+02
3.512591064070937250e+02
2.181492227234763845e+02
3.813685777375173416e+02
3.977872118618745390e+02
7.206970367266957567e+01
2.749502009160697753e+02
3.272701854951137648e+02
2.948811075250139311e+02
4.825914850218431411e+02
4.160936744674054353e+02
4.959607337699732170e+02
7.532948816298566044e+02
7.562484121319971564e+02
9.231186205638148294e+02
7.572524397998315635e+02
1.009520993088640807e+03
8.147103952541528997e+02
6.462273831118742464e+02
7.719109097537905200e+02
6.136083280107268365e+02
5.528980173959871536e+02
6.187051402958179551e+02
5.652682299849400351e+02
3.723612612994925257e+02
2.426678498914796478e+02
5.210113426464263284e+02
5.576431223851285495e+02
6.266360185287287550e+02
3.650581591067627869e+02
4.057157474113522539e+02
5.091176308011722540e+02
5.457642596352975488e+02
4.632995252171552920e+02
6.088771294625372548e+02
4.583689933623367097e+02
6.007910291354415904e+02
7.168980208016404276e+02
5.366996052293828825e+02
5.506123511021868353e+02
5.417880023453476497e+02
4.235081500149052545e+02
6.417374069880455636e+02
6.837771487161583082e+02
5.517207795111154383e+02
7.131628900958874056e+02
3.589452414551053039e+01
-1.401540078236160980e+03
4.813274534440733987e+02
-8.906805743276804606e+02
-2.050348564699405642e+02
1.657271316806277355e+02
4.203591918753903087e+02
6.404745286766395793e+02
6.295151322763551889e+02
6.700388732228421986e+02
7.929859203057194463e+02
8.373622759166646574e+02
1.024568817174812921e+03
9.066608472703137522e+02
8.324739239022014772e+02
8.762207021548952071e+02
6.449194755215850137e+02
7.349184066241833762e+02
7.638936763332669670e+02
9.389401571130900948e+02
1.031723159023858898e+03
9.241306712106968462e+02
9.129065769833478043e+02
9.184224557011727939e+02
9.325790296603207707e+02
9.367675744597105449e+02
1.068233233642049527e+03
9.630792684843811458e+02
8.810521995151219699e+02
9.938259576958275829e+02
1.046950356012551993e+03
9.605021783717406834e+02
1.018671390084831728e+03
9.835144362226385510e+02
1.087211771428208749e+03
9.371282120031063414e+02
9.134172685323861742e+02
1.075103886525685539e+03
1.085846507349059266e+03
9.814900665749712516e+02
1.021090571539880443e+03
8.410370763103858280e+02
8.974615623335596410e+02
8.272990096215332869e+02
7.636636984315121026e+02
8.164162558553342706e+02
7.581049273070437948e+02
7.682777422457822922e+02
7.426095424554125657e+02
8.351860210132028897e+02
7.075443337030940256e+02
8.694754710561346656e+02
8.293359476262960470e+02
7.824318684879167449e+02
7.099195786029268902e+02
7.213901551375142844e+02
6.996805924127103253e+02
7.068085091464033667e+02
6.423998010531455520e+02
5.727932911186547926e+02
8.674069767983662587e+02
5.566979247469473648e+02
7.470388766748504850e+02
8.704025970406283932e+02
7.807008228972848656e+02
6.633364795515985861e+02
6.386001678568443367e+02
6.882062983090366970e+02
7.169768976054529048e+02
7.027020332127034408e+02
7.036516618887987988e+02
8.458912676534736192e+02
9.529636374369681562e+02
8.246567840509926555e+02
7.968111395287303367e+02
8.165248215243407230e+02
8.683409242986361960e+02
8.609788251105819654e+02
9.610622419313717728e+02
9.124758826823856452e+02
8.484934473486641764e+02
7.554826747239569613e+02
9.901064908325467968e+02
7.915439314588918478e+02
9.493041445328786949e+02
7.834118927781411230e+02
8.948903910838438378e+02
9.338784079279471371e+02
8.863520273514966448e+02
1.009615746732215825e+03
7.688867976073047430e+02
6.556497564943983889e+02
7.202625095678461093e+02
1.007322088943497874e+03
7.786582223992797935e+02
9.024493811267622050e+02
7.869866973184548442e+02
7.595567840313329953e+02
8.543592628458656009e+02
6.380070333913683953e+02
9.738050875776539215e+02
7.620955211914719030e+02
7.343105222920064534e+02
8.337983744929565546e+02
7.039072140078272923e+02
6.880158680566975136e+02
6.596243090323273464e+02
7.427862801119515552e+02
7.640091632361812799e+02
7.291075237895607870e+02
6.048090147848276956e+02
8.019878045311377264e+02
8.071531669561588842e+02
7.581257010181986971e+02
5.959919260930274731e+02
6.026219484755777103e+02
5.057322120056406334e+01
4.220250173008926140e+02
6.072314376308319197e+02
2.503951232100232858e+02
8.344076764610331338e+02
6.203573750987799258e+02
5.103323763922248304e+02
6.289911909982279212e+02
2.706772236566969809e+02
6.917265716199398184e+02
-3.165950647967501297e+01
7.139601024691934299e+02
9.080903341349950608e+01
5.688887477141722684e+02
6.804549279476144648e+02
6.217573907249494596e+02
4.194435660852277579e+02
6.856853842972943767e+02
6.394183370437696112e+01
6.573883719615535028e+02
7.224850375479928744e+02
6.372735452136485037e+02
2.870079679311352265e+02
5.087673754413124811e+02
2.579058425513142083e+02
9.648635014207684435e+02
6.312332463484982554e+02
5.258902488867894363e+02
8.791508616796488695e+02
8.276992626554093704e+02
8.073724063722119126e+02
8.507109544784317450e+02
4.942823446591794436e+02
-8.090222576495150406e+02
7.797400318784688125e+02
7.041163420546132556e+02
7.989911350881703811e+02
6.837947389971180883e+02
8.462442983920066126e+02
6.846488481457657826e+02
-7.520821432251727856e+02
6.645031781852870836e+02
6.905795167465040549e+02
9.407882269448037960e+02
7.636571030145023542e+02
7.991634049866804617e+02
7.483228431329928299e+02
6.947123037481586607e+02
8.359402893648009467e+02
7.503964763039919035e+02
8.926690813823410053e+02
7.938269449405668183e+02
8.296370666531335019e+02
4.739050052650668476e+02
9.088578255832284185e+02
8.737684532220566780e+02
8.390100879330606176e+02
9.724422130474541746e+02
1.029720272721627225e+03
9.117300412423372791e+02
9.483991522476934506e+02
1.071650857614429242e+03
9.830505220342909070e+02
1.115360414744113086e+03
1.115443436354999449e+03
1.129899612010821784e+03
9.557808153408609542e+02
1.186796112567812315e+03
9.700689061892555856e+02
1.167659421663388457e+03
1.298894950300186338e+03
1.152155226548557948e+03
1.212154102906684102e+03
1.267918641348924439e+03
1.149562028927945448e+03
1.233901253675539465e+03
1.114580229193333480e+03
1.061044883029393304e+03
1.139737197842091746e+03
9.901244290815366185e+02
1.118500979710843922e+03
1.162480133507777964e+03
1.115926931967355813e+03
1.215910777982547643e+03
1.275392547925692270e+03
1.140137258087233022e+03
1.081284270511375553e+03
1.041523012463659597e+03
1.047580234526465347e+03
1.202718603182305969e+03
1.131217528013549099e+03
9.406761656251316026e+02
1.111230862030161916e+03
1.238162808157956761e+03
1.093079036028211249e+03
9.720476652378744120e+02
9.086250202605140203e+02
1.035660349519959937e+03
1.081009282716393272e+03
9.538991844394793134e+02
1.236316119315137939e+03
1.251590488747982363e+03
1.144778233772196245e+03
1.255714132644535312e+03
1.255361209329919348e+03
1.111486467627064258e+03
1.211489917649692416e+03
1.257005760196814663e+03
1.232078643523003848e+03
1.319902385830966068e+03
1.229326697408605924e+03
1.162455919193107093e+03
1.194384741490446913e+03
1.109120608410708428e+03
1.059896608028557694e+03
1.133979070612505666e+03
1.004706246916937971e+03
9.595139265875725414e+02
1.051043702018265549e+03
1.055910821764836101e+03
1.140241042597553815e+03
1.030795158658134142e+03
1.182369195684999795e+03
1.181598057442703748e+03
9.564526180633943113e+02
8.923032661635650129e+02
9.826916124910567305e+02
1.070914215874590809e+03
1.131453099562307443e+03
1.130218323079107677e+03
1.159192368014082149e+03
1.173425702283328292e+03
1.096906209847253876e+03
1.163189554417054524e+03
1.206985176591894970e+03
1.237556401463686825e+03
1.125759535597516333e+03
1.254300216710777477e+03
1.302318198574096414e+03
1.184809807123489463e+03
1.144295772343391718e+03
1.177701283783962026e+03
1.100862544827411512e+03
1.042185127952552421e+03
1.293520967746857195e+03
8.965089850627906571e+02
1.091791312381362104e+03
1.167445045961502274e+03
1.148227108295806147e+03
1.097270476729501070e+03
1.039774913353429838e+03
1.204281727873453292e+03
1.063041604072176369e+03
1.159323985027401022e+03
1.062474540535201641e+03
1.117163053092548807e+03
1.160155828619466547e+03
1.242470902833094442e+03
9.134594802165503324e+02
1.181980570476061303e+03
1.088900487179497986e+03
1.198483580273721145e+03
1.119319124317922842e+03
1.095944693669934622e+03
1.364782411398517525e+03
1.261333329492255416e+03
1.064342746514043483e+03
1.113694887186874666e+03
1.182374769305475866e+03
1.269775924633863951e+03
1.387847297110689851e+03
1.025932032445328105e+03
1.002830485093836387e+03
1.330060616676156769e+03
1.298698875211905261e+03
1.365483419364262318e+03
1.327129666489232932e+03
1.221710829575342586e+03
-8.182647658494460075e+02
1.106588854073806942e+03
1.502268706040106508e+03
1.192143941382656067e+03
1.420444098394377306e+03
1.381574663622012849e+03
1.292018133352884206e+03
9.470744554522028693e+02
1.248556580959000939e+03
1.249757597468332506e+03
1.245904211097813686e+03
1.220606748571345406e+03
