-2.500759218541756127e+03
-6.999373997944635448e+02
-6.679814106213151490e+02
-6.544381818173197871e+02
-7.660409244391855736e+02
-9.224588108175879597e+02
-6.827619439355856912e+02
-7.417111067919219067e+02
-6.535967546066418663e+02
-6.978339585161281775e+02
-6.124261111230259758e+02
-7.587929700601937384e+02
-6.186716950647883095e+02
-8.202594819653988907e+02
-6.486156733174079818e+02
-6.661618918612446123e+02
-7.047972219827179288e+02
-7.584076623326446907e+02
-6.820859448929114706e+02
-7.903238564459359168e+02
-7.035972427711444652e+02
-7.537987705049047236e+02
-7.438599389906230499e+02
-6.762066356667828586e+02
-7.090462180110436066e+02
-7.271138830734639669e+02
-8.746654974145928918e+02
-7.488087622716243459e+02
-7.786319414160066117e+02
-6.617085471482851062e+02
-6.776696924927796317e+02
-7.730414948187744812e+02
-8.189041732552743724e+02
-8.436156162350270051e+02
-8.871854911069862055e+02
-8.602282134607739863e+02
-8.695118409726742357e+02
-9.048264641949674569e+02
-8.712465594492277887e+02
-1.089999157778872132e+03
-8.093420755364686556e+02
-8.799988910718334409e+02
-1.077115241362510005e+03
-8.167657154328538809e+02
-9.677275584166869749e+02
-8.457029584527206225e+02
-8.555027918270683358e+02
-8.588612418295354018e+02
-7.959720911137161465e+02
-8.618830445609712569e+02
-8.445795438306561209e+02
-9.459337948398266462e+02
-7.196983707888754225e+02
-6.794722876017794988e+02
-1.197852132293132854e+03
-1.110964799429895720e+03
-1.207504955974663517e+03
-1.342242895905205160e+03
-1.177877484270135255e+03
-1.161844796709625143e+03
-7.274708428395014153e+02
-1.328108632161156265e+03
-1.057302022524014319e+03
-8.375248364397056093e+02
-7.422760084788574204e+02
-6.938369748643126513e+02
-6.428006924723225666e+02
-7.414904945446876354e+02
-6.835613736613354376e+02
-7.088991650234646613e+02
-7.355595510761280593e+02
-7.829118382780455931e+02
-8.910980721618402640e+02
-1.033284869444945343e+03
-1.232010473014634954e+03
-7.552356644421513465e+02
-6.621640216867856452e+02
-6.901271030801095776e+02
-1.070630425425657222e+03
-1.011241036419168267e+03
-6.025704217851086923e+02
-6.560975146470268555e+02
-8.061801143025677447e+02
-7.154570752981206851e+02
-6.130905464578949022e+02
-7.490261271010031123e+02
-6.141861815778266873e+02
-6.988907474832367370e+02
-7.108202360780979916e+02
-7.373377127132030182e+02
-6.861060189977727077e+02
-6.806337868529419666e+02
-7.018410152138594640e+02
-5.370351138151113446e+02
-7.675763143819173138e+02
-7.705433401861238281e+02
-6.486390217225959987e+02
-6.215200565460725102e+02
-7.946911110827447828e+02
-7.019002052552109490e+02
-7.294259369593621614e+02
-7.662840630670864357e+02
-7.726132788638617512e+02
-7.823127480293153440e+02
-8.035245712631411834e+02
-7.690044008209741833e+02
-6.718443204623562224e+02
-7.060412684923453526e+02
-7.923003342580226445e+02
-7.716669699379912117e+02
-7.749144820401945708e+02
-7.114395147088251861e+02
-5.110630540320192381e+02
-7.745326243191098001e+02
-6.000020678877722276e+02
-1.010697458564972749e+03
-5.959136875181430923e+02
-8.113560772063470949e+02
-5.993547608463277356e+02
-6.770591059636518594e+02
-8.101152272979529698e+02
-6.099482115728387726e+02
-7.470929213820701307e+02
-6.728178584297119187e+02
-7.346123392290220409e+02
-7.466663523165211700e+02
-5.623343079888927605e+02
-6.633631064101035690e+02
-5.356314449949607024e+02
-6.457125294669908726e+02
-5.996818607349199510e+02
-7.036871867724108824e+02
-5.853464847953800927e+02
-6.659424103272252751e+02
-7.660600050751677372e+02
-4.060154658524944580e+02
-6.569996392141163142e+02
-6.704284473558435593e+02
-6.430162666397015983e+02
-6.298879322696228655e+02
-5.772344242424410368e+02
-6.983255193825274318e+02
-7.758310099545055891e+02
-6.853719321006140035e+02
-5.652726902572527479e+02
-5.335930877067185065e+02
-5.044143105720756921e+02
-7.928957221890968867e+02
-7.974804259065679162e+02
-7.788744897933797802e+02
-7.964883926449897444e+02
-6.436084340567645086e+02
-8.064521701183122104e+02
-4.642720036000034725e+02
-4.792803156668183533e+02
-6.390157500027981996e+02
-6.212762667179126765e+02
-1.408438162396425923e+02
-5.998402792750283652e+02
-6.888816567134480238e+02
-6.365688155880370687e+02
-7.127698442733232014e+02
-5.970558660874282850e+02
-6.852853957588100684e+02
-7.178773371097837526e+02
-6.122344022136866215e+02
-4.749262550913499581e+02
-5.612160418702907236e+02
-3.989982001115803314e+02
-7.864813033500887514e+02
-1.239491495376506919e+03
-4.435817833933714951e+02
-6.418436183266830994e+02
-6.089082889373413536e+02
-7.875867247774501720e+02
-7.959151792751576977e+02
-7.879986358430525115e+02
-6.897502844563215376e+02
-6.886367862287514754e+02
-7.528790661014116949e+02
-1.623589663376092631e+03
-6.819623643953734700e+02
-6.265744255111003440e+02
-5.633516346071510270e+02
-5.202403752853617789e+02
-4.593658040496910075e+02
-8.399524765469725480e+02
-8.626017894573219564e+02
-7.714356318363526270e+02
-1.166601997187104416e+03
-8.339681802317572874e+02
-1.394057538117332570e+03
-1.137964411756557183e+03
-7.689315644582584355e+02
-1.149706182033567529e+03
-9.225270902671251179e+02
-1.140540786082161048e+03
-8.208341009821090211e+02
-1.028929577429690653e+03
-3.637006373521267051e+02
-5.644601323530615673e+02
-8.726887872664882480e+02
-6.689776017151320957e+02
-5.932896859505208340e+02
-1.834919350961438568e+03
-7.328483240001261265e+02
-4.694162459960821252e+02
-1.346662390083251694e+03
-1.161741684762576369e+03
-6.390667815696490379e+02
-1.377080770087653491e+03
-9.670053855699027281e+02
-1.253391312957951868e+03
-4.335206640325725971e+02
-5.555226458882360703e+02
-6.084071395488762164e+02
-6.288128816671617187e+02
-1.331467310861931310e+03
-6.041474899380750685e+02
-8.161783968123554587e+02
-4.270393552866916593e+02
-4.950308922014264681e+02
-3.743238093267041222e+02
-6.077723747625572059e+02
-5.916077988090430608e+02
-5.595268786750434629e+02
-4.178442297532599810e+02
-7.674547491262781023e+02
-5.516599997708232195e+02
-6.707132450621475073e+02
-7.828983877234928741e+02
-5.892319400817149244e+02
-4.630716820084585947e+02
-4.320254183764365621e+02
-2.933144794886763975e+02
-6.559847380122225786e+02
-8.848218224838915376e+02
-1.205682724187258827e+03
-6.524607835106500033e+02
-5.165280733400352347e+02
-3.533462576641427404e+02
-4.110569823224947186e+02
-5.773124382497923079e+02
-4.827154430961916773e+02
-2.689442876030369689e+02
-7.646174367435609156e+02
-5.458444165140106179e+02
-6.192280358929972408e+02
-7.178881043273207752e+02
-4.124639000174963144e+02
-6.006506756234061868e+02
-6.579435100129267084e+02
-5.841811836595917384e+02
-6.226650841733431889e+02
-6.700847213099209512e+02
-4.806606798145129460e+02
-4.777229333529372752e+02
-6.661495837189955864e+02
-4.984418619213025750e+02
-4.777786566983191392e+02
-6.432334047850631578e+02
-5.596110852204091088e+02
-3.853247155359389353e+02
-6.183806986044544374e+02
-3.667826829788080545e+02
-1.720613459421295374e+03
-6.059565123004435918e+02
-7.046920123526535917e+02
-6.746689763390645567e+02
-5.605686163082526718e+02
-1.725079246806527408e+03
-4.242112835368355945e+02
-6.210106453330790828e+02
-6.452041109258433380e+02
-5.791859228517278098e+02
-5.079036411835174931e+02
-5.555605671559819712e+02
-7.491385127453318091e+02
-1.041654582009603473e+03
-8.024044247329696873e+02
-1.009712322637351463e+03
-4.045156592986126611e+02
-1.704327800543676631e+03
-2.788840445022231620e+02
-4.705425990317118021e+02
-1.210797405936325049e+03
-6.713719100023291730e+02
-5.478346723417865860e+02
-5.519765001490422947e+02
-3.854598870482344637e+02
-3.763158540249910970e+02
-5.481306014468254943e+02
-1.236418210107502091e+03
-5.233213091421606578e+02
-4.668428462207691041e+02
-5.181362598550076655e+02
-4.522884338901279762e+02
-4.075709720462485848e+02
-5.516246329272918274e+02
-6.080512112672078047e+02
-1.269433939264789387e+03
-2.444816524455663682e+02
-2.841493414370380037e+02
-4.662770465056992180e+02
-4.266959674027017400e+02
-2.770299163226553674e+00
-1.357194803694631446e+03
-5.936114084802425168e+02
-6.244778026052556470e+02
-6.266837575691226903e+02
-2.934233922476839211e+02
-6.375843696615762610e+02
-1.063642332561742023e+03
-5.616299896747340199e+02
4.274301365838004472e+02
1.189228873802238127e+02
-4.031000622676523335e+02
-4.781502499185988881e+02
-4.843911871924586876e+02
-3.433865383742465838e+02
-4.757229735085520019e+02
-1.431162316118397939e+03
-6.409426462949330698e+02
-4.681658513378387738e+02
-6.239273006060792568e+02
-4.470268766370276126e+02
-1.404325417726103353e+01
-1.675406680368190337e+03
-5.396185104324556505e+02
-1.316276547860381015e+03
-5.538960852914154884e+02
-1.630248706947311348e+02
-3.033054887345404609e+02
-4.882439261759358260e+02
-2.763145220871800802e+02
-2.657424211908024745e+02
-2.703428587143056916e+02
1.168642496488547238e+02
-2.341061857696882953e+02
-3.617492770146313887e+02
8.216317770128214306e+02
-4.399533215542641074e+02
5.294747822685433221e+02
-4.442918365337279738e+02
-3.021089418033934635e+02
-8.861697695500587315e+02
3.903804907479832309e+02
-3.373034880075815636e+02
-4.645962923715479178e+02
-4.568477056183110108e+02
-5.221798467156696688e+02
-3.670994638072204452e+02
-4.705626045308235916e+02
-1.075595379945310924e+03
-2.753015379857908442e+02
-8.361365047454922887e+02
-1.142160809786661730e+03
-3.005471209904429770e+02
7.829765193296573216e+02
-1.083327821385764764e+03
-1.191274299606937802e+03
-3.820597751324186220e+02
-8.431051476282602835e+02
-7.350869574616019690e+02
-3.388358725141129071e+02
-4.344208622994173652e+02
-3.805952907992308951e+02
-2.832066307461902852e+02
-3.934467576239169375e+02
-1.082300594646375430e+03
-3.034822113428276680e+00
-1.324613725356341547e+03
2.466783380265059691e+02
-6.601413668138268349e+02
1.603800119849772159e+02
4.079331494792372723e+02
8.512554353977304800e+01
-7.667500548918910681e+02
-3.406294040105929071e+02
6.739429193865453271e+01
-3.027968679245121848e+02
-7.481348929307796425e+02
-1.441774641386140956e+03
-6.739283236435810522e+02
-9.704181369497858896e+02
-3.920779334941816501e+02
2.389521268816656629e+01
1.685657300264464880e+02
-7.718781499767109153e+02
-1.149408562787666369e+03
-7.245387856632412422e+02
-1.020266118058576410e+02
-1.045889628262496444e+03
-3.959793716093529952e+02
-1.499234037425850602e+03
-1.496590092639424029e+03
-1.242750247115324328e+03
-1.572505930768006237e+03
-1.352534349128541407e+03
-2.083047395764497480e+02
-1.533698796382238697e+03
-5.558089916316395147e+02
-3.247413428967743130e+02
-6.837466735185453217e+02
-6.266011771323526318e+02
-4.645464238574594447e+02
-7.521412863726150135e+02
-6.387211691390129999e+02
-3.573097554251527299e+02
-5.023452925461284622e+02
-3.389711941538575957e+02
9.581197463936589998e+01
-4.029129643349569960e+02
2.190945517626055334e+02
6.248836048969000956e+01
-3.501763003468536226e+02
-3.461758465650374319e+02
-3.362351178654219552e+02
8.550768857638585985e+01
3.745619380159380398e+02
-1.637886284065484688e+02
-1.687950089567580108e+02
-2.354261245078828324e+02
1.141695758487531975e+01
-5.161084084599970367e+01
1.546790734857440555e+02
-8.155475241250251202e+02
3.281275300627763158e+02
2.144278806216522639e+02
-1.116346360884425906e+02
5.051461637795289334e+02
-6.243015870738171458e+01
-3.718607867221506069e+01
5.163203229400299676e+01
1.991081287673916336e+02
-1.101071437123948499e+03
3.155948023939075142e+01
7.796676007638939154e+02
9.381650523062730826e+02
4.796260084198842151e+02
-7.131237251462205222e+02
4.801855817926385157e+02
-3.599464513718061198e+00
1.533039267654131095e+02
-2.195611573198083590e+02
8.159639632294451985e+02
-2.796084482087643437e+02
-4.160836435065530168e+02
-1.330937082580074048e+03
-7.258528184694604306e+02
-6.325695250909128617e+02
-8.670196056364379729e+02
-1.177303594692433990e+03
-8.534636215880234431e+02
-2.915579282371348881e+02
-1.009840822740607791e+03
-8.471925600611098162e+01
-9.618993599940506556e+02
-3.296097897568137114e+02
-1.729517819171195697e+03
-1.002404860166172966e+03
-1.414916292318791420e+03
-8.110213109125329538e+02
-1.748133059404875098e+02
-6.800264384679032901e+02
-1.128486659069643338e+03
-1.051608040809942622e+03
-1.304847210890723318e+03
-1.642200626603838032e+02
-6.230430009164018657e+01
-5.801593283159367047e+02
-3.220557718260532738e+02
3.132024966455778667e+02
-1.056251529620807332e+03
1.960024047571443475e+02
4.403909439957981249e+02
4.637473943415055828e+02
1.593653932486414817e+02
8.216807762162767403e+02
1.034835861181230712e+03
1.172261410160623655e+03
5.767296293937088194e+02
4.611459821966848835e+02
1.172167719021864286e+03
6.782637139784638975e+02
8.598552584591930099e+02
-7.671422423081360193e+02
6.452704651791086690e+02
5.311638263664416399e+02
-3.346237725188649961e+02
-6.169136059729154908e+00
2.699355102401159456e+02
5.142450952164124374e+02
1.891876380302056191e+02
5.220430645563633334e+02
3.864056935649193179e+02
2.147611250287842495e+02
-1.004498025964075396e+03
-1.649298429243181374e+01
7.092753992374528025e+02
-1.238374286335003262e+03
-3.668263581623436380e+02
-1.093583055965353452e+02
-1.877966483621935367e+02
7.019269810710038655e+02
-9.454304404197430358e+02
-9.843092786600072941e+02
5.178117768957382623e+02
4.847389530184755699e+02
8.986702093767825090e+02
4.328246626971368869e+02
5.260097665455612059e+02
3.700730100086543075e+02
-8.557813337042443891e+02
5.613982812024414670e+02
-1.887069603133743954e+02
4.492341691008588214e+02
-1.231993886609390358e+02
-6.542022963841667433e+02
-6.746828568665107468e+02
-4.728051086434062427e+02
-7.390928808491844393e+02
-6.325020591049795939e+02
-1.223429232326880935e+02
-4.195404885646807998e+02
-1.554766608158625445e+02
9.443350685604126227e+01
8.304031768681852554e+00
-1.954927789252244565e+02
2.126867408214625357e+02
-6.513131711749943520e+01
-2.052350832805084906e+02
-6.242040432043269504e+01
-2.009528645035666727e+02
-1.608515968585370501e+02
-2.833166227745688843e+02
-5.641084617711364899e+02
-2.529521524497836253e+02
-2.607964219027651325e+02
-6.443740790570254831e+02
-2.612505947801101911e+02
-1.538402329746787700e+02
-1.695801570105892324e+02
-2.043977734309976881e+02
-2.249956509664074531e+02
-4.400602678280724831e+02
-2.484745324825083230e+02
-2.011268252674313999e+02
-5.598306711774961286e+02
-2.659132066946118016e+02
-2.609956446460076904e+02
-1.083832663792439206e+02
-2.202988311959691430e+02
-1.700031352563131577e+02
-1.908411209907987995e+02
-1.509669632813497060e+02
-1.388253117508123182e+02
-1.231580450853203956e+03
-5.044265173186245477e+01
-4.388496745119788898e+02
2.098294859009745323e+02
-6.796504984534437881e+02
-4.832591331172150149e+02
-1.170548540859354887e+02
-1.791636688144852201e+02
1.836153792470342339e+01
-2.704083335013581859e+02
1.989313119113173798e+02
-4.728512451103657099e+01
6.015150097103447706e+02
-9.389160390522124544e+02
5.151008005815467072e+01
-1.696540758840667706e+02
-1.730384566415100380e+02
-3.552899967178740326e+02
-1.128744353629345142e+03
-6.058083292183821413e+02
-1.097236378860437526e+03
-7.879400173494858564e+02
-5.081220173350201321e+02
2.322271713729201394e+02
9.683861029811883725e+01
1.882381846800559799e+02
2.547467619929032594e+02
3.614259198048558801e+02
1.964188058172785531e+02
3.767676742259317280e+02
1.434167458212569386e+02
7.835754885106990741e+01
9.319387861596992195e+01
-4.318297724801823279e+00
1.841264440953680435e+02
2.261180181922935901e+02
8.026488465528327652e+02
5.406464165043310004e+02
-1.540313486088634534e+02
7.676870917890347528e+02
7.752526202110580016e+02
-5.562856248170367053e+02
4.351571771337509063e+02
8.645162668111958055e+02
9.329674746925488762e+02
9.934829306169781376e+02
7.958795527277237625e+02
9.237458713889303681e+02
7.666953558318831483e+02
1.199845407302260583e+03
8.038201944271486354e+02
6.687611334601764383e+02
1.030943077979356985e+03
9.611270834361911284e+02
1.129267619701199237e+03
1.151193997466710698e+03
1.207027340125517185e+03
7.949128785944850506e+02
1.260522556935915190e+03
1.025827607415715647e+03
7.290037467378397196e+02
2.269059440075136536e+02
1.201934078675157707e+03
4.541539586817717691e+02
7.114473036563798303e+01
1.598543514181846774e+02
5.917573544044884102e+02
-2.789700109701545330e+02
4.784499782647072266e+02
1.928793820486356481e+01
-8.409786859138787349e+02
2.604739114638641695e+02
-2.305281082452755186e+02
8.201691540407091452e+02
5.875060532137529208e+02
6.929858808901271914e+02
6.904498848742509836e+02
8.336442725749554938e+02
5.838974168708399475e+02
7.059081026136055925e+00
5.872821625569804382e+02
-1.425515550009276069e+02
9.299706810709157025e+02
1.215290894416689753e+03
1.110908071237057811e+03
9.379752578926837714e+02
5.752064277670153842e+02
8.683129143980651179e+02
1.018469369221229954e+03
1.091969670693485341e+03
1.126170582609969415e+03
1.166678981917492592e+03
1.036005931108872574e+03
1.205867023552575574e+03
1.167072565856211668e+03
1.036456926161783485e+03
7.459736904664225676e+02
8.508636213046804642e+02
2.865030561597052952e+02
1.000435914126468219e+03
9.295133107345120038e+01
8.989144611930454403e+02
9.378734863563382760e+02
7.369642672107335102e+02
5.957483178786224016e+02
4.019650119511620687e+02
1.442962025862841244e+02
1.040111429674587271e+03
4.088405511102199057e+02
7.863340537630685958e+02
1.168284625958953939e+03
9.897983277187013300e+02
1.038474869225822431e+03
1.162395363647597833e+03
9.155606514936660005e+02
1.110345388813472937e+03
1.028265938525920092e+03
1.303164903788608854e+03
1.117339560803503446e+03
1.235499287147440100e+03
9.296872042739494191e+02
1.240784396692266228e+03
1.093563107874717616e+03
1.138583421841779682e+03
1.183174747573983041e+03
1.112406998618856733e+03
1.143876149722003674e+03
1.049631493135140545e+03
1.201353508896626863e+03
8.788765454773797501e+02
8.605464497793960845e+02
8.740867465324371324e+02
6.735823852146954778e+02
8.339407900797427828e+02
6.478133390795014748e+02
5.055606304141755345e+02
8.182178301026285681e+02
1.034931187902653164e+03
1.875690995411772803e+02
7.026027688902433965e+02
1.539570383145914434e+02
-2.647190772503088283e+02
-1.699097799873923691e+02
4.667807020075715059e+02
-1.909527711233319906e+03
9.510167965831850552e+02
3.574940782843070224e+02
7.716704800882324662e+02
5.842851393138743106e+02
1.937662550965297896e+02
2.345551090568170025e+02
4.755229330455533727e+02
6.185140257756997926e+02
6.515718459405270551e+02
5.585356319721807949e+02
3.701384977978210031e+02
5.311602272183974947e+02
4.221801212098271208e+02
5.442821231605838648e+02
4.098725259589265875e+02
5.948471536291256143e+02
7.228265638184025192e+02
3.796186953521289524e+02
3.351642766929405752e+02
8.072653919837529202e+02
7.197739935031618188e+02
4.833803895690703030e+02
1.037122820459714376e+03
9.992346894520167098e+02
8.616782177468472810e+02
8.832403564135429406e+02
1.013294730637695807e+03
9.412447611968750607e+02
8.979529839091522945e+02
8.482056465564406835e+02
7.708551729917965076e+02
7.892100492961831151e+02
1.075053650377893973e+03
8.988116405095709069e+02
8.299217321277780002e+02
8.359547052508336265e+02
6.958686862054024687e+02
8.668010121607858309e+02
9.424508788257444394e+02
9.019938149769027405e+02
8.750764433295606750e+02
8.632740050842761548e+02
8.399517274071905604e+02
8.178698272741996789e+02
8.748886230372741011e+02
7.361004552882425287e+02
8.944851278889287869e+02
9.826815104790916848e+02
7.690721845543632753e+02
9.520384343965772587e+02
9.504421380962875219e+02
9.087737927599135901e+02
7.335443697334766284e+02
9.768907970012023725e+02
9.240207914280460955e+02
9.201673061662075952e+02
8.152025824199427007e+02
8.818317988034407335e+02
9.346011424185392116e+02
1.013307904523751631e+03
9.689391832680820471e+02
1.090536072153975056e+03
8.404168852371481080e+02
9.040517052167006113e+02
9.012518268158354431e+02
1.265162583436885598e+03
1.068136533904967564e+03
9.049024155564060266e+02
9.722779657809061291e+02
1.133058153744191486e+03
1.132002779008007565e+03
1.078664101478594830e+03
1.029020734563577435e+03
9.521564912976656387e+02
1.125511127182676091e+03
9.976538087969540811e+02
8.528590263343825200e+02
1.024001745385648746e+03
1.075806750232160539e+03
9.796275334038148230e+02
1.102148754587381973e+03
9.337162827926682667e+02
9.518105043431820604e+02
9.722475648864239020e+02
9.925240730287212045e+02
1.068347217087529998e+03
9.218324330739415018e+02
1.097806153021257614e+03
9.601428724728823454e+02
9.444598698174443143e+02
9.553977266933671899e+02
1.086234957778022817e+03
9.365629507733538048e+02
1.010206263550668268e+03
1.034739836003635219e+03
9.188927055456720154e+02
1.054034164737065112e+03
9.938176616408550217e+02
8.935686463371849868e+02
9.613772296200633036e+02
7.465543707149348620e+02
1.100761747914908028e+03
1.172026942408693685e+03
7.649622516169320079e+02
1.119241144205523597e+03
9.161658481876215774e+02
9.828992516210325903e+02
1.006609334323130042e+03
9.508762722039123219e+02
9.797116983328577362e+02
7.746890996377820784e+02
8.481522022112031891e+02
1.169261030016375116e+03
8.552049594527724139e+02
1.035203444414049045e+03
8.783467785685819536e+02
1.048796836807272484e+03
8.376531111140297980e+02
7.605487205369279309e+02
1.085436952865976536e+03
7.449588611348465292e+02
8.803187318753772388e+02
1.045285974883432800e+03
8.484303842415229155e+02
9.581122597137887169e+02
9.448145936169717061e+02
1.016673616521677104e+03
9.527007370323906343e+02
8.143652287017905564e+02
9.017805463277327362e+02
1.334263357646809027e+03
1.092822128209718130e+03
8.802513611061394840e+02
9.628269567688474808e+02
1.040774739045127944e+03
1.136286454177043652e+03
9.608080475341536157e+02
1.046268001002680649e+03
1.146503955074157375e+03
9.150088475830395964e+02
1.210650318020281020e+03
1.141267740290821394e+03
9.495102511772716980e+02
1.068221771483411658e+03
8.495856579246017191e+02
1.015792046751744351e+03
1.209994395234748936e+03
9.524924328336028339e+02
1.122040407464009604e+03
1.194376617621915557e+03
1.115114622449051694e+03
1.065973456854631195e+03
1.040328398358592949e+03
1.053133476005651573e+03
1.028248789480220466e+03
9.940985852694835785e+02
1.008014307165304444e+03
1.238737516730585412e+03
1.063312450106291180e+03
9.045452652469612076e+02
9.672256463976776786e+02
9.692474664098336916e+02
1.258943377613539496e+03
1.183231695912806799e+03
1.039569768013006524e+03
1.138513814205632343e+03
1.028591476302845876e+03
8.038131888917249626e+02
1.070811805128401602e+03
1.095995130801637970e+03
8.521967825539327350e+02
1.118200324085339389e+03
9.690372531372009917e+02
9.997864654387495875e+02
8.428035883103760852e+02
8.143718937876317341e+02
7.165684527943582225e+02
7.191849163766626134e+02
9.448886380638841729e+02
1.003195726412760337e+03
7.402758827704419673e+02
7.617039600176843805e+02
9.733390672843955826e+02
9.741291600828349146e+02
7.805741307076684734e+02
7.712766259768375221e+02
1.009886204107015033e+03
6.153959186945419333e+02
6.961397035711427179e+02
8.739499117558725629e+02
9.580761774831453295e+02
1.140520188728075254e+03
9.971864182353851902e+02
8.145031503831430655e+02
1.157451706851516064e+03
8.977723416642038501e+02
9.712032266498182480e+02
1.035280166914406436e+03
1.155560881854235504e+03
1.088220493680541722e+03
9.530867895515864348e+02
9.335671269347305952e+02
9.749815727767229419e+02
9.984671549239773185e+02
1.083839895035167501e+03
8.832872942804233389e+02
1.143568678619376442e+03
1.101753008059724607e+03
1.037715748196695586e+03
1.099768420567276735e+03
6.372421541645055640e+02
1.187595182614279565e+03
1.023548331253045035e+03
1.106683916332295212e+03
1.025546892183789396e+03
1.129190667343095583e+03
1.111760170910338729e+03
1.005272568589172351e+03
1.072356137462827519e+03
1.115932692817859788e+03
1.061155492348197185e+03
1.066765342923601565e+03
1.004630593630084604e+03
9.401354737379981543e+02
1.128007976021336617e+03
1.075238642388741027e+03
1.040554264053464976e+03
9.919495614433587889e+02
1.025830463894671993e+03
1.084490174351054520e+03
1.142588348253785171e+03
1.030462250667490707e+03
1.077440730382395031e+03
1.020333986217671736e+03
9.934856554239656816e+02
1.200893379253602689e+03
1.130794696668397137e+03
1.041371361967344001e+03
1.040595452094211169e+03
1.159247516503386578e+03
1.120004151948157414e+03
1.027380417014586328e+03
1.064713868899086947e+03
1.046948357762114028e+03
1.093736257987228555e+03
9.598168653189055703e+02
1.207538027618809338e+03
9.064046966397747838e+02
1.110712361549491334e+03
1.152435233409319608e+03
1.253524302162219783e+03
1.182874318275124779e+03
9.386162130064140001e+02
1.084051704397332287e+03
1.045157363375364866e+03
1.164666534033577818e+03
1.144940610644155640e+03
1.166641949246706645e+03
1.076947136565338951e+03
1.141890402016912731e+03
1.164192805309026426e+03
1.085610628317571809e+03
1.214248310222273631e+03
1.088699876377594137e+03
1.053480241288737716e+03
1.061466727808010546e+03
-1.044628903026019771e+03
9.858575887170427450e+02
1.115352735135467583e+03
1.221130609527363731e+03
1.178076191535929183e+03
1.010051260379360201e+03
9.954074825450296657e+02
8.277159383303323921e+02
9.721356343736096051e+02
1.231403984486083118e+03
1.113901935913869238e+03
1.053249447967847573e+03
1.166568517217207500e+03
1.035528189987108817e+03
1.080581732068849533e+03
1.091756473265855220e+03
8.412497496357109412e+02
1.123797540498074113e+03
1.087643377173086037e+03
1.192349090500788634e+03
9.905703346024677103e+02
9.751251802788661962e+02
8.925851878128569297e+02
1.141504843749471092e+03
9.471662120313025071e+02
1.197763045954200607e+03
1.077020599485647836e+03
1.082151596976071914e+03
9.098471912857730786e+02
1.169767123768092006e+03
9.259041236804432629e+02
1.019153139064899506e+03
