-2.799510884841208281e+03
-8.487665192890299295e+02
-7.973803847590328360e+02
-9.781075024624522030e+02
-1.306145417841398285e+03
-9.394101211310346571e+02
-8.956324802969863867e+02
-9.260079972595608524e+02
-1.036237406948206171e+03
-1.236819455553020134e+03
-1.058906700506757261e+03
-1.251012842605619653e+03
-1.247933943718185219e+03
-1.382415261775736326e+03
-1.099796538448225192e+03
-9.412779576384549500e+02
-1.030526949123288887e+03
-9.650500820614961413e+02
-9.359732053699467542e+02
-8.844069492131516199e+02
-8.953504560436286965e+02
-9.072792874118939608e+02
-9.338302547138872569e+02
-8.833403593229321586e+02
-9.150415024548966585e+02
-9.724007261809891816e+02
-9.502068724701116480e+02
-9.819926578857227923e+02
-8.910126642492695055e+02
-9.759668564152582348e+02
-8.820885394995181059e+02
-9.257320693586548259e+02
-9.034650156751946497e+02
-8.368682680244530729e+02
-9.150521360179087651e+02
-9.371054494143775173e+02
-8.570752630325754353e+02
-1.497234753643762360e+03
-1.416669214381021902e+03
-9.051438221737221284e+02
-9.015586786855081982e+02
-9.548696452221558957e+02
-9.306501714326221872e+02
-9.611453986983526647e+02
-8.683500676316567706e+02
-8.900793192860500085e+02
-8.260196069177179652e+02
-8.880487121315031800e+02
-1.040200436456091211e+03
-8.756910685423533778e+02
-9.575019649449801591e+02
-8.643967498051978282e+02
-9.162186512344259199e+02
-1.003848893945273630e+03
-8.769963001496530524e+02
-9.955134268125385688e+02
-8.702950767754821300e+02
-8.553245192011054314e+02
-8.819865047317927065e+02
-9.290112099496636802e+02
-9.594998607945035474e+02
-8.711022457908156866e+02
-8.524567108836992020e+02
-9.526133175638613011e+02
-8.566903026429695274e+02
-8.988970512720992474e+02
-8.743486923875304910e+02
-8.529986734118951972e+02
-8.301963142963836617e+02
-1.230639068338349716e+03
-9.293355616092333094e+02
-8.663413101679095689e+02
-8.750945496605188509e+02
-9.193841641621266945e+02
-8.521815404366768689e+02
-8.450636130518220170e+02
-8.588312292944849560e+02
-8.462303768296520730e+02
-8.457235885563786724e+02
-8.761852518088670649e+02
-9.097328453960566321e+02
-8.485231229796689831e+02
-8.861400438932807901e+02
-1.054313835610468232e+03
-1.401046261651013765e+03
-8.767493479228393198e+02
-9.113635659483494464e+02
-8.452590502945720345e+02
-9.161332550092140536e+02
-1.026183520768677681e+03
-1.187226584294393433e+03
-1.119849338974565626e+03
-1.153022479802074031e+03
-9.259993041684581385e+02
-1.030256129435078492e+03
-8.746095501864829203e+02
-1.084718013613126004e+03
-8.154586836083369690e+02
-9.246169927626292520e+02
-8.910636247851463168e+02
-1.283458848003494268e+03
-8.387603052374835215e+02
-8.300121436512627042e+02
-8.526391095205083275e+02
-7.579872851766060649e+02
-9.608647957681502021e+02
-1.058553398513813818e+03
-8.931293620317732120e+02
-1.123841321157201946e+03
-7.423001684383206111e+02
-8.108102720992447985e+02
-1.327886895975347670e+03
-8.492451356138192295e+02
-1.310072089352490138e+03
-1.300778156408102404e+03
-1.580418025755799363e+03
-1.414990197637504934e+03
-1.144362038872901167e+03
-7.965692527311193771e+02
-1.143344802241162824e+03
-8.430589043892247219e+02
-8.377530324248838269e+02
-1.449230408087143587e+03
-1.074389112399895566e+03
-1.297760219773973404e+03
-8.141038903331468646e+02
-9.930624960133786772e+02
-1.480403108384942925e+03
-9.355129373966052526e+02
-7.844650611536192173e+02
-8.066145911547555443e+02
-7.895715367373493336e+02
-1.112002903142863943e+03
-8.152253786340818351e+02
-8.463531774354096342e+02
-7.454733934364796824e+02
-8.666397275268459452e+02
-9.152992932622386206e+02
-9.031132355010522588e+02
-8.129269896755006357e+02
-8.591106445566082357e+02
-8.551984459341210822e+02
-8.635323600793633432e+02
-8.525596704871009024e+02
-8.101845048573939039e+02
-7.759969462372869202e+02
-8.062089293917515533e+02
-8.711195948974090015e+02
-1.099419275189561858e+03
-9.647823791920147869e+02
-9.026311423419837183e+02
-9.286980892976320092e+02
-8.601987971182406909e+02
-9.673341716802874544e+02
-8.651082317506690060e+02
-8.869603931518521449e+02
-8.853899926101769324e+02
-8.674625844134952786e+02
-8.777772922741214643e+02
-9.819814442645501913e+02
-9.569201674382389911e+02
-9.435356770962307564e+02
-9.581809935820937199e+02
-9.413200879350581545e+02
-9.352883490892346572e+02
-1.014390102630422234e+03
-8.930245060004428979e+02
-9.355368617481653928e+02
-9.420246677671335647e+02
-9.382580356097083722e+02
-9.322740022160188573e+02
-9.395610951926684038e+02
-9.155970525327503537e+02
-9.613288019896632477e+02
-9.122143067989945848e+02
-9.762695070346869670e+02
-9.157104194122561012e+02
-8.851776309980382393e+02
-9.278470665618284556e+02
-1.014564546031947430e+03
-8.518121967420015608e+02
-8.618476159488668600e+02
-9.477999343891876833e+02
-9.510276300852247005e+02
-9.098469747702420136e+02
-8.632565781103163545e+02
-9.640171553231551798e+02
-9.538031021335210653e+02
-9.189672387064440500e+02
-9.595489175637953849e+02
-8.837139246340354930e+02
-9.243970225645127812e+02
-8.606567422217445937e+02
-8.625186191986920221e+02
-9.064701895579510165e+02
-8.784194825008619318e+02
-9.100161672427285566e+02
-9.688922467497259277e+02
-9.702119188746180498e+02
-8.967661275210253962e+02
-9.549012772369464983e+02
-9.185581487322315297e+02
-9.360541231958003436e+02
-9.242001541393774460e+02
-8.969742630429732344e+02
-8.658484142140016502e+02
-9.406386621366922327e+02
-9.557424652293019562e+02
-8.742373646100003270e+02
-9.204462573878226976e+02
-8.414684424103170386e+02
-9.519280161306174932e+02
-9.204191185740342007e+02
-9.159590585029956173e+02
-9.567922306485215813e+02
-8.754973570430265681e+02
-8.751997944214685958e+02
-8.575965844611936291e+02
-8.856820634386193660e+02
-9.411314266615448787e+02
-8.242843826964057143e+02
-9.192854192910691609e+02
-8.375992896308390527e+02
-8.425591462975316972e+02
-8.544556657783126639e+02
-8.859209921594591606e+02
-8.823657721026722811e+02
-9.048002155595688691e+02
-9.727690665604069409e+02
-1.687437548135204452e+03
-1.887916220077244589e+03
-8.208888442618658701e+02
-1.931968782802749274e+03
-9.663032060184470993e+02
-1.850597473074703657e+03
-1.070745176804161474e+03
-1.594126550173869191e+03
-1.426050509257865770e+03
-1.490792971381227517e+03
-1.427058912310548749e+03
-1.285763003705018036e+03
-1.432192495550781587e+03
-1.489988647535469454e+03
-1.503197950203307300e+03
-1.157860281244751377e+03
-1.871891069186063305e+03
-2.054212897659054761e+03
-1.132326013966254550e+03
-1.898870386855563765e+03
-1.482155477923004355e+03
-1.410110174648362317e+03
-1.194432286717667239e+03
-9.999093069453342650e+02
-2.068995575535591342e+03
-1.176594575035582238e+03
-1.008579717335774603e+03
-9.805335337534503424e+02
-8.991024806937424501e+02
-8.828145978322475003e+02
-1.325195921056209954e+03
-1.075742253370754952e+03
-1.323305152763744672e+03
-1.013382544325172603e+03
-9.492331550711736554e+02
-9.973644578020293920e+02
-1.405346371818051011e+03
-9.741544079889140448e+02
-1.197161399649509804e+03
-1.208975962390666609e+03
-1.022903293684188384e+03
-2.895618501941807153e+03
-4.355286549240096974e+03
-1.285396882423091256e+03
-1.467038270931054967e+03
-1.171898997401157203e+03
-1.365046562133159341e+03
-1.277586635338247788e+03
-1.017718771745347567e+03
-1.193589579447817641e+03
-1.194960964436766062e+03
-1.437286371560232510e+03
-1.581511806151410383e+03
-1.718735045872633236e+03
-1.581816000955283698e+03
-1.344092112058800467e+03
-1.436981060784817828e+03
-1.897464782585954481e+03
-1.263429805761977832e+03
-1.122212155670541506e+03
-1.102290187113915181e+03
-1.323629957506049095e+03
-2.057216721136889646e+03
-1.526636857083505447e+03
-1.218325287336062502e+03
-1.789900882206219194e+03
-2.618282699879018764e+03
-1.413196964161473261e+03
-1.415120030477707132e+03
-1.871379573498501031e+03
-4.695916638830305601e+03
-2.064048653089675099e+03
-1.573408691983373728e+03
-1.959047854349031013e+03
-2.192128798046469456e+03
-1.209428516111345516e+03
-1.195287803517190468e+03
-1.807024251284936781e+03
-1.717757214836735329e+03
-1.367098393953476943e+03
-1.825986685661460797e+03
-1.317488311537071013e+03
-1.555932463234246825e+03
-1.045984492936268907e+03
-1.240355597256471810e+03
-1.166650079159403049e+03
-1.195859538998143989e+03
-2.779808703337591851e+03
-1.067054196163428742e+03
-1.081661815627216129e+03
-1.155643478148726444e+03
-1.136144870341528076e+03
-1.285303631532593727e+03
-9.959894491357355264e+02
-1.061037111089363179e+03
-1.122264780187274937e+03
-3.335694201195754886e+03
-1.104105248583866569e+03
-1.059594937596504451e+03
-9.444772045959206253e+02
-1.040270445830714152e+03
-2.545057920121588268e+03
-1.049970058301508516e+03
-1.388618108204643477e+03
-2.953945324821978375e+03
-1.371405361018679969e+03
-1.535242669921085053e+03
-9.693295812657516990e+02
-2.749445056783966720e+03
-1.040104639836841898e+03
-1.851603605272721325e+03
-1.529041499951461674e+03
-8.199009235165369773e+02
-8.830924559208710889e+02
-2.986749243911504436e+03
-8.999988998539756722e+02
-1.172993618158726804e+03
-9.407787873466328392e+02
-1.095454411039651404e+03
-1.673080627810655642e+03
-1.011643637074412709e+03
-7.514849272626106540e+02
-2.340290272787125105e+03
-1.280993083713765145e+03
-8.973034912786283712e+02
-2.949554692826758583e+03
-2.317823042649292347e+03
-1.887547574247129205e+03
-8.680306230783153296e+02
-1.921904447598322577e+03
-1.167074745041709321e+03
-1.267304664029068817e+03
-1.675815676051613536e+03
-8.994376600313166819e+02
-1.795662755117965162e+03
-8.771799501776827128e+02
-1.083837476730163417e+03
-1.002643476678515412e+03
-1.931892635054517996e+03
-2.552968663183070475e+03
-1.429387196163138697e+03
-8.767157688480870092e+02
-1.276334885038754919e+03
-1.043760790001104851e+03
-1.301503020418964525e+03
-1.632744154353104477e+03
-1.093977694169063852e+03
-1.241999178833863652e+03
-9.644814965571009679e+02
-8.134656837201542885e+02
-9.033359927115038772e+02
-2.094604092229282742e+03
-1.218815295214292746e+03
-1.027651897877212377e+03
-1.270144374010416641e+03
-1.038471544309049705e+03
-7.652721051202460103e+02
-2.046024021594377928e+03
-8.284840397532603902e+02
-9.615703182853095541e+02
-9.608588042089214696e+02
-8.311208791686985933e+02
-8.008502362577988833e+02
-9.584937172278016533e+02
-9.736155323326026974e+02
-9.869574810873095885e+02
-9.001189667839684034e+02
-7.830577863841429007e+02
-7.970146398435965693e+02
-9.719358101752945913e+02
-1.535580195214346077e+03
-8.703600816048535762e+02
-1.040460841552597685e+03
-9.094722266228288845e+02
-9.738113939778187387e+02
-1.004463186357693985e+03
-6.536279575689811736e+02
-1.442442894554491659e+03
-9.308667359320338619e+02
-9.160202309939738825e+02
-8.323288872571932870e+02
-7.623766420287927303e+02
-1.444020570329382508e+03
-8.415113006781375589e+02
-9.514158791006201454e+02
-9.110199779478814435e+02
-1.026797564643588203e+03
-1.536586921690407507e+03
-8.411296631601356921e+02
-7.722441531406808508e+02
-8.885583377461779264e+02
-1.343225144195008170e+03
-9.769163337419943218e+02
-1.696540999437449500e+03
-7.181587328414718741e+02
-7.557021794155783709e+02
-8.815124734310063559e+02
-8.727176510547894850e+02
-1.097514990807122558e+03
-9.042148078879164359e+02
-2.580717170069053282e+03
-1.055106309382866812e+03
-6.700255398126771524e+02
-1.120429344135993460e+03
-8.293177141157893857e+02
-9.658146980392832575e+02
-1.653507227342320675e+03
-9.251341212000181713e+02
-1.684249553627415025e+03
-8.006554274908573916e+02
-1.008253583888759636e+03
-1.825369752913338743e+03
-8.601623284140659962e+02
-8.984253986031994827e+02
-8.578577151249438657e+02
-9.737087855034227459e+02
-1.302689244003616295e+03
-1.332204518610131345e+03
-7.686212598976106847e+02
-1.370096864392709222e+03
-1.044809217793671905e+03
-7.964745762221067480e+02
-1.079050251057950163e+03
-2.136790106352084877e+03
-8.602941454860770136e+02
-1.092796575407552609e+03
-1.116069259721551134e+03
-8.151350043599248920e+02
-9.809191897313534128e+02
-1.229080107985704672e+03
-7.689225858881056865e+02
-9.429815315311842596e+02
-1.321172841155569586e+03
-9.090147270004747497e+02
-1.023001325694983166e+03
-1.635755249651931535e+03
-1.556791150310059720e+03
-1.106447835269035068e+03
-1.107578468091200648e+03
-1.197275578149003195e+03
-9.892553553737400307e+02
-1.132150363411840544e+03
-9.526321476354905826e+02
-1.496156904569834978e+03
-1.190962735528360099e+03
-9.725482743869316664e+02
-1.333031385779314860e+03
-1.542072055535882328e+03
-1.492683764244444774e+03
-9.018723036735576670e+02
-1.322832391597277137e+03
-1.065063464947886587e+03
-1.148863404585986245e+03
-9.200359330844410124e+02
-7.845399674367613443e+02
-1.679573573378786932e+03
-2.012869517824497052e+03
-8.151772569468215579e+02
-1.070687944359304311e+03
-8.071943302714062156e+02
-6.387795961215822445e+02
-9.065000137436264822e+02
-8.622108957166157097e+02
-6.769571487002004915e+02
-9.242203412221306280e+02
-8.098031826079021585e+02
-1.097499596595721414e+03
-7.737301209204142651e+02
-1.061992005628210791e+03
-9.184854668933226094e+02
-1.092298066005756027e+03
-9.888881858402053240e+02
-9.954769181872266017e+02
-7.932976412402347250e+02
-1.607222276820417619e+03
-1.029744303085994716e+03
-8.421168728661984915e+02
-9.595535835755450762e+02
-8.615900169751478188e+02
-9.059456094671398887e+02
-7.019727672444802238e+02
-8.610410739211778264e+02
-8.586740462318189202e+02
-7.764965854172329500e+02
-8.025866359931549141e+02
-8.323991143350622224e+02
-8.479020064918784101e+02
-7.774254542585723584e+02
-8.285233922571012499e+02
-7.711534209137406606e+02
-9.314567098260656621e+02
-1.256088259216496908e+03
-1.108944927201076325e+03
-8.071026786533820996e+02
-8.000400036987066414e+02
-7.926807845101984640e+02
-8.773756710609710581e+02
-1.507521065578214348e+03
-9.228727386312972385e+02
-8.378801370335349930e+02
-1.178885621637654140e+03
-6.929813829022866685e+02
-8.625759713354839278e+02
-8.369878264858778039e+02
-8.695897612923924953e+02
-8.562457184217341819e+02
-9.334742408266594111e+02
-9.356870900236059470e+02
-8.278549190138979839e+02
-7.940321679082121591e+02
-9.997035878230270782e+02
-9.838797932344381252e+02
-7.403794830680740233e+02
-9.433919453265009452e+02
-7.054016347221431715e+02
-6.862175795353309695e+02
-7.326791529011156854e+02
-7.889340757803448696e+02
-8.992853072884056473e+02
-7.904013444421899521e+02
-8.065032329346272491e+02
-1.091101437473928854e+03
-8.607161579935562941e+02
-9.982227143120427399e+02
-8.736769615891964804e+02
-9.273736242815657533e+02
-9.814681515891567187e+02
-1.011976810832040201e+03
-5.215115106510852456e+02
-6.815614365229845362e+02
-4.062587430324483080e+02
-7.784221062496245622e+02
-7.135876065899597052e+02
-8.065054923003802969e+02
-7.821209861251411439e+02
-8.651531190739150361e+02
-7.484085235811090797e+02
-7.772618523980805776e+02
-9.067034945831696859e+02
-7.408309076546070173e+02
-4.435190661740358564e+02
-8.892817288337419086e+02
-8.216396954995237820e+02
-6.265192747435944511e+02
-6.305112717309731352e+02
-6.984234608610832993e+02
-6.696872786744877430e+02
-7.951723921153864012e+02
-6.540391022991141199e+02
-6.279445945283578112e+02
-8.473060357517493912e+02
-7.519916235462300165e+02
-9.640443478484259003e+02
-8.166608099149790405e+02
-8.949468179381689197e+02
-6.931381645400571188e+02
-7.627640625025670715e+02
-8.293152705033203347e+02
-8.247496049413358605e+02
-5.776843390222035168e+02
2.484018835451411746e+02
-7.162062436235077030e+02
-6.238041660070022090e+02
-8.463461934640613435e+02
-5.384730324447771181e+02
-6.849459611485719961e+02
-5.924082650990555976e+02
-6.970078851667401523e+02
-6.932878056135311908e+02
-8.354401076973870204e+02
-7.143415693246040519e+02
-8.531909943978171214e+02
-7.783096306037080012e+02
-4.494485791284942025e+02
-9.903283685411092847e+02
-7.289938463603189120e+02
-5.464740134826361100e+02
-7.678005368581079892e+02
-6.226611864399592378e+02
-7.271198786763673070e+02
-4.634794904666123330e+02
-6.098318988159303444e+02
-9.123828083284911372e+02
-7.836839354927473096e+02
-8.817418085847577913e+02
-5.628530320896824151e+02
-8.058338331452636112e+02
-6.136502309126435648e+02
-8.596457280826698479e+02
-8.604608616517034534e+02
-9.902069201596110588e+02
-5.775550865389983528e+02
-9.340339999056116085e+02
-7.049716736666259749e+02
-5.634458792514078596e+02
-6.382906443600506918e+02
-7.017231370483196997e+02
-7.376986142006209093e+02
-8.854247824285544084e+02
-1.636394714057916644e+03
-6.474816720224828259e+02
-7.322263777884475076e+02
-7.221396236130545958e+02
-1.221083626334836026e+03
-8.895935043224591254e+02
-1.275978599101503505e+03
-7.975720740086385376e+02
-3.957075090307280334e+02
-7.748354701176891695e+02
-4.949514018210047084e+02
-5.510138564803477266e+02
-7.137635501926015422e+02
-1.099971722403749027e+03
-7.993235225221155815e+02
-8.641675018740033920e+02
-8.711968913995947332e+02
-6.243055264144468310e+02
-8.034168649911118791e+02
-9.334762574754851130e+02
-9.759411399840045078e+02
-6.357395739999262787e+02
-6.766294488451839015e+02
-5.874128131575707812e+02
-6.865548862063541264e+02
-8.073385293613715703e+02
-1.567931384699805449e+03
-2.046661085772380829e+03
-1.580746932642878619e+03
-3.042571939924187063e+01
-9.417433485814297001e+02
-5.764292136716571804e+02
-7.416493279030823942e+02
-3.455102710557711134e+02
-7.388761508447996675e+02
-6.129050526950755966e+02
-7.585310729584613227e+02
-5.560805465249728741e+02
-1.290214733181113843e+03
-6.392365983041222535e+02
-6.679907418259772385e+02
-6.611393193670129449e+02
-5.583657229612335868e+02
-7.868075161304913081e+02
-6.694640483200247445e+02
-5.473995268947160184e+02
-9.179350545535227184e+02
-7.608504294718831034e+02
-7.677451521700272679e+02
-7.947384586080693225e+02
-6.795127333594862193e+02
-1.321924301292266819e+03
-5.939008701977793407e+02
-6.754097322993548005e+02
-6.703718154853727356e+02
-8.207473919567385110e+02
-6.502090713966543944e+02
-9.174020721171783634e+02
-8.317924494894706413e+02
-7.022556974277717927e+02
-6.250359623857282259e+02
-7.141455984079863128e+02
-6.142972105210893687e+02
-6.068641634795482105e+02
-9.038648436415626293e+02
-8.278171120334711759e+02
-7.322450975910563784e+02
-6.343909193479814803e+02
-6.606775565652081923e+02
-8.916928809906745528e+02
-5.300555256916588860e+02
-1.055575662711600671e+03
-6.865165092001269613e+02
-8.833519051276626897e+02
-9.810025333905273328e+02
-1.343346168869083613e+03
-6.725550707400034298e+02
-9.771861272022734966e+02
-8.602600432520977165e+02
-9.401519269984712537e+02
-1.815266499148598086e+03
-1.531571338326051318e+03
-1.562877195967758780e+03
-9.907755991298670324e+02
-6.308947409346761788e+02
-1.974072080878750057e+03
-4.553538207535525544e+02
-1.417772630352039869e+03
-6.522096684990879112e+02
-1.003112086092888603e+03
-9.339686725568774364e+02
-8.679456348313615308e+02
-1.272898314160321206e+03
-1.358089168560320786e+03
-1.716735204821504794e+03
-5.859566458973864655e+02
-8.670628241666458962e+02
-1.159579278529296289e+03
-5.803476002923389387e+02
2.751295551478789889e+02
-8.796104597992790559e+02
3.917558885263190405e+01
-2.007849262899767950e+02
-5.963075990948718754e+02
-1.227181428881517149e+03
-8.408699507799265120e+02
-8.550289184818252579e+02
-9.169231850784336757e+02
-6.811737421170323614e+02
-1.068564895604545882e+03
-6.299729576404470208e+02
-6.640185101849492639e+02
8.563631119973285877e+01
-3.174093717379926147e+02
-6.537487973552822496e+02
-3.162014010723401043e+02
-9.643114909372728789e+02
-4.550933499826049911e+01
7.585813611893587449e+01
-6.007320923943674416e+02
6.159533031805060546e+02
-8.073472718089344653e+02
-8.369328422449299865e+01
-2.068240897203465920e+02
5.322843444556384611e+02
-1.566047173663247918e+02
-3.014931397954619570e+02
-8.779400409768275040e+02
-4.484840766981036495e+02
-3.890634701394042736e+02
-3.222991864343163115e+02
-7.519017493353456985e+02
-8.300391616872464056e+02
-4.459806354645140800e+02
-9.237091048549464176e+02
-8.648388974009249068e+02
-1.292238080701758918e+03
-8.039462906257824670e+01
-1.558334376593522393e+03
-4.868969505653595888e+02
-1.088900537566899402e+03
-1.315810892618335174e+03
-1.109722674913414266e+03
-6.508055874710270245e+02
-7.683810165189431700e+02
-6.425264861692908198e+02
-1.185603999590162175e+03
-8.604149496713374674e+02
-1.119055681894367808e+03
-1.585071876367318964e+03
-1.443560530503830705e+03
-1.632968331699969440e+03
-1.421369142667929509e+03
-1.044293054413590653e+03
-5.351784719713240293e+02
-9.048086212424793757e+02
-1.161368345995812206e+03
-9.435203211351361006e+02
-5.756765349272881167e+02
-5.273020680298797060e+02
-5.773520810025806895e+02
-9.115393126883258219e+02
-6.178362934164525768e+02
-1.379157479787746297e+03
-1.245737341512185139e+03
-1.166911305886016635e+03
-1.053234484003292209e+03
-1.277191737093245138e+03
-1.808092968005487364e+03
-2.009375442967083927e+03
-1.391365756710123605e+03
-1.616143436216360442e+03
-1.258393471637378525e+03
-1.503509398390346632e+03
-1.256452548386846956e+03
-1.384431313561457728e+03
-9.643860358260767498e+02
-6.031873809745645758e+02
-1.455330695942614511e+03
-9.738005297180563957e+02
-1.791416507606892310e+03
-9.199070725802235984e+02
-1.471181182480646385e+03
-1.421778314298566102e+03
-1.677342499263063019e+03
-1.036095475526955852e+03
-9.673410134503541258e+02
-1.554686379544702049e+03
-4.909934462318714168e+02
-6.399855100430634138e+02
-2.165021029913485108e+03
-9.451617043687999740e+02
-1.357370411904278171e+03
-4.869636759160094357e+02
-1.147443914241750008e+03
-6.589859267540603014e+02
-5.224736709501602263e+02
-1.100616123105195811e+03
-4.983272342354500211e+02
-5.445464959231362627e+02
-5.405749368705791085e+02
-6.150033587161303785e+02
-5.242245196617698184e+02
-9.681594547638731001e+02
-6.040080824895972000e+02
-6.135463467825993575e+02
-9.032522511763041848e+02
-1.133143638484057874e+03
-5.798626480288799030e+02
-1.540126885433079906e+03
-1.140260796771074638e+03
-6.140677509441597977e+02
-5.776434422310433092e+02
-8.043443358785535793e+02
-6.515546909206731243e+02
-5.738186116333472455e+02
-4.962886283645818821e+02
-7.464450718756723973e+02
-6.835855058463521345e+02
-4.799023317752706248e+02
-5.157274708331754027e+02
-6.060919800552306924e+02
-6.318082820389815879e+02
-4.906484458249829004e+02
-5.040356649524720183e+02
-1.337015518599650022e+03
-2.844945171812393028e+02
-4.979212226640568133e+02
-4.666244464452470879e+02
-3.521162228338022828e+02
-5.911384536729475485e+02
-5.779924336332708208e+02
-5.634278030260787773e+02
-6.425832574027658666e+02
-2.096421329746150946e+02
-1.900148330297448638e+02
-4.157547703268849091e+02
-4.057730103317140902e+02
-5.731738159874804523e+02
-3.491182129213444227e+02
-2.679909859922668147e+02
-5.142926708421107378e+02
-3.402630588432511445e+02
-1.309780365801543439e+03
-1.038667334367288078e+02
-9.334719262855883244e+02
-3.535660585720251561e+02
-5.981845810142003756e+02
-2.663750341299183901e+02
-1.892916563582986100e+02
-8.819630568396707986e+02
-2.527538011437819137e+02
-4.606274543010609364e+02
-8.925359677559517877e+02
-2.666368759546002707e+02
-4.303564220730396528e+01
-6.239943788753970466e+02
-5.579278612995157118e+02
-2.108276823226159138e+02
-8.003316299413087336e+02
-5.728064729290599644e+01
-7.814456998968510106e+02
-8.849501269989743832e+02
-8.391076099605342051e+02
-3.579324361843453062e+01
-3.392315579484524051e+02
-6.843401825603971247e+02
-3.211821784300536820e+02
-1.164843474730758544e+03
-1.159677049837433060e+03
-5.906793823468893834e+02
-1.136029367295111342e+03
-1.058972499151452666e+03
-6.894886886056774529e+02
-7.352999963541587931e+02
-2.032546054267092188e+02
-5.547706200478727396e+02
-4.084115425970992419e+02
-9.058950097614908827e+02
-4.389365667580976833e+02
-6.561213113774196017e+02
-3.405443104429983805e+02
-8.461609811196262854e+02
-3.829825082356903749e+02
4.256157909624001832e+02
7.129059063876644586e+01
4.766381263018495815e+02
1.946106911606102017e+02
3.127043349382722113e+02
-4.361738287661154345e+01
-1.429895473558102594e+02
2.319068044859502606e+02
1.871998574153432742e+02
-5.896848938869322865e+01
1.558998175860704123e+02
6.399975488780353317e+02
6.596485712024136774e+02
2.063049292326232376e+02
1.942070161625404126e+02
1.059663470511115975e+02
5.171458185400624643e+02
6.619045805271387053e+02
6.719424318739930868e+02
4.454638458518723496e+02
1.119775043695103705e+02
6.298376072452435892e+02
7.148674432334400990e+02
5.306057170196506831e+02
5.925002365769457811e+02
3.337643337498466281e+02
6.820639922678317362e+02
7.643119077484934678e+02
3.803254375264234568e+02
2.885020109773495278e+02
-1.362710246341499953e+02
4.206065698265462061e+02
7.782131255270448946e+02
4.831613627003758893e+02
5.951505756862981116e+02
8.418806673313496276e+02
7.784343701768705159e+02
2.857993214976544323e+02
1.359156245152521478e+02
7.823694404005301521e+02
1.012897919658918909e+03
4.075446615398685708e+02
5.914689378636976471e+02
5.210638182050749947e+02
-1.797273110154112032e+02
-2.139178664752639634e+02
5.745960626892795062e+02
9.432597022504687629e+02
-1.464352057404793641e+03
-1.508326967538868530e+03
-1.302009630694046336e+03
-4.009176253797853633e+02
-1.314904861033354337e+03
7.877202411261687303e+02
-5.985949898079195464e+02
-7.876746541103323125e+02
-1.099382232711747974e+03
-1.090124879815312624e+03
-5.584434844053512279e+02
-2.032802073692297142e+02
-6.453351314387155071e+02
-5.379593111762430908e+02
-2.282985639065939267e+03
-5.154899163523053858e+02
-2.475358064606271284e+02
-5.272979919526077310e+02
-5.806749155758002416e+02
-4.953292883750705187e+02
-3.339322391334094959e+02
-4.667523633157086351e+02
-3.198689698577130684e+02
-1.622084272060135390e+02
-4.394684378714429158e+02
-4.626046092830449652e+02
-5.119671589513394565e+02
-3.096375005505384479e+02
-5.058870243670597233e+02
-2.172121997192200240e+02
-4.822080187538946916e+02
-4.479961833308244650e+02
-4.890623514147495143e+02
-6.414935739806973061e+02
3.785869253788668232e+01
-5.758494551750927712e+02
-5.471555420524880446e+02
-9.846755434259131334e+02
-1.208170750263563832e+03
-1.460561978573774240e+03
