-2.543926996074725139e+03
-7.631544995092634736e+02
-6.649147614043019985e+02
-5.185470943985088752e+02
-6.807095408348596948e+02
-7.465848473112871488e+02
-6.604182389121871211e+02
-7.143362024905535463e+02
-8.919391928584856259e+02
-7.103513671654239943e+02
-8.212684902708023174e+02
-7.013083027494429871e+02
-7.571223323525372280e+02
-5.278786915162719424e+02
-6.756413744047644059e+02
-6.076284536901811180e+02
-3.997279815278312753e+02
-5.644277287722575238e+02
-6.968220478362135282e+02
-4.544768992195189981e+02
-2.807657486147752479e+02
-5.406905513609818854e+02
-4.433756624331521152e+02
-6.608163034452568354e+02
-5.119274032403782257e+02
-5.437179217822257442e+02
-6.574226143592824201e+01
-8.844743876730558441e+02
-1.442180790478013932e+03
-5.268519200783429142e+02
-6.641423733769269120e+02
-8.331809659205146090e+02
-1.463231903766613868e+03
-7.352575012724259977e+02
-6.732565843751854118e+02
8.984397721750407584e+01
-5.472985941879900338e+02
-6.223303382591367381e+02
-6.817026549017103889e+02
-8.208364905615773068e+02
-2.121014003465596943e+03
-1.092551557431892888e+03
-1.271797526789088352e+03
-8.564445401749237590e+02
-9.644430287780566005e+02
-5.734761919353449002e+02
-8.614395095553566080e+02
-7.311847033958904376e+02
-7.074351987728920221e+02
-5.329387921129584811e+02
-1.456155566000135764e+02
-4.664109188614509094e+02
-8.315480104691247334e+02
-7.427716356809927447e+02
-7.421037637440211938e+02
6.152928632539101272e+00
-9.264792760057980558e+02
-3.294085837949286315e+02
-5.572434528616089437e+02
-8.004910342692326140e+02
-3.256769626817864491e+02
-8.929022211323585907e+02
-6.522200378489443438e+02
-1.137125850986546709e+02
-1.396439627469037760e+03
-1.043459317536735398e+03
-2.498427981197969530e+03
-3.667332907791480920e+02
-8.650020688887427696e+02
-4.746328770969050765e+02
-1.052083499252383035e+03
-1.272821468960375796e+03
-5.150841804604987146e+02
-4.552723858750277941e+02
-5.798743657973187737e+02
-2.812409962464386126e+02
-9.478066480432682965e+02
-1.055056973202211566e+03
-2.468578399184481782e+02
-1.048029120207769893e+03
-8.601626066456782382e+02
-8.665124826412995844e+02
-7.361298255866621503e+02
-7.235961374606519030e+02
-6.919402248836643139e+02
-1.192409357458233899e+03
-5.577358986940297427e+02
-5.097325858713196567e+02
-9.735815467896884456e+02
-1.116419593172703117e+03
-8.823940329227126540e+02
-8.444563489127300500e+02
-8.014394117075059967e+02
-9.052627894905318726e+02
-6.131509701523029889e+02
-1.177008713174208879e+03
-8.528761234074271442e+02
-6.146195277718711623e+02
-3.293146824913992532e+02
-8.681950398690097472e+02
-7.432357621808599788e+02
-4.103586935728370690e+02
-7.665517848965660050e+02
-8.614047496818560603e+02
-9.791215299685084119e+02
-1.253730070076186621e+03
-1.117159954027707499e+03
-9.398530968275765645e+02
-1.591319483262985386e+03
-6.589375460951762875e+01
-7.780544898535385983e+02
-3.575014657281434438e+02
-6.859791910430774351e+02
-9.900274480629250320e+02
-3.321495977312153514e+02
-7.956592218082663521e+02
-4.234648409249350038e+02
-8.842188698896957249e+02
-1.130317665973982002e+03
-8.595764417106690871e+02
-4.546655634543290034e+02
-1.244904489724837276e+03
-5.473443376225610564e+02
-9.334830041268691048e+02
-7.770042065374976801e+02
1.705873033617010037e+01
-7.367000405259859690e+02
-4.529805853812803207e+02
-2.591405348043728054e+02
-6.593501704152591856e+02
-9.642420013738502576e+02
-8.981317805934161242e+02
-9.131076343058814473e+02
-5.146822985098120853e+02
-8.915078964842321056e+02
-1.100913819076182108e+03
-2.283539500014186103e+02
-8.693486044614249977e+02
-4.768134939941863593e+01
2.769477362700481535e+02
-9.063103017255657505e+02
2.274143315156841254e+02
-1.190452162709003460e+03
-7.066450880441292384e+02
-6.741624050524565064e+02
-6.395188362667130377e+02
-8.761042243900146786e+02
-6.800383776712843655e+02
3.295331550014291793e+02
-3.375131079317768581e+02
6.762731864387828864e+02
5.969334043096237110e+02
4.667718633458003978e+02
4.613262598006544408e+02
9.272777854543986678e+02
-7.602332699169593297e+02
4.535120651530493774e+02
4.907543134086720897e+02
-8.543246795283796473e+02
-8.012854971433609990e+02
-6.562700156957137096e+02
3.339984443325499797e+02
-1.017336843394318407e+03
2.979724596582508411e+02
-3.538368580744571545e+02
1.822891013507475236e+03
1.519437992620450814e+03
7.451460076342206094e+02
7.889092960566455304e+02
-9.229413370808046011e+02
1.155818918344916426e+02
-6.238172924119886602e+02
-7.332404660906197478e+02
-5.492681424401887398e+02
-6.261234796217336225e+02
-3.954069162986204446e+02
8.130227680768084610e+02
-4.333984883734539153e+02
-8.698485629522382396e+02
3.650220388208512645e+02
1.167632920815114858e+03
-2.189934085729904609e+02
2.918347904614956860e+02
6.473452472711876453e+02
1.522589108768775759e+03
1.219802343963411204e+03
2.576317197197209339e+02
1.446041033470656316e+02
8.720226534516582433e+02
-9.071107886107203058e+02
-3.888865205388023583e+01
-8.046055801596507990e+02
8.269855944932548937e+02
-8.722543701189079002e+01
2.069496506864335061e+03
-7.671493079001703563e+02
3.973611549361816628e+02
-9.900437679524837620e+01
-5.384160583098180268e+02
-7.056351083666644399e+02
1.011352961639532850e+03
4.986712913766565975e+02
-8.718893635960412212e+02
-1.911763718714362085e+03
2.608028275691052613e+02
1.620046534287339000e+03
1.738054400870447125e+03
2.126463009926162158e+03
1.461522476240309061e+03
1.795866898373503773e+03
1.114502095104598311e+03
9.170811099974380340e+02
1.625217785051996771e+03
9.776550008837285759e+02
1.063293347938600618e+03
1.804339137012009814e+03
2.485469034685427687e+03
9.657760387040376600e+02
2.210886788044378136e+03
1.379333013133912800e+03
1.854758879015659431e+03
2.163451392652393224e+03
1.729575606975119399e+03
1.403067197823142351e+03
3.956077911380028809e+02
9.617344982266031366e+02
6.549035825268954341e+02
-1.320296984215182761e+02
1.165852596622197780e+03
5.024976168903726261e+02
5.508635161942804643e+02
6.893530237281356676e+02
9.155811703222138931e+02
9.846473007526462879e+02
1.466797818165960962e+03
-3.451033670267392495e+01
1.390330089148815205e+03
1.007836538292091177e+03
1.270418054100148993e+03
1.454378520340678506e+03
-1.316883017428174298e+03
8.459083340437751986e+02
1.367396684928663490e+03
1.532980624947882006e+03
2.037305121022242474e+03
-7.216531789465234397e+02
1.452554174460818331e+03
1.718011506182569065e+03
1.358903214200454158e+03
1.299298052663250701e+03
1.664207449580758066e+03
4.443911181348324249e+02
1.270292995465829563e+03
1.444824759330683719e+03
1.781078681766087584e+03
8.473436786111841457e+02
1.023163580353730026e+03
1.065151475881318447e+03
1.382216467219726610e+03
3.049344334185303751e+02
8.382581337199694644e+02
2.374958915206563688e+03
1.081345521131881242e+03
2.541949734257013006e+03
5.336031002622485175e+02
1.132185401709722555e+03
1.176068548376658327e+03
1.575838371982393028e+03
1.549689255667689849e+03
4.550086979033989110e+02
2.054178878977307704e+03
9.384993150578065979e+02
1.305310428489185369e+03
1.209918666093036336e+03
1.610822587813714563e+03
1.354778281812236855e+03
1.207979543388650427e+03
1.347217902556511262e+03
1.026986102616897142e+03
1.858731307406832457e+03
7.490506483032042979e+02
9.305934095001603055e+02
2.717988884617710028e+03
1.302812804778710415e+03
1.764493291265718426e+03
2.490089205114319611e+03
2.395747935040192715e+03
2.174336016717011717e+03
2.387419525447669457e+03
2.226552619224530645e+03
2.432410364536437555e+03
2.752108770621985968e+03
2.969103782641735052e+03
2.489408982561738412e+03
2.273554589533957369e+03
2.426992782618578531e+03
2.638661611526422348e+03
2.142762017733477478e+03
1.652394796308390596e+03
1.919486396433324444e+03
1.946554611574281353e+03
1.834901518096220116e+03
2.274046172348117580e+03
1.569676398896060164e+03
1.733262875938943580e+03
1.738110566813621972e+03
1.079382330362488119e+03
1.868981661315026713e+03
1.432690751534935089e+03
1.433855667897614694e+03
9.052561857130053795e+02
1.562229317254346142e+03
1.240856232176889307e+03
1.808864373970598535e+03
2.040771948581640345e+03
2.069782826479474807e+03
1.566075763889757127e+03
1.761579374695386377e+03
1.441181795657351358e+03
1.015217543733094885e+03
1.373008960579802306e+03
1.555572079212056224e+03
1.846491717197453681e+03
1.587352901256700534e+03
2.140824979038718993e+03
1.779223057759696758e+03
1.625837879620135027e+03
1.463222484667962817e+03
1.558723875124538381e+03
1.802956946603641882e+03
1.635551955795138383e+03
1.907892185798832998e+03
1.796336025882153763e+03
1.700309855105631414e+03
2.034766324644634551e+03
2.048910310674373250e+03
1.328747997687215502e+03
1.543193596084784076e+03
1.871140926205073356e+03
1.723012197629091588e+03
1.522777646114290746e+03
2.107802294966592854e+03
1.920408487267572582e+03
2.033397436466439558e+03
1.576222146737483399e+03
1.978087114438731533e+03
2.067503785210269598e+03
2.160649147499502305e+03
2.380439511293803662e+03
2.020111291835436759e+03
2.327733851658606454e+03
2.310807397625002068e+03
1.949882109035508620e+03
2.428239992859651466e+03
2.707272564715923181e+03
2.333564203290221940e+03
2.112763153399528164e+03
3.001022291366774880e+03
2.214369195950619996e+03
8.540779439665841437e+02
-2.212650733547889104e+02
2.735554457422800169e+03
2.380705088379351309e+03
2.664793272636494294e+03
2.865190507353747307e+03
1.728148557627750733e+03
-4.738649581470347698e+02
-7.290240981804918192e+02
2.819586469029979526e+03
2.625460448977013129e+03
2.268589211371652709e+03
2.657111297438737438e+03
2.265258453918290797e+03
3.169754036189284307e+03
-1.141318057742629861e+02
3.001412604215519877e+03
2.924334725821601751e+03
-8.740700286958866627e+01
3.034795620978217812e+03
2.889473536253997736e+03
2.022184554885640182e+02
6.842552333973235363e+02
6.672843455539500610e+02
1.294079053462379306e+03
1.666091692781555821e+03
-3.596478250704122956e+02
-1.626642602109345489e+03
6.317990308222969986e+01
-2.942262802110146822e+02
1.564540112124969369e+02
3.053454108818321401e+03
-1.130079462832779598e+02
2.347508404554629578e+03
-1.452373821404618468e+02
-4.242677132681677676e+00
-1.764019819136638603e+02
2.243829358712602243e+03
-3.367863130588512490e+02
-1.338509913166423928e+02
-2.098485694113817885e+02
2.825915453528851913e+02
-6.837339413574648006e+01
1.658863486004722972e+03
2.079484647373902135e+03
1.644676889433427277e+03
1.779645123351105894e+03
1.756185469412961083e+03
1.771241996593313161e+03
2.054060391414369406e+03
1.296573150219853005e+03
1.369108873379944725e+03
1.501458913499658138e+03
1.540640953080235249e+03
1.955407767591573474e+03
1.389610761063202062e+03
1.617857232764417859e+03
1.968319629688047144e+03
2.585036180209944177e+03
2.089557182193857443e+03
2.024287423948934702e+03
2.798930613801789605e+03
1.967611081329948775e+03
2.078358579728864242e+03
1.659550515933142378e+03
1.948990744385683229e+03
1.973588100521948263e+03
2.328618894510390419e+03
2.812136775656490499e+03
2.670024171339905934e+03
2.428829491968683215e+03
1.999462135568552640e+03
1.983963828596463372e+03
2.174534734551955808e+03
2.352305690911321108e+03
2.606890177009208855e+03
2.186988208541299628e+03
2.372006756247414614e+03
1.700972521607526687e+03
2.445712356405677383e+03
2.182609741912355730e+03
2.228842713830481443e+03
2.289131345529567625e+03
1.961340431355738474e+03
2.430083302187651043e+03
2.540265426815785759e+03
2.009513411645231827e+03
1.992925552218464418e+03
2.329213052710725606e+03
2.048612570811777005e+03
1.950006096363630832e+03
1.687231581761032430e+03
1.978717069630176411e+03
1.779114001131595614e+03
2.162675292654628720e+03
2.215305321459502011e+03
1.820027731594653687e+03
1.961854795256293983e+03
1.953979888067820639e+03
2.379582347566474255e+03
1.744956771559993285e+03
1.950645254768941186e+03
2.155350978711005155e+03
1.918564052240369165e+03
1.862339107494670770e+03
1.887606485906553416e+03
1.352125152341187004e+03
1.767178176068219273e+03
1.878603208450276725e+03
1.818973843381388178e+03
-6.200426071709913458e+02
1.750125040280265694e+03
1.825383899745756480e+03
2.166105449043404860e+03
2.048680728439369886e+03
1.860959206251182877e+03
1.822890030592605171e+03
1.604164699958080519e+03
1.876312310587630691e+03
1.928166760355690485e+03
1.962144915244274443e+03
2.260560970423060098e+03
1.817252038839089664e+03
2.106240500786189841e+03
1.842298927620701761e+03
2.445000486478082166e+03
1.982060615781967499e+03
2.076184456290271555e+03
1.910976695245522478e+03
1.975254327675199875e+03
1.693913726573374561e+03
2.268179724779377921e+03
1.588292829660914776e+03
2.300493068810649675e+03
2.037867743320857244e+03
2.058774106003186716e+03
2.215414946012048858e+03
1.717722457571096129e+03
2.067136487504508750e+03
2.053153115210839587e+03
2.273279913313313955e+03
2.203106623767214387e+03
2.045702622299322684e+03
1.943606919938229112e+03
2.261427456219734268e+03
2.271020628293547816e+03
2.351407311186460902e+03
2.082724087152917946e+03
2.115536588085833500e+03
2.128381826095284396e+03
1.804555057625673271e+03
2.044019295841235362e+03
2.051928531719418061e+03
2.585865691990417872e+03
1.825378606834879974e+03
1.959671081401081437e+03
1.783362520789199152e+03
1.828776026295824977e+03
1.895026617243579722e+03
1.802282472260756549e+03
1.753705295566563336e+03
1.905020845521738693e+03
2.062152075949640675e+03
1.776735306739894895e+03
1.770472285818279033e+03
1.646943220044714053e+03
1.962944312102588810e+03
2.213906351063642887e+03
1.928311535106249721e+03
1.783846900727915909e+03
1.882782855493404440e+03
1.583106426413644158e+03
1.722116212364611556e+03
1.458597520575900489e+03
1.568588852347799275e+03
2.131233661567959643e+03
1.769237517218700987e+03
1.914438995713007898e+03
1.548151695520188241e+03
1.559719450165450326e+03
1.717757297253016077e+03
1.695683762809619111e+03
1.853039187814157685e+03
1.484323147305980910e+03
1.594557184517004771e+03
1.705130751462961598e+03
1.962029130431276826e+03
1.464029781784215629e+03
1.837399072550946130e+03
1.583719040571377718e+03
1.849610869389769050e+03
2.044742936502757402e+03
2.049292522607468982e+03
1.598020713087231798e+03
1.959846157930422351e+03
1.621090900864996001e+03
1.716442013270255302e+03
1.621798202488269908e+03
1.310201612573230705e+03
1.339982776240761723e+03
1.104538183585608749e+03
1.421969271896079363e+03
1.315441377498509155e+03
1.766638417920588836e+03
1.475716151525876967e+03
1.747076177626690423e+03
1.663802418998557869e+03
1.757198185419572610e+03
1.620715283331950104e+03
1.579626181431866371e+03
1.940906981722071123e+03
1.526928100062398698e+03
1.659142356474035068e+03
1.990806261254321953e+03
1.668788066923362521e+03
1.568554863045133516e+03
1.757003329949085128e+03
2.198299681780657465e+03
1.918486898341463984e+03
2.071403266459412407e+03
1.876482433181621445e+03
1.856769951165245402e+03
1.674287836382511159e+03
1.691505526863008527e+03
1.989997381512580432e+03
2.377728307851721183e+03
1.980244778610577214e+03
2.463816447012682147e+03
2.059168323391198555e+03
2.064847284373337970e+03
2.166989377145345316e+03
1.952426892590991883e+03
2.059355701365806908e+03
2.065623712788145895e+03
1.961001552322058615e+03
2.003713283741569512e+03
1.572117017767687912e+03
2.201183832728264406e+03
1.681668185812719457e+03
1.971332001094069028e+03
1.861702094816581393e+03
1.993218253783658156e+03
1.921404709714146520e+03
2.149007303799839065e+03
2.518659789470903888e+03
1.928574981641592103e+03
2.253791059428812787e+03
2.502699544977441292e+03
2.281447125432059693e+03
2.426458878792817814e+03
2.106659228942774462e+03
2.109630468423044022e+03
2.226015895818872195e+03
2.045486805476761219e+03
2.413711691599643018e+03
2.343273450104811673e+03
2.205636340981091962e+03
2.303599711668282453e+03
1.827976285395049672e+03
1.998745269689399265e+03
1.840139625413156864e+03
1.910483913889445375e+03
1.942253147548141214e+03
1.639866776437200997e+03
1.873776723280261194e+03
1.527908302618324342e+03
1.770068606164893254e+03
1.887726688477785046e+03
1.868588243706602043e+03
1.790622365448368328e+03
1.783738963729980696e+03
2.126381034247388925e+03
2.278752783928573081e+03
1.749212704394558159e+03
2.001132396310163131e+03
2.094301068986245355e+03
2.055291819630482678e+03
2.206751498993347923e+03
2.294625374410348741e+03
2.023302100454414813e+03
2.395615877036519578e+03
2.315635753733549336e+03
2.000462910074875481e+03
2.119679662420695877e+03
2.108631634407770434e+03
2.327800563563274409e+03
2.159431969497780301e+03
2.225869375986449995e+03
2.155457936613953734e+03
2.541612098690807215e+03
2.485836625946023560e+03
2.178617308641256841e+03
2.070346899589666918e+03
2.308416686611971272e+03
2.199973527398640726e+03
2.482663386072894355e+03
2.226323703980212485e+03
2.471413620112214630e+03
2.033114458789735636e+03
2.365237141932357190e+03
2.442180910752381351e+03
1.999193282435570836e+03
2.044721896360778373e+03
2.314570677782008715e+03
2.189396102707906266e+03
2.315260409119269752e+03
2.167564353907212535e+03
1.978582302975331913e+03
2.044876732492689825e+03
1.927863326998279945e+03
2.177705387208238790e+03
1.742447899061487533e+03
1.949312420873430710e+03
2.373551793500719214e+03
1.934111389348819102e+03
2.076407353352317386e+03
1.983597908742408436e+03
1.876873052968009006e+03
2.336328274237154801e+03
2.131994080423441119e+03
1.939885640689671618e+03
2.082184588046578938e+03
2.373004329775927999e+03
2.238219258442533828e+03
1.956486205042672736e+03
1.999012480856371894e+03
1.930673528594551044e+03
2.170781862601077592e+03
2.405749134209157091e+03
2.186701875760990333e+03
1.896259466202771364e+03
2.177757148979128942e+03
2.198777518750332547e+03
2.085838156265474481e+03
1.998970922257995880e+03
1.880185925727308586e+03
2.074317950884844322e+03
2.099374553303056473e+03
2.260910289033799017e+03
1.726457329927920000e+03
2.096277772310888849e+03
2.067881145301824290e+03
2.167248585712331078e+03
2.019846002529072393e+03
2.213539295685054185e+03
2.351268336539863412e+03
2.232502686491906843e+03
1.978676409763127140e+03
2.194725533064942738e+03
2.300003822128926004e+03
2.051228796484029772e+03
2.406116596024156024e+03
2.280896572530945832e+03
1.953056327485816382e+03
1.993594151026515192e+03
1.907649695894888282e+03
2.294704582318131088e+03
1.977644343000022218e+03
2.063955944207247740e+03
2.469107519900840543e+03
1.946360158067006978e+03
2.111226453922562541e+03
2.216602125303835237e+03
1.960470839886013437e+03
2.380523576723069709e+03
2.080045416694318192e+03
2.319484426359519603e+03
1.919511291448416159e+03
2.170906103314699067e+03
2.494386445722196186e+03
2.353211085080066368e+03
2.289787823833461516e+03
2.375156032010294894e+03
2.259787472279045232e+03
2.262369520341604129e+03
2.270326007222987755e+03
2.184187601557349353e+03
2.378634616712005936e+03
2.600180244558746381e+03
2.247422907720259900e+03
2.147875146159171436e+03
2.104910154511379460e+03
2.222124386533113920e+03
2.283023336421598287e+03
2.273452897140899950e+03
2.167618442821122699e+03
2.257234590211313844e+03
2.397744457234253787e+03
2.304148908774793199e+03
2.308422765035312295e+03
2.163413469133827221e+03
2.496964634682583892e+03
2.295750794660904830e+03
2.216726795776812651e+03
2.150122752424066675e+03
2.467964002418122618e+03
2.329530838415355902e+03
2.415194072265032901e+03
2.098547903244602367e+03
2.431357958653695277e+03
2.258975340423229682e+03
2.525772199003401511e+03
2.702931672185734897e+03
2.221827735720322835e+03
2.817665085668346364e+03
2.622633619110530162e+03
2.271693097766415576e+03
2.556735792656115336e+03
2.471422087877806007e+03
2.307316950745237591e+03
2.274655115196575025e+03
2.259201035929092541e+03
2.652742523717332915e+03
2.138900477687623152e+03
2.634354631005714509e+03
2.108524603741545889e+03
2.000040713481606645e+03
2.450458113184095964e+03
2.286162384059246961e+03
2.313413210413242268e+03
1.719897054779629798e+03
2.390365036769373546e+03
2.215081822450493746e+03
2.550501862792820248e+03
2.108629443221220754e+03
2.286765480944040519e+03
2.170877646438922056e+03
2.725219285530918569e+03
2.329476426483992327e+03
2.393084259082990684e+03
2.040152725312650318e+03
2.016713124185878542e+03
1.998215128056597450e+03
1.962394923123404169e+03
2.275067169675598052e+03
1.984086104445578485e+03
2.250709716333476081e+03
2.265766562245838486e+03
2.311490971483731300e+03
2.272977302846010389e+03
2.226165557428054854e+03
2.518352345002048878e+03
2.178930674483463463e+03
1.892774174922443763e+03
2.379410254386209999e+03
2.321612825419733781e+03
1.905950629382849911e+03
2.378854190756977005e+03
2.277341813004758933e+03
2.195361725328320972e+03
2.154407076800875984e+03
2.217075195731299573e+03
2.498243609759141691e+03
2.217323535319375878e+03
2.643603123541842251e+03
2.617622575571658672e+03
2.336359018933380412e+03
2.236602639281026313e+03
2.093234772613486257e+03
2.026169766145638960e+03
2.464817745084455510e+03
2.311058747402316840e+03
2.456995533394936501e+03
2.048897303541937617e+03
2.066493292340700464e+03
2.090235838211969167e+03
2.416981192983583242e+03
2.069784194984152691e+03
1.732307951556148510e+03
2.233774541838928144e+03
2.399554498505292031e+03
2.050130841153173606e+03
2.049655705291790582e+03
2.287080309874653722e+03
2.065503852929278310e+03
2.233419700576636387e+03
2.133928585447585192e+03
2.031103968775146313e+03
2.396371093216801910e+03
2.008370277266463518e+03
2.185391778813252131e+03
2.047870727762706338e+03
2.207489722595352760e+03
2.125328538387852859e+03
2.113613848337564832e+03
2.458666049979692616e+03
2.163366812766101248e+03
2.383316282864395362e+03
2.275927408261286473e+03
2.139914218377419274e+03
2.069265050581101605e+03
2.459956989965213324e+03
2.298772960093582697e+03
2.576983666222502507e+03
2.264974706344979495e+03
2.345434140801091871e+03
1.838279167909092848e+03
2.221227012875333457e+03
2.536109026898354387e+03
2.294539796824121368e+03
2.257829345973666932e+03
2.411355883450262354e+03
2.305786596037160052e+03
2.132544750886816928e+03
2.312669298055812760e+03
2.316660792363456494e+03
2.174921422474575593e+03
2.372459941541140324e+03
2.258438255884182126e+03
2.189408460660965829e+03
2.195521075869492961e+03
2.250206067348946817e+03
2.319975781952407033e+03
2.234181317601969567e+03
2.444144769200357587e+03
2.153741923500869234e+03
2.305189138808571442e+03
2.228168205479164044e+03
2.481097338828903048e+03
2.427801045950461230e+03
2.555475783713557121e+03
2.199421701519181624e+03
2.678707592408271466e+03
2.205133410352033025e+03
2.401803156055279032e+03
2.322112890280762258e+03
2.363904555099354184e+03
2.377124430220527756e+03
2.529571385363374247e+03
1.965396173481322876e+03
2.256802295703939308e+03
2.162031536203870473e+03
2.305793983932854189e+03
1.993936295018153487e+03
2.238698097406430406e+03
2.354445712588777042e+03
2.481880877150279957e+03
2.200736124695137278e+03
2.124746329691947267e+03
2.281597076536021632e+03
2.452859338049584039e+03
1.904259978269875546e+03
2.184259931560613950e+03
2.309539305390358095e+03
2.223879091271602647e+03
2.249314813834631877e+03
2.137653060309370630e+03
2.308087143108723467e+03
2.324238347758725922e+03
2.002139297194627716e+03
1.810392998708151026e+03
2.391856853715640227e+03
2.169164038477677423e+03
2.420890729596391793e+03
2.404146852417353784e+03
2.282620891134919475e+03
2.123008124297336963e+03
2.385861808011342873e+03
2.287167911652002658e+03
1.992983819587920152e+03
2.105378261412937263e+03
2.421965583916693504e+03
2.090395651308077504e+03
2.140293995043392442e+03
2.313953788730686938e+03
2.249057511330574926e+03
1.750239819208211202e+03
2.259544538805697357e+03
2.249799672621285936e+03
2.073427196292742337e+03
2.526363022138329143e+03
2.361925259083410765e+03
2.205879009669932657e+03
2.356593527092066324e+03
2.423644738992953080e+03
2.451492954852844377e+03
2.376241903451744292e+03
2.528585712581305870e+03
2.480164650079048442e+03
2.072359079994206240e+03
2.145320486283123500e+03
2.526932346443479219e+03
2.562053924048188492e+03
2.078203966322551423e+03
2.353366986496116169e+03
2.223381599418710721e+03
2.432572301484411128e+03
2.468440036532270369e+03
2.435876643119451728e+03
2.311454416947799473e+03
2.249836124996418675e+03
2.246006784845946640e+03
2.135337951205616264e+03
2.395077102933693823e+03
2.364677164604614973e+03
2.482437177895747482e+03
2.156407713522001814e+03
1.786860137717809266e+03
2.054555292368582741e+03
2.423353599987126927e+03
-3.062992747738718208e+03
2.295120115512908342e+03
2.170495753850467736e+03
2.302016490850948685e+03
2.100984759072860015e+03
2.279604315539612799e+03
2.252066811300745940e+03
-1.833092413565002516e+03
2.135006826565946994e+03
2.253002899643399360e+03
1.814051797187711600e+03
1.904161399862897269e+03
2.088628218175580969e+03
2.387918800432579701e+03
2.380191707107658658e+03
2.482103195659052290e+03
2.134594006473743320e+03
2.047160759563871579e+03
2.330530928872506593e+03
2.482721868400617495e+03
2.236951085782192422e+03
2.227257128635315894e+03
2.330476701184857120e+03
2.449311325536803906e+03
2.104704634907411219e+03
2.176413885154142008e+03
2.110751158795853826e+03
1.870514211603242529e+03
2.622117938381456042e+03
2.248419401670453226e+03
2.389056285788747118e+03
2.404649617641690384e+03
2.436370617850663621e+03
1.752863389278854811e+03
2.075077819160878335e+03
1.919819723685293866e+03
2.460704901984871412e+03
2.258830526605063369e+03
2.294824084608022531e+03
2.580151230093773847e+03
2.606586775720942114e+03
