-2.607552829224450761e+03
-8.073179762534739439e+02
-7.083966033848629422e+02
-5.663132990010333288e+02
-7.240780885297174336e+02
-7.903328141201551489e+02
-7.035695516847275712e+02
-7.584235982487290357e+02
-9.333764090105345304e+02
-7.621986213946859152e+02
-8.733650253945620534e+02
-8.383969214918497528e+02
-5.653559990402133053e+02
-9.319081893851735003e+02
-6.883922873257909032e+02
-8.104263166747005016e+02
-6.268140486499017925e+02
-4.666856933334289579e+02
-8.228832028814059640e+02
-8.102268901937346754e+02
-5.509762948484839171e+02
-6.382579658908828151e+02
-5.807226764617945491e+02
-2.915167478652826958e+02
-7.668930846818393547e+02
-6.504781507646890759e+02
-3.439737871073015754e+02
-7.852984241141716666e+02
-7.587073255805028111e+02
-7.966898902977177386e+02
-7.126645167972441186e+02
-6.677274000991500316e+02
-7.584194346826831179e+02
-8.158213021395764599e+02
-7.579902958023160409e+02
-5.049766059261527289e+02
-7.369419555784514841e+02
-6.357945499670963727e+02
-5.517526204276207409e+02
-8.416528631616783969e+02
-6.974031884360545064e+02
-8.729248030019593898e+02
-7.029234932716997264e+02
-9.048198668166597827e+02
-7.377771923909832594e+02
-5.651580377690879686e+02
-6.613864316948695432e+02
-6.182110030453072795e+02
-5.296606580508818070e+02
-8.371600022255740896e+02
-7.796336629472906452e+02
-7.761013516767662850e+02
-8.281595911564103289e+02
-7.187590757310397294e+02
-6.840350249996545244e+02
-6.552288173880079967e+02
-5.882100807562973159e+02
-4.891200749296673393e+02
-9.027592898575304616e+02
-7.388418445708402942e+02
-8.114977704843672655e+02
-7.166487216754999281e+02
-6.609662934475996963e+02
-8.356670236383121164e+02
-7.144719768362355126e+02
-7.188944475309166364e+02
-6.568179498900694853e+02
-1.092641178155173520e+03
-1.027088965537907370e+03
-7.393415964660271129e+02
-7.050191410179133982e+02
-6.607489928579118441e+02
-5.882620785195692861e+02
-6.569073290953900823e+02
-5.989550505625904862e+02
-3.901090213550572798e+02
-6.027402776462954535e+02
-4.783667511788397633e+02
-8.144495315069665367e+02
-5.770506575464904699e+02
-5.296184176353458497e+02
-6.861071872018414979e+02
-4.796430865483848720e+02
-6.320549893585892960e+02
-8.084690137834616053e+02
-1.258414328855814347e+03
-6.476057961207053495e+02
-9.420209163892768629e+02
-5.860032577381299461e+02
-2.406157300181906180e+02
-6.468450613174068167e+02
-5.916857099178141652e+02
-1.345190035186874866e+03
-1.025033632913737847e+03
-3.183196909497864908e+02
-8.001243198447612031e+02
-8.967966870531305403e+02
-6.141967299480950260e+02
-4.045601500615733812e+02
-6.420521223405567071e+02
-4.502904359056901171e+02
-6.272518374792321083e+02
-9.183275018765131108e+02
-4.125185129170475875e+02
-3.855232821369210683e+02
-5.259111024842839015e+02
-7.897700261885458985e+02
-4.422618310203726537e+02
-7.382016552110671910e+02
-9.899033041429372588e+02
-5.570934634750263967e+02
-1.237224282898426964e+03
-1.151164691147560006e+03
-4.619948239316750005e+02
-9.991679817314093270e+02
-8.208665416925515501e+02
-4.236171945065717068e+02
-5.998074459309975737e+02
-9.678312465397083315e+02
-7.822714037325922618e+02
-7.936129417051146220e+02
-1.316217872379793789e+03
-5.376224767872059829e+02
-7.942752666859117880e+02
-4.491881763537860479e+02
-4.769286849190603448e+02
-8.653228157074354385e+02
-4.690123274170492209e+02
-4.208382604953471855e+02
-8.198270401667227816e+02
-7.040442543189423077e+02
-3.037297773576775057e+02
-5.033696537680366418e+02
-1.651595372114419661e+03
-3.707626786374352150e+02
-7.370254400127522558e+02
-9.086737790464540012e+02
-8.858985301264373220e+02
-8.766592461195097030e+02
-5.596471650675714500e+02
-7.259362914303575280e+02
-7.681439799474384245e+02
-6.947747894984938739e+02
-8.398352565155832963e+02
-8.753120646008981112e+02
-6.842663653265119592e+02
-7.510664643162090215e+02
-8.400723109907565913e+02
-1.008832671436249484e+02
-2.776321553582181991e+02
-5.430662975532241035e+02
-4.467123474057282806e+02
-9.428831388723718874e+02
-8.232715264114733600e+02
9.153193982516529559e+01
-9.400050669494956992e+02
-6.270897738611478189e+02
-3.357157519755040198e+02
-5.080978465668969193e+02
-2.229414402976303506e+02
-6.688639969071825817e+02
-4.724141437535895989e+02
-3.582203929429164759e+02
-2.747695334428077558e+02
-8.409499543325730997e+01
-2.818706388823811153e+02
-1.554450053505669018e+02
2.403884252269858735e+02
-1.009702307932271651e+03
-3.941279508710952086e+02
-1.537942552454786437e+03
-5.108070847669154091e+02
-2.751831398991978972e+02
-8.897078063378549473e+01
-1.715895672883808629e+02
-7.901715045160092359e+02
-1.819071993683044866e+03
-1.881201249416553765e+02
1.609493216191509362e+02
-1.211685573203237254e+03
1.009634615082471498e+01
4.275503117777033424e+01
3.748553966182436739e+02
-1.410627734512358344e+00
2.273663570286516347e+02
1.734649661620013035e+02
3.869477887653231392e+02
-9.633470391821671228e+02
-2.550292875498350327e+02
-7.768599902871264931e+02
-3.813612772489620966e+02
-6.160650345293809096e+02
-1.279777051177707108e+03
-5.952058825663681318e+02
-5.726265675309764447e+02
-2.308929216656819392e+02
-7.196631644370215781e+02
-1.076332703896816838e+03
-9.531065150143838309e+02
-4.004341710521568416e+02
-1.134648405530275568e+02
-8.618109488285678026e+02
-1.614522191096313009e+01
-2.039332912668367612e+02
-1.180545069230731542e+03
-4.837859346020599105e+02
1.191883470595735162e+01
-3.560652950726804420e+02
-2.231354367018089988e+02
-3.641280404397273855e+02
-1.287019066292379250e+02
-2.788261936195740418e+02
-9.245022103298239813e+01
-4.665528117274864144e+02
-4.988279205279913526e+02
-1.902937602577913481e+02
-3.570018513897060757e+02
-4.037771442621811957e+02
4.105117202119566855e+02
-1.066273745430682084e+03
-5.836830746646125334e+01
-9.048189069137474689e+02
1.263677925178284340e+03
1.428973160337357285e+03
6.717210048230530219e+02
-2.366896524002972626e+02
-2.856118069806616404e+02
-4.836614830342701907e+02
-5.800280030645062652e+02
-6.291536331052966489e+02
-6.056779929754644627e+02
-3.786370055719902439e+02
-4.848411678326631318e+02
-1.926448652119512133e+02
-4.672930551469478928e+02
-1.364004124725023985e+03
-4.166642795617826778e+02
-8.684520496512861882e+02
-3.949814877022009796e+02
-4.587750830763462773e+02
-1.273899818861331596e+03
-2.136478142037643977e+02
-7.981906932038086779e+02
-1.803023821629979579e+02
-1.187149408707093414e+02
-7.035909785554642895e+02
2.251798464613433026e+01
-3.126307038926795201e+01
1.664884239460927802e+02
8.888624472514106856e+02
-2.355484474126640748e+01
6.261884789524780217e+02
5.678433776974506486e+01
1.033904879551412392e+02
3.518139672715155939e+02
8.310255105706407903e+02
5.508795856982434316e+02
-1.673708516569308131e+03
-5.948061648811478790e+02
7.632700101270415871e+02
-2.345634147390359772e+02
3.517344807763759604e+02
3.622694044291446289e+02
6.341649115455617221e+02
1.644110652258049754e+02
-5.542426806686875125e+02
1.357065354995665984e+01
8.101236303107709773e+02
4.127057516649748550e+02
2.640650987538764483e+01
3.089122116221234933e+02
-5.313029967513666634e+02
9.610943769444016880e+02
6.083090482403574697e+02
6.044101015024085655e+02
7.860475603451587858e+02
8.257197501011663689e+02
8.869506476106548689e+02
4.677395098348017655e+02
5.159759075720220380e+02
4.737699617740452709e+02
5.700077407459815504e+02
7.790613470752748526e+02
8.321736768792266048e+02
1.019381150991292657e+03
8.998786958570030947e+02
5.452405357255715899e+02
7.441859854643029166e+02
1.121001566505914298e+03
6.437485512684612559e+02
6.785825056105512658e+02
2.499531696245954322e+02
5.689089544896013422e+02
5.178589953676651021e+02
1.029487877780968802e+03
1.161034550955676423e+03
3.675302860474445197e+02
6.780227942154419907e+02
-2.189131827753517143e+02
2.275749757140198710e+02
3.918160337109407010e+02
7.415818896326757113e+02
2.852682146662828586e+02
1.061834388732853085e+03
8.601781911135742575e+02
8.760848838481174425e+02
1.265140033398503419e+03
6.969537466747989356e+02
1.203253547363741973e+03
-7.839471061184921155e+02
3.541101715775357661e+02
-3.329599428682806206e+02
1.322098168495525670e+03
3.514714196488534981e+02
7.027821333698002491e+02
3.291710342618531513e+02
7.749853549898946312e+02
6.758335322538040373e+02
5.298515104582561435e+02
2.234098033917979649e+02
2.045685250111904736e+02
7.906759177481136192e+01
5.209505685322350246e+02
1.020066055615596611e+03
7.383386100744162377e+02
8.410582411950776986e+02
5.624885001417654848e+02
1.625251752569350629e+03
1.389696811427786770e+03
8.605686537739757114e+02
6.537010349082668199e+02
5.634729534385630814e+02
9.674678037561201336e+02
6.587039432615556507e+02
8.357807539066866411e+02
1.180330309330262935e+03
7.086929780903399205e+02
3.972596049919469579e+02
8.062198882477692905e+02
7.536729758946573838e+02
-9.892528750610277939e+02
7.654251762086262261e+02
1.244619117092280248e+03
8.483055194886893560e+02
1.222876802256310611e+03
1.575349330417516740e+03
1.237244619819806076e+03
1.229836807973974373e+03
1.585255041467151614e+03
9.448594924385758986e+02
1.103181683863861053e+03
4.701706252140887727e+02
5.457059660845194458e+02
9.250735907462941441e+02
1.367833716031032736e+03
1.031586510806981323e+03
1.288358554501286562e+03
1.263716366349835198e+03
-2.185264689605509432e+02
7.912137544965906955e+02
1.159415503076601681e+03
6.838846936542922776e+02
1.678043796942407880e+03
1.532511350739011959e+03
1.232611453853621697e+03
1.203001705915893353e+03
1.078763840759315144e+03
1.088925008341233934e+03
1.352119874160280915e+03
8.194610596611945539e+02
1.372584977385353341e+03
1.396300330243342842e+03
1.289954801077514503e+03
9.932726883825879440e+02
1.022700052685245396e+03
1.674482114787215323e+03
1.296926177492269062e+03
8.056318685297538877e+02
1.193334340259148348e+03
1.168807292920606869e+03
1.280854084372607531e+03
9.233096679634296606e+02
1.014125603245604793e+03
1.160824446058189778e+03
4.652499056315307939e+02
1.205592313723331472e+03
4.256027838556492497e+02
8.407988225975386740e+02
1.052199773645119649e+03
1.035303659174545146e+03
1.032272662061205892e+03
1.055299953641895399e+03
8.322594563885577372e+02
1.391631204108610746e+03
3.817343719599427914e+02
1.110532364067556728e+03
1.077964702643457258e+03
1.002153230127410893e+03
1.278926921052100397e+03
8.898466967593910795e+02
-4.373998271648807190e+02
1.467510770917264438e+02
5.633347632260366709e+02
1.188197909748991833e+03
1.116109785866776065e+03
1.306811144182561748e+03
7.520555993035793563e+02
2.959675601138156935e+02
3.025024717134624552e+02
1.411897314535034639e+03
6.658784697526905916e+01
6.402389166535452603e+01
1.617335841462689814e+02
4.152399920046988768e+02
1.018666434063022621e+03
-5.444209710228203676e+02
3.262591949236320943e+02
2.547925986504404818e+02
3.716189162832309023e+01
2.070771258414878275e+02
2.329232157732127177e+02
2.172906415452130489e+02
-7.453047145500548254e+01
1.799799509704773470e+01
-1.623773842842200338e+03
3.477309034455968799e+02
2.008058589763662667e+02
2.918169137196744600e+01
6.038072699690089848e+02
5.108641821395881379e+02
9.169069338731368646e+01
2.465164529959079687e+02
2.213791419968387686e+02
-1.478800555030824739e+02
2.678143570014676698e+02
8.014100125571585522e+02
-1.701529520652101723e+00
5.215233810474975371e+02
1.228396023694073165e+03
-6.896808230644131754e+02
3.960636396872726550e+02
7.502655248012176799e+02
5.030910008738123906e+02
1.005385667523310531e+03
2.638054160453631312e+02
-4.661090277365785255e+02
1.152575667874316423e+03
1.424915119762739096e+03
1.198043894355084149e+03
1.266171969496956820e+02
3.645623340138796493e+02
1.170187347435456559e+03
9.629113145728274503e+02
1.122288527858641146e+03
4.992928179121163339e+02
1.442912590912306996e+03
9.489161726161613615e+02
1.220527036965147772e+03
1.495055123536953261e+03
1.618892611191104720e+02
7.273683732611266350e+02
5.758256149080432351e+02
1.511352209317711186e+03
1.449658695618566071e+03
1.249613887349106790e+03
1.581124783738146107e+03
8.550895453158697137e+02
1.275208040176975828e+03
1.127491847413348296e+03
1.492705354227983207e+03
5.378983451646042795e+02
3.603524422741564308e+02
1.159831022021383433e+03
9.280945803883383860e+02
3.686480845112093334e+02
9.270186952001425880e+02
9.343339199479297577e+02
9.309318414775814290e+02
9.125642580099041652e+02
1.006431968593808051e+03
1.079567794521174164e+03
8.447863304475298492e+02
8.191280614504187270e+02
8.688793631809090812e+02
1.014038803843913229e+03
1.128894646784729503e+03
7.053603261608805042e+02
6.388181906555099658e+02
7.890509496253974930e+02
3.412344930237217113e+02
7.619593146407961513e+02
1.047543862023701877e+03
1.608011069168837821e+03
1.295622123683130440e+03
9.087113288553922530e+02
1.577736928121546271e+03
1.459682690620715903e+03
8.780320934067996177e+02
1.480875010529844758e+03
-1.391994041541703382e+02
1.328793240537775546e+03
1.441093074977326069e+03
1.379186341502900859e+03
9.078877435206901509e+02
8.693010211098056743e+02
1.293083828203750500e+03
1.298712065336278783e+03
8.473993683685293945e+02
6.804345586803888182e+02
1.424561058992192102e+03
1.250555880383384419e+03
1.395801515385541506e+03
-1.965208486507825683e+02
8.679647207319441122e+02
-6.428395909638502417e+02
1.351912653418935861e+03
2.988884827655945742e+02
1.299462565696605452e+03
8.997793426494723690e+02
6.872839393895060311e+02
6.129190569419379244e+02
4.676652270483880329e+02
1.492675426922204224e+03
1.461219778118593922e+03
1.260253484784496550e+03
1.257314487449373473e+03
1.671565473820070792e+03
1.340745458254175219e+03
1.239345802819883374e+03
8.251879258017934262e+02
8.622992289121172007e+02
1.274854176464652255e+03
1.301130975267030408e+03
-6.878335367885678124e+02
1.380273913020905866e+03
1.539960732969010223e+03
1.480489923725916469e+03
1.413378045916976589e+03
1.878973367610388550e+03
1.815367328097069503e+03
1.839595967922211912e+03
1.247565503878822483e+03
1.953858616534043222e+03
1.797507412060950401e+03
8.037855139240775770e+02
1.557567096754243721e+03
1.749596248886364037e+03
1.635024643171215075e+03
1.327017867692364916e+03
1.795078712129263749e+03
1.191841530396357030e+03
1.167018750401292209e+03
1.310544990718491135e+03
1.643680907631843638e+03
1.713067147998074006e+03
1.820704032976084136e+03
1.311790301962943886e+03
1.182459556867757328e+03
1.112243202079336925e+03
1.577082354754636299e+03
1.650608246585196639e+03
1.487103896093320373e+03
1.513059067842190188e+03
1.503245260666611557e+03
1.684813662702148576e+03
1.491895073471599517e+03
1.488003886645689590e+03
1.286495268631421595e+03
1.483575550377415766e+03
1.221077112442430462e+03
1.565030305320828347e+03
1.109163014012705389e+03
1.525900147445857328e+03
1.720035924549349375e+03
1.243698770841248688e+03
1.581277357249453416e+03
1.754292723825565417e+03
1.705421056337895607e+03
1.787488407893194108e+03
1.757456320489449354e+03
1.250843070285274962e+03
1.730987273528501873e+03
1.373494228897554649e+03
1.144478462760886032e+03
1.520697214731877921e+03
1.792012298628306098e+03
1.808000269557026741e+03
1.680653250280108523e+03
2.165465931480918698e+03
8.128536948191530200e+02
1.372594862297994496e+03
1.594760080332482403e+03
1.153633745236455979e+03
1.733767769897695416e+03
1.508331487059827850e+03
1.574777915741900642e+03
1.516830726433754080e+03
-3.098576136291785588e+02
9.403388353675869666e+02
3.697750429881002674e+02
2.041027939883044382e+03
1.874003253223930642e+03
1.617136865589499166e+03
1.213009943270699068e+03
1.718575716696792824e+03
1.803845328078997682e+03
1.911589032544811971e+03
1.043720553722838076e+03
1.038570994876208488e+03
1.598156646577558831e+03
2.390147504906234190e+03
1.811686262704849696e+03
1.482647084629435994e+03
9.136290431205208051e+02
1.771409320924475423e+03
7.834517981478729780e+02
1.441166439918300284e+03
1.622632669460416992e+03
1.464461146058749137e+03
1.595669237150007120e+03
1.574631409861705151e+03
1.418074572483829797e+03
9.195346576389993061e+02
1.523739828161648802e+03
1.837277016975826427e+03
1.570327861995009243e+03
1.311362473824881590e+03
1.258594704559455977e+03
1.613841114896694080e+03
9.626477017454715224e+02
1.705689803892144255e+03
1.563249613520891216e+03
1.531126996266050128e+03
1.372313135001045339e+03
2.068585923708680639e+03
1.105557569866525455e+03
-6.472883923732298399e+02
1.659182733447508781e+03
1.855984049632051438e+03
1.484748821915601411e+03
1.591951036418474359e+03
9.620044154170642514e+02
1.045184132611736231e+03
1.386360040091622295e+03
1.958421191748684805e+03
1.531889093377477138e+03
1.757739385995175098e+03
1.828332666030264591e+03
1.451461687190517750e+03
1.226718096564918142e+03
1.231828492966556496e+03
1.438689548606987273e+03
1.245813683640249792e+03
1.157991109692389500e+03
1.663003898491058862e+03
1.719168653986295794e+03
1.572812284996050948e+03
1.226046270231949165e+03
1.492192398060892174e+03
7.237160855591313293e+02
1.855480449566412290e+03
1.850368093018017134e+03
1.523387512888444917e+03
1.615686984614898165e+03
1.569910164483116887e+03
1.487410286210747472e+03
1.663589235926945094e+03
1.526868000869168100e+03
1.156938923250924518e+03
1.687870547940725373e+03
1.530895416795996880e+03
1.548383270123602415e+03
1.719132615957425287e+03
1.707082134553534388e+03
1.589167897881722638e+03
1.362883183483133053e+03
1.945364570099168077e+03
1.932249758017688464e+03
1.543606590277891883e+03
1.700866539859077193e+03
1.491990944802075319e+03
1.821353799317881567e+03
1.397584616321797739e+03
1.905250864920512186e+03
2.088253207462963019e+03
1.841660598513448122e+03
1.314491858797099667e+03
1.410429603394537025e+03
2.034245635410233263e+03
1.713204483765662872e+03
2.009470600247831499e+03
1.160273843140215376e+03
1.418453558055991380e+03
1.635437173813852951e+03
1.104218562259048213e+03
1.337454583348179767e+03
1.451477048584452632e+03
5.912285836909019281e+02
1.025151893279715296e+03
1.217785701154872413e+03
1.257819871506725576e+03
1.028232193886650975e+03
1.302002056493887267e+03
1.307115007344712694e+03
1.231986709534859756e+03
1.210459971742646076e+03
1.223184454115333438e+03
1.228053111903137278e+03
1.241187415183303528e+03
1.072977657055951568e+03
1.302744789860210858e+03
1.324092788391999193e+03
9.728561556488147062e+02
7.515906437829574998e+02
1.032798097873375127e+03
8.914901849115890400e+02
1.130456269365201706e+03
1.315301303453765058e+03
8.599257218179812980e+02
1.197895000297103024e+03
9.354138769973706076e+02
7.809489370782127935e+02
1.541789166617058072e+03
1.380689230300364443e+03
8.661014681803749227e+02
1.494242746577749813e+03
1.294217123243597598e+03
1.205657646656090037e+03
7.510617745301383366e+02
1.213084108077859810e+03
1.373729198642118490e+03
9.746854303097134107e+02
1.133752661256792862e+03
9.864005625452134609e+02
1.100630092488891250e+03
5.778018525911260213e+02
1.286293576052234130e+03
9.228606887302702262e+02
1.106130252602643168e+03
6.936576243852629204e+02
1.276065678578685720e+03
1.089714785650143540e+03
4.732856222537808435e+02
1.252199574899702156e+03
5.362542923552117600e+02
3.525929345526867564e+02
4.993222658003800802e+02
5.032407582864948949e+02
1.081651500705547505e+03
8.638224036494270877e+02
5.780051304886110302e+02
5.622369565312236546e+02
7.414548033509584002e+02
6.226443288469567960e+02
7.019370958473708697e+02
1.111014222237710783e+03
9.036558406615529293e+02
9.472942018563250031e+02
8.125310673240672941e+02
9.265189131389997783e+02
1.563564286684607168e+03
9.711374688258408696e+02
1.139280374858278719e+03
8.391510841341353171e+02
1.076204946141577466e+03
1.447493257643787729e+03
8.375049525602809126e+02
1.087493815323166473e+03
9.250112674416525351e+02
9.871961625443187813e+02
8.929463879029696045e+02
8.133649784093718154e+02
1.004543820208679790e+03
7.593313152352895941e+02
1.342744334987069578e+03
9.142356860325018033e+02
6.118615052832707306e+02
1.022555223175125207e+03
1.444118170104346973e+03
1.119633623573869500e+03
7.727390476224336453e+02
8.692051269156651188e+02
1.459599102136412739e+03
1.222521208278942595e+03
5.008595928239307113e+02
5.595483242212404775e+02
1.178583149547638186e+03
1.554753400983071288e+03
1.119370349989434089e+03
1.028441097043336413e+03
1.054050009091596166e+03
9.758050878403518027e+02
1.283848896866617679e+03
7.853925546812952234e+02
7.816664285750254066e+02
1.215460325867559959e+03
1.663353809545148579e+03
1.418979429908141356e+03
7.536170076080252329e+02
8.796409741843217489e+02
8.238452527016556814e+02
6.034756815441833169e+02
7.479206409730510359e+02
4.824648907585495863e+02
8.883136450400731974e+02
5.573038125927636202e+02
7.467406169751277503e+02
4.947014682082453874e+02
4.919080045839701256e+02
8.330817807329801781e+02
5.667504446827898619e+02
5.003029940988295721e+02
4.974076392026208850e+02
6.538016798188817802e+02
6.494860294357438306e+02
6.918780081266463640e+02
8.832534629323976105e+02
8.281525471604987843e+02
9.788903899454165867e+02
2.899005990132134798e+02
1.259852522664566322e+03
1.001251471491799180e+03
9.017710147847612916e+02
4.162800056339031016e+02
5.461752769602611579e+02
9.880517320382634807e+02
8.153424665901112576e+02
1.506811865401578643e+03
3.237284436104868632e+02
7.686623230806388847e+02
4.180008639324417459e+02
1.117018429045748235e+03
1.096452371761670292e+03
1.162288581275823390e+03
1.243520272655822282e+03
8.540545912711346546e+02
7.256195236716572481e+02
1.000021197640811806e+03
1.166706430805628088e+03
8.818933417640272410e+02
1.231184230732573951e+03
1.151172667995158235e+03
1.354151185301968781e+03
1.474968502444302203e+03
7.917871638820156477e+02
1.663873117086156526e+03
1.244623145505194543e+03
1.408109709702032205e+03
1.518053091709478394e+03
1.259635750825092146e+03
7.728672102201205689e+02
1.464197890754036052e+03
1.382994960674764116e+03
9.316931583772744716e+02
6.451983483183098542e+02
9.667055372786713860e+02
1.679237484073386440e+03
1.826311383579006815e+03
7.457277960123579987e+02
1.391432489139029940e+03
1.353576031519754679e+03
1.498957859926277933e+03
6.873150391218074446e+02
1.075351171123120821e+03
1.207348610339305878e+03
1.480203093649639868e+03
7.076090695535433497e+02
1.326056985367703419e+03
1.140031858095135476e+03
5.179653762721077328e+02
9.872774549866612688e+02
8.675470496890515051e+02
1.353899688088690482e+03
1.257841600883408546e+03
1.584233431363626551e+03
1.558145006730797149e+03
9.153092124465706547e+02
1.027250772604417307e+03
1.479087660619706412e+03
9.612809624669608866e+02
8.848001069171890549e+02
8.355319063767764192e+02
9.224308329537695954e+02
6.979761022480486190e+02
1.291758341391207978e+03
5.674865461794518069e+02
-5.962080322487774993e+02
9.997708082391545759e+02
1.088050168446892485e+03
1.232148647088805319e+03
5.888934213352634970e+02
1.287196816132552613e+03
9.095575116928521311e+02
9.185514448557181595e+02
9.654914024941340358e+02
1.055374948034989757e+03
7.759380197517812121e+02
1.432966532704975407e+03
8.484848735982321841e+02
9.633127766207529703e+02
1.172903921766610893e+03
2.132753133313490707e+03
2.144625652942301713e+03
9.381592611338912775e+02
7.938363031718361071e+02
6.629713565875892982e+02
1.144184666693335203e+03
1.142218529172097533e+03
1.374022101313197254e+03
1.063314471349951418e+03
5.784478772088598362e+02
8.316281275718364441e+02
5.407717899851306811e+02
8.276547441213758702e+02
1.139818560495349175e+03
1.019956617728684591e+03
1.231158048094412834e+03
1.623981684407671082e+03
1.658093341555818370e+03
6.995670900103908707e+02
2.543837321112893619e+02
1.068251675643825592e+03
2.405070341381747767e+03
4.177422665413881191e+02
4.798929374705679152e+02
2.832956044555220387e+01
6.101193497330709761e+02
-2.719118810933318855e+02
8.021410342330556205e+02
1.440808850363961255e+03
2.389688079929466312e+03
-7.542827221037327945e+01
2.218306502419532080e+03
1.068205290411395083e+02
2.866930857260747985e+02
4.301567743109038133e+02
4.538857961704883905e+02
3.494278535559906800e+02
6.116316358804767788e+02
2.633629668727433568e+02
8.516099905933010632e+02
2.482712765986472903e+02
1.158744686196194351e+02
-5.178365476759476849e+01
-4.609019450307797250e+00
-1.437424064298611484e+02
6.256121165640181516e+02
9.187286282876956420e+02
5.416080109860995435e+02
2.915004716369211565e+03
1.694098662551585221e+03
1.844702980427134889e+03
1.911998139917861863e+03
1.190943184297154630e+03
2.001214569556094375e+03
1.511208131338677504e+03
1.548238704057657742e+03
1.856770234737564351e+03
9.296156347878030601e+02
2.369779535067205870e+03
1.462469735208940392e+03
2.037317426971579835e+03
8.572332723153598408e+02
1.900280356208068724e+03
1.259208336719904764e+03
1.183962046638998800e+03
1.394738526594032692e+03
1.047233626498803005e+03
1.378995219078562968e+03
8.068288305425539875e+02
1.089043741107701180e+03
2.655717265988187137e+03
1.978851504323710515e+03
1.439652342186588612e+03
1.882707738873944891e+03
2.574069304072575505e+03
1.638661821756977588e+03
2.201573963478424048e+03
1.449212290527744244e+03
4.319623826019215471e+02
1.844476008688864795e+03
1.999440299816519371e+02
1.733730011373571870e+03
2.445171652105474550e+03
1.619907722834793503e+03
1.302159667612244220e+03
1.820869019120483472e+03
1.331131559442500020e+03
1.191339708383437255e+03
1.711691033240674869e+03
6.190941675114357849e+02
2.905157073296759904e+02
1.533664992623389708e+03
1.676806825628383194e+03
1.717289840603081757e+03
7.408525879330526323e+02
1.523444917513277005e+03
1.215088549535752463e+03
1.268439712809253706e+03
9.496730164347413847e+02
