-2.200926996074724229e+03
-6.421530806400850224e+02
-5.449147613865187623e+02
-3.895470938100065723e+02
-5.607095428176844507e+02
-6.259776947103787279e+02
-5.366484699857877558e+02
-7.018727614393712884e+02
-6.667358083721182993e+02
-6.651692022032193563e+02
-5.618660982171372780e+02
-5.942532840716040710e+02
-5.150380935602620411e+02
-6.436660714061634962e+02
-5.122334000404116523e+02
-7.705075760080028431e+02
-6.976561951620423088e+02
-6.779287743403986042e+02
-6.578966966623511325e+02
-6.263535632428910276e+02
-6.734431901172262087e+02
-4.738515152748113337e+02
-3.956060367178512251e+02
-4.980626001666524871e+02
-6.305260008276211465e+02
-5.782233653511145803e+02
-6.312059318871880578e+02
-5.446542560253908505e+02
-3.548772517164935607e+02
-5.102765180888139867e+02
-4.923126987625753372e+02
-5.082291538448552046e+02
-5.155754748496964339e+02
-5.554399664879839520e+02
-4.024305689269951927e+02
-4.982190171711464473e+02
-4.931331722369436648e+02
-3.742592221980146405e+02
-6.232216297009721302e+02
-5.701267168191156998e+02
-5.192048858662882367e+02
-6.987994587047060122e+02
-5.679165929091361704e+02
-5.614929218636046926e+02
-5.325869425886974113e+02
-7.663573673888267876e+02
-5.966808509430593404e+02
-5.282733955204574841e+02
-6.875285225887454317e+02
-6.094011562809357656e+02
-4.963776942250224238e+02
-2.838061944789927225e+02
-5.314509483503028378e+02
-6.601303521594525137e+02
-3.658225698513620046e+02
-4.669192846680464868e+02
-3.431646283444285928e+02
-5.696370290924353412e+02
-7.062484136919558750e+02
-6.232853996964857970e+02
-6.346883122121325869e+02
-3.902963782964172310e+02
-6.588714960745455755e+02
-6.857820496383651516e+02
-4.732855994396538790e+02
-4.388778216685782922e+02
-5.644496057015869610e+02
-6.923439185514467908e+02
-6.422735979682603329e+02
-3.804740893112375488e+02
-6.161469017057966084e+02
-5.394358054480127294e+02
-5.413018217178929490e+02
-6.474948277308026263e+02
-6.997313029280061301e+02
-4.818263198432811123e+02
-5.368689724323053269e+02
-5.819594207546131202e+02
-5.849913695850415252e+02
-6.495891993751389464e+02
-5.232431319988621681e+02
-4.807592204264186080e+02
-4.469152642144724723e+02
-6.804116744774335075e+02
-6.699716227146640222e+02
-3.360244683707793456e+02
-5.915005835400072556e+02
-3.365227278419238814e+02
-5.570817502583587384e+02
-6.077577924409073376e+02
-4.024475170972751812e+02
-4.610752948376557470e+02
-2.987405745194043334e+02
-7.641687387199873456e+02
-4.227785510998680820e+02
-5.248171235392073868e+02
-6.287223966988283337e+02
-5.998594833412910248e+02
-3.294546373541180628e+02
-6.765803952587027652e+02
-4.684638068725006406e+02
-6.963682100091294842e+02
-5.621689485705015841e+02
-5.487041756857145174e+02
-6.351031782136942638e+02
-7.163744947294824215e+02
-4.285164493322380395e+02
-6.691386196369502386e+02
-5.482217747262083094e+02
-6.457158192804751025e+02
-6.393388267048235321e+02
-6.104603462446294770e+02
-4.728051157055105591e+02
-7.038366460670220022e+02
-5.268085435752840340e+02
-6.569290775520810257e+02
-7.464181407808281392e+02
-7.220358303806888216e+02
-5.322291552521230642e+02
-6.508046550995392181e+02
-5.172312959926683789e+02
-5.347632890489170450e+02
-4.699068227224053089e+02
-5.241885217883582300e+02
-5.344189268685591969e+02
-6.144195390352614368e+02
-6.748442647960404202e+02
-4.479631461705745892e+02
-3.563148419610608357e+02
-2.686244304910210872e+02
-5.469505489463829235e+02
-5.125783372506768956e+02
-6.333897420723635605e+02
-6.728260497937533273e+02
-4.623755335057630873e+02
-4.488547222795531297e+02
-5.688515735871555989e+02
-5.750412865554949349e+02
-4.838009199229947512e+02
-6.002503550576042244e+02
-5.006660751165098873e+02
-5.969230674233651825e+02
-3.093258661102656788e+02
-5.929906045000402628e+02
-6.356621512295004095e+02
-6.217663178374951940e+02
-6.822694644942725972e+02
-5.554449821460377734e+02
-6.488709470410379936e+02
-7.332732201317805902e+02
-5.773440219681415329e+02
-6.527933990844354639e+02
-4.908538971986965862e+02
-3.855768141584829891e+02
-7.101491562015349928e+02
-6.652225315514825752e+02
-6.104071743165595763e+02
-6.134629222313124046e+02
-4.325030975816919181e+02
-5.672127242273228376e+02
-4.976519500728595631e+02
-5.034511841710929048e+02
-5.281192646490916331e+02
-6.644217354671055773e+02
-6.922041879495996000e+02
-5.908108556778867069e+02
-6.653894074416998592e+02
-5.863245892821405505e+02
-7.429909934893594254e+02
-5.475875846915421334e+02
-6.806665647384396607e+02
-6.164147393576797640e+02
-6.372006515881204223e+02
-4.956868298147994665e+02
-5.046162755762434244e+02
-5.535211466447287876e+02
-6.386296427093859620e+02
-4.127037166186624972e+02
-5.446368934827734165e+02
-6.281659616896807847e+02
-4.508365401130625969e+02
-6.327625910477133857e+02
-7.460569702061700355e+02
-6.708938734240373378e+02
-5.346610351578534619e+02
-4.336490442535209127e+02
-5.520422723750473324e+02
-7.012667928642097195e+02
-4.838484556253231972e+02
-6.050034348966211155e+02
-4.994668529041869078e+02
-5.853085080523143233e+02
-6.733882703496270778e+02
-6.991377112552140716e+02
-3.881653396417300428e+02
-5.151386380130454654e+02
-6.153435678383323193e+02
-6.622960921672272434e+02
-6.412287746141347498e+02
-7.613902555214266386e+02
-4.877822076528693742e+02
-3.665275685444618148e+02
-7.013448564609855111e+02
-6.651542702334980959e+02
-6.597929034610368717e+02
-5.855446823417960331e+02
-4.963231038564433675e+02
-5.896454045520687259e+02
-3.892656107322141565e+02
-6.728746624104616103e+02
-6.361615456295775175e+02
-5.679695837635567841e+02
-6.822888992229840142e+02
-6.414489552636764529e+02
-3.734590339521715237e+02
-7.181463789798527841e+02
-6.502835190290815035e+02
-4.843162402552354138e+02
-7.328880597243716011e+02
-5.785114861719698638e+02
-4.499943918757790584e+02
-5.204010120698167157e+02
-6.171475722966971489e+02
-6.383985811821587504e+02
-3.885988796272864079e+02
-5.783740176785804579e+02
-4.627381984965608126e+02
-7.404204862077659755e+02
-4.704658138766766342e+02
-4.250993438683177601e+02
-6.548973158475844230e+02
-4.892308778308371302e+02
-5.399348362872606231e+02
-7.016692021838839537e+02
-6.663339565677392784e+02
-6.404773809633834389e+02
-5.248830620315782198e+02
-7.631757318049749301e+02
-6.318178281178970792e+02
-7.208303171922354977e+02
-6.275899150008955303e+02
-6.556980660074572143e+02
-6.638662578355207415e+02
-4.354505528002720780e+02
-4.447611564323273114e+02
-4.680669818667785194e+02
-5.356492354996231597e+02
-3.920517115015070999e+02
-6.463117346934769785e+02
-5.730895439394341793e+02
-3.504217082029525727e+02
-6.234509866735146488e+02
-6.930706366273242338e+02
-7.193851848732215331e+02
-5.002185508401889251e+02
-7.099841598004773005e+02
-7.687355308651935957e+02
-5.853214541074120234e+02
-5.469825358516890219e+02
-7.660324704699553422e+02
-3.790971966473022121e+02
-6.257760799624887795e+02
-2.412853480906450727e+02
-3.784098784135911728e+02
-4.114034152015382801e+02
-4.296659334247145239e+02
-5.662735760050272802e+02
-2.605854274798293773e+02
-6.606345509464090355e+02
-5.159019476537155242e+02
-6.136429615749485720e+02
-6.785475631283886742e+02
-5.726952873910818198e+02
-6.310826336203213032e+02
-5.495788325629351903e+02
-5.026331857567944326e+02
-7.581744522554724881e+02
-5.497654815277822991e+02
-2.758902371780883982e+02
-5.183876570429329149e+02
-6.025693622732192125e+02
-5.159473923303891070e+02
-6.494447684400314529e+02
-6.299350385619256940e+02
-3.762873775203431705e+02
-7.250660632819175362e+02
-4.381298487032348703e+02
-6.073216664064121915e+02
-7.385442879523175179e+02
-5.512150318338485704e+02
-7.632005681205171186e+02
-4.181805438692713324e+02
-7.194385146187004239e+02
-6.873233493367139317e+02
-3.544805339520386838e+02
-5.597704450010929804e+02
-6.821689991204774515e+02
-4.434047132949855836e+02
-5.495511868951359702e+02
-4.022163025169234061e+02
-3.537556770023355739e+02
-3.473359746834732391e+02
-6.720614601939058730e+02
-6.425870928950591860e+02
-6.849841481289981857e+02
-5.989544287624801200e+02
-5.001791410627133132e+02
-6.239834730934683193e+02
-5.576069511594008645e+02
-6.458285018269158400e+02
-6.886172218349047398e+02
-5.943910707859640752e+02
-5.224317467852765731e+02
-6.886651260597782311e+02
-4.941699025746964367e+02
-3.358154282724411814e+02
-4.186249646915000540e+02
-4.623893619181982331e+02
-5.489647353749282956e+02
-6.704517508776150407e+02
-6.516639055217043506e+02
-7.343990221879817000e+02
-5.942037155613815003e+02
-5.660383470956344354e+02
-6.581144926195898961e+02
-4.510603447645265192e+02
-3.952130957454272107e+02
-7.463975011683712637e+02
-5.713333880892943171e+02
-5.860447818780965008e+02
-6.562104241971494503e+02
-4.622456047178670815e+02
-5.765959019716644889e+02
-5.754975596953286185e+02
-3.830389256054173757e+02
-6.963385965013894747e+02
-5.729958507354234598e+02
-6.461658649942451120e+02
-5.050571070865677257e+02
-5.975335188105334510e+02
-6.386389046942894083e+02
-7.483878831163018504e+02
-7.635184458206362024e+02
-5.972227043244558899e+02
-5.734046861420280266e+02
-7.038775169699083563e+02
-5.529826465606777219e+02
-6.469839438630472159e+02
-4.684215829735248917e+02
-7.460041646426856232e+02
-6.083250167599027236e+02
-6.056486068332239938e+02
-6.782799500118161404e+02
-7.374165995724151799e+02
-5.996636463622767224e+02
-6.320972859592270652e+02
-6.681874637313700305e+02
-4.747859347901980414e+02
-4.953044592102435217e+02
-6.365979845942815700e+02
-6.625975631047219849e+02
-6.974462092855065976e+02
-7.687059905071017738e+02
-2.701658393398065527e+02
-4.875162493519944746e+02
-6.606561555797584333e+02
-4.823526575483932675e+02
-4.491462169026217452e+02
-3.690544264024625818e+02
-5.490772999493711950e+02
-6.418300689446714387e+02
-6.694265834844758274e+02
-5.089576605803190432e+02
-6.811445978376013954e+02
-3.612114775221230616e+02
-3.676209747843698210e+02
-6.944103725339384710e+02
-6.614195356705722588e+02
-3.967132218350326980e+02
-3.600804156505154197e+02
-7.212035148749820337e+02
-5.309175752271916053e+02
-6.175324151345538439e+02
-4.944508958504025031e+02
-6.809709684792559301e+02
-4.362135904924077749e+02
-5.874020247439551667e+02
-5.200822835959178292e+02
-5.326907384097132763e+02
-5.923381764463268837e+02
-5.568554542022653777e+02
-6.500799219630343941e+02
-5.870267630379196362e+02
-7.185057944331799717e+02
-4.459358370068712247e+02
-7.390953642322804171e+02
-5.680694517411272955e+02
-6.506803797370029088e+02
-3.233597364996338683e+02
-6.436853114270475089e+02
-5.391771714184166058e+02
-6.262621494987922688e+02
-7.041083859145909400e+02
-5.801810650852783056e+02
-6.755983267816353646e+02
-7.762510136779990262e+02
-5.341486332909757948e+02
-6.067699976558021717e+02
-6.420303159878505994e+02
-4.130635099768289820e+02
-6.915700527935765649e+02
-6.398110526500381638e+02
-4.796049659336430295e+02
-6.571275912680995361e+02
-3.605923243056968772e+02
-7.597208244274057733e+02
-6.537406555971513171e+02
-5.578461719290590963e+02
-3.927074291772711376e+02
-5.230737016335546059e+02
-5.255269298672340028e+02
-5.483576104296237190e+02
-7.288884287002292695e+02
-5.699760570297655704e+02
-7.235192469946409801e+02
-5.071746116908620934e+02
-7.284201078906999101e+02
-6.678346444492296996e+02
-5.868158312938124936e+02
-7.339783904594814885e+02
-6.166588663893357989e+02
-6.270207446946071741e+02
-6.321446782431755764e+02
-6.231149271730055261e+02
-5.471808192640691004e+02
-6.062759105520158300e+02
-5.319528169088413279e+02
-6.804861135866145787e+02
-6.780541908419786523e+02
-5.670503865691756573e+02
-5.882230244629487288e+02
-6.285956550869910870e+02
-6.812942716924765136e+02
-4.953301399321430836e+02
-4.913180700706238895e+02
-4.980710326417548117e+02
-7.287200225552176107e+02
-6.584280392060752547e+02
-7.675107055818942854e+02
-6.114534323814782510e+02
-5.142633091175164282e+02
-4.665253471051680663e+02
-6.879131145978741415e+02
-6.179458259420766808e+02
-4.003517206676758633e+02
-7.549286416040368977e+02
-5.675501252321802212e+02
-6.307043751737716093e+02
-7.113244811516943855e+02
-7.330872624574778911e+02
-5.225943416661607444e+02
-5.618020575541655717e+02
-4.285232540635348073e+02
-6.140173332810528564e+02
-4.787969132677518473e+02
-5.608657387475032010e+02
-5.494596578649029652e+02
-4.262826764681936424e+02
-4.165633919234997506e+02
-5.928163232078942428e+02
-6.539788280478234128e+02
-7.016408642198288135e+02
-5.754010437253605232e+02
-5.015527932487750604e+02
-6.742002760135408153e+02
-6.419477203058528403e+02
-4.723411568885963447e+02
-6.707212548526363207e+02
-4.858947465395672793e+02
-7.007148987156496105e+02
-4.692511029882165303e+02
-5.170890515716831715e+02
-4.683015218850090946e+02
-4.238055476916529187e+02
-7.336602642869723923e+02
-6.525201540941602616e+02
-3.884682582435385712e+02
-5.892729224361453362e+02
-7.024695054243625236e+02
-5.428375969868077391e+02
-6.945522960635131540e+02
-6.766364674478478491e+02
-6.948479504412421193e+02
-6.628450883240092253e+02
-4.003957064107021324e+02
-6.136077956046408417e+02
-4.462582939503043917e+02
-6.971266555665411033e+02
-3.109734859416991526e+02
-4.164763461322011153e+02
-5.267105077055626907e+02
-3.958717632356489275e+02
-7.312996598475599512e+02
-4.639718872879363403e+02
-6.054171009597831699e+02
-6.568444224908117803e+02
-7.128085437709100916e+02
-5.738884605049261154e+02
-4.864416742279070149e+02
-3.753779394071599427e+02
-4.443575700764575913e+02
-4.621847799787349800e+02
-6.820429962255902865e+02
-6.721660080755893887e+02
-4.758027433224827973e+02
-6.825931045050774628e+02
-3.923681242435116587e+02
-6.064504480188471689e+02
-4.815552655738451335e+02
-6.154508503283891514e+02
-5.163957751364412161e+02
-4.998123987252974985e+02
-6.460270642123414291e+02
-2.556261326509182936e+02
-7.668284683350982505e+02
-7.373350985048443818e+02
-5.672587707604516254e+02
-6.065653093048351820e+02
-6.414486756029913295e+02
-4.142989915962505165e+02
-6.479196254781361404e+02
-4.104121836869147728e+02
-6.279838870027340363e+02
-5.850766968991468957e+02
-7.775181930403388151e+02
-6.036652257289615591e+02
-4.895588049362814900e+02
-3.981874384791371426e+02
-7.757989300314131924e+02
-6.829719163317099628e+02
-4.063348214899500022e+02
-6.504974731629938560e+02
-5.564381590663301722e+02
-6.434152051934024712e+02
-4.032332452400981424e+02
-3.658907408411932352e+02
-5.554963286366390776e+02
-7.081635592776948442e+02
-5.679222604064829056e+02
-3.928985565417037833e+02
-6.305082905362031624e+02
-3.553687812460852911e+02
-4.474799634498789942e+02
-4.083655335149668417e+02
-4.576603362890667768e+02
-6.386205733747659679e+02
-6.500518851105269960e+02
-7.645613713269501659e+02
-2.661324671307490917e+02
-6.469208218865585422e+02
-6.366313879718419457e+02
-5.699594881573700604e+02
-4.601929046145639859e+02
-5.415515159335570843e+02
-6.861944699115732647e+02
-6.718537243277381776e+02
-3.489578289067692936e+02
-6.268674354341894741e+02
-6.757230521078887477e+02
-3.035249840951405531e+02
-5.058522167387199033e+02
-6.431582956267145619e+02
-5.327069120035047263e+02
-6.816667104558598567e+02
-5.536855300291872481e+02
-5.551662472222299129e+02
-3.996816326026303727e+02
-5.509650396261454262e+02
-5.536384668264855691e+02
-3.221960080697540434e+02
-5.465901593995447456e+02
-3.681415446997983167e+02
-2.584350695644355937e+02
-5.499971702261589144e+02
-4.694210780675481374e+02
-5.754226425972919969e+02
-5.956428569789450194e+02
-5.277188147063750421e+02
-7.150986168228305360e+02
-6.703882951308198699e+02
-5.920914992346865802e+02
-4.507048551847080944e+02
-3.646044239773937079e+02
-6.067456868650548358e+02
-5.691612365193323058e+02
-6.600335131688734691e+02
-4.835417193218280545e+02
-7.626229958453781137e+02
-4.998126548009739167e+02
-5.245746424722929078e+02
-6.783074012590208213e+02
-4.289186039807608495e+02
-7.419559079382941036e+02
-5.429400933863654473e+02
-6.253483212764432437e+02
-5.952769618524200723e+02
-4.100363032070084728e+02
-5.650858777972734970e+02
-4.611746166958297977e+02
-7.711978765870130701e+02
-6.553523601054979508e+02
-4.841037691851727800e+02
-4.734430532370860192e+02
-5.263862849227588185e+02
-2.216416517395423966e+02
-7.649217183542732528e+02
-5.463961451401748946e+02
-6.579415653448957073e+02
-5.828871888411262034e+02
-6.432184021423815921e+02
-5.707197082717721059e+02
-5.417260074815649205e+02
-5.989586181480417508e+02
-4.214696394312979919e+02
-5.274379529992182825e+02
-6.298713217864044509e+02
-7.192307099728205912e+02
-6.702539927110420876e+02
-6.158798798800748955e+02
-6.407809347083506282e+02
-5.156174117635041512e+02
-4.992952536948175180e+02
-5.780049203033441927e+02
-5.270424052724994226e+02
-6.494270213369774183e+02
-4.472331163040616389e+02
-6.517770050534668371e+02
-4.133572575744109940e+02
-7.231249619283943275e+02
-6.988863241961684025e+02
-5.027909959665780661e+02
-4.430732650121838105e+02
-6.916558696692115973e+02
-4.296146094770506352e+02
-6.260557043834096476e+02
-6.568886275034828941e+02
-7.541520026628948017e+02
-5.272916881940991516e+02
-6.105597102982824254e+02
-6.493868320213899779e+02
-7.085408876729459280e+02
-4.114418231544573246e+02
-5.272751579136868259e+02
-7.010125378083257601e+02
-3.124045049684519313e+02
-5.921521372875595262e+02
-6.338554211646594467e+02
-5.612715100186522932e+02
-6.056799839582835148e+02
-6.580253503706807123e+02
-7.230114996076143825e+02
-4.613356421858687213e+02
-6.711269833617185441e+02
-6.475907557529178575e+02
-4.601910766020554320e+02
-6.054973079152211994e+02
-6.308281071124131358e+02
-4.802472885466762023e+02
-6.860536921037642060e+02
-6.735254429079112697e+02
-7.308872216437342786e+02
-6.855356633948565559e+02
-7.140669580132758938e+02
-5.141906126763444718e+02
-7.320056769395509946e+02
-4.766642929424759245e+02
-5.594429458192604443e+02
-7.401798770266798329e+02
-6.606387656208547696e+02
-7.230431498425332393e+02
-6.939331930457049111e+02
-3.337010174791282680e+02
-5.666615028154467382e+02
-5.591400221107177231e+02
-4.341328722203984967e+02
-5.192573008936611814e+02
-6.790789930920234383e+02
-5.777105047152540465e+02
-6.723717267168738090e+02
-7.684194091670854050e+02
-5.566520791434264765e+02
-5.436052085200577721e+02
-5.918987351574361355e+02
-5.651980293788875542e+02
-3.460605143302784086e+02
-4.878950968124509018e+02
-7.452125908000963364e+02
-4.208721664598767802e+02
-5.908800169626543948e+02
-4.856906882553267906e+02
-5.161026895425825387e+02
-5.217695999044578912e+02
-6.992220215414633913e+02
-4.713124139355484203e+02
-3.417480554219880560e+02
-5.159296542808648383e+02
-5.930429257348336023e+02
-7.481817500789701398e+02
-7.419765527780010643e+02
-5.277256341670461097e+02
-4.372099006357275925e+02
-5.764609473786250646e+02
-5.772822537297723784e+02
-6.564652215246235301e+02
-6.836873290685715574e+02
-5.415363915410870277e+02
-7.470607173515967361e+02
-3.374092010221728515e+02
-6.938238063364784693e+02
-5.356779274781117692e+02
-5.309262889596453761e+02
-5.767940904013817089e+02
-5.113140157916546400e+02
-5.808070930991600562e+02
-6.729386885052107345e+02
-7.744664212795802314e+02
-6.473361896458087585e+02
-6.936987900208530391e+02
-4.908131769203944259e+02
-7.050861715363045050e+02
-5.417017410167497928e+02
-6.300722200205385661e+02
-3.992305077226975527e+02
-4.832167942365628619e+02
-5.016909098017321185e+02
-6.891751958678817118e+02
-7.550514340762329084e+02
-5.397035152487461573e+02
-3.540792828687251017e+02
-4.658312308152779906e+02
-5.896655156186958493e+02
-6.426610499131772940e+02
-5.456661671136104133e+02
-4.491801529282330421e+02
-6.169527415767862522e+02
-5.157034054383365174e+02
-4.406650304320154987e+02
-4.137381101654079316e+02
-7.462582817677434832e+02
-6.081676765167238727e+02
-5.062346611963228042e+02
-5.497730323704441844e+02
-4.399887229093894234e+02
-5.804301799992091446e+02
-7.019614696968181988e+02
-5.976844821756278634e+02
-4.838930690736833640e+02
-2.723007007781430389e+02
-6.029592794310024146e+02
-3.735802887051404468e+02
-2.992122673838075002e+02
-7.173423428795292693e+02
-7.156585328556743661e+02
-6.782158879680800965e+02
-7.280749561500249456e+02
-6.024640611051372616e+02
-7.182678528884570142e+02
-5.927145926706041337e+02
-4.980053815104872683e+02
-5.379619117422312229e+02
-5.649283484946156477e+02
-5.711633189637605028e+02
-6.966160909450725285e+02
-5.999516794808895384e+02
-5.925830067143548376e+02
-7.049950114802957160e+02
-6.221692685447749227e+02
-3.955136654855761549e+02
-6.188504051046836594e+02
-5.635686299556496124e+02
-4.191598407988593067e+02
-7.587964456838732303e+02
-6.727218197764591423e+02
-6.341065894994409291e+02
-6.111566035906200796e+02
-7.376022993841362450e+02
-5.256409089414562459e+02
-5.731869074748015009e+02
-5.521022116615429240e+02
-4.436682498432555803e+02
-4.448620526280357126e+02
-6.703382755049492516e+02
-5.819603690916992491e+02
-5.396172994710250350e+02
-4.356297862517588442e+02
-6.914120611331281907e+02
-5.119201111344725632e+02
-6.282280845608787558e+02
-5.704935808379265154e+02
-6.280133076433482984e+02
-7.661606796716778263e+02
-6.292899977289630442e+02
-3.530814242848330196e+02
-5.724357716055601486e+02
-5.065380692777688978e+02
-7.508386547416776011e+02
-3.300485069651057870e+02
-6.289297703670079045e+02
-5.900437076234316010e+02
-7.313310667294528002e+02
-5.635027020147273333e+02
-7.358190640864880834e+02
-6.162160226606430342e+02
-4.380647632606209640e+02
-7.670050860720382389e+02
-6.372932377699862627e+02
-3.881713489525637328e+02
-7.249282934953992026e+02
-7.465376447733198120e+02
-6.878030867084506781e+02
-5.497240335187265146e+02
-4.745444081066220861e+02
-7.237792630867138541e+02
-5.969294313724520862e+02
-6.150166886154900112e+02
-6.862501857169264667e+02
-6.789912037352858079e+02
-6.955021120034625710e+02
-5.474711909828552052e+02
-5.662786348361829596e+02
-6.502948469211831934e+02
-7.523255969454883143e+02
-5.697936149523494578e+02
-4.320154983248357894e+02
-4.277400523128775944e+02
-4.063350857854150036e+02
-4.146980744529308822e+02
-4.333601024346892245e+02
-5.263970040026166544e+02
-4.775888007266738668e+02
-6.873142248125772085e+02
-7.061778280531653991e+02
-2.564810283786854370e+02
-6.876191983287051244e+02
-7.531263749090630881e+02
-4.503157026528069764e+02
-5.641419706476355032e+02
-5.693180868994669481e+02
-5.359816792721303500e+02
-6.977969650839758060e+02
-4.676257741169705469e+02
-2.988257307742676403e+02
-3.606869114376177663e+02
-7.365914069026977131e+02
-6.456450347612196765e+02
-6.077822264907954377e+02
-6.065684773752401497e+02
-2.327647623738656080e+02
-5.810593243977243674e+02
-3.242369478018897553e+02
-5.281843996168076956e+02
-5.935928956009427111e+02
-6.667259251449472686e+02
-6.201242273701177510e+02
-5.757390005991661610e+02
-6.399850883509849382e+02
-7.609527205207175484e+02
-5.447956404436774847e+02
-6.858823156980517979e+02
-6.573657846912220748e+02
-5.799378572769152242e+02
-5.388791363997345343e+02
-5.414033153462519294e+02
-5.253821824368048965e+02
-3.635254357428912044e+02
-4.902015750906756466e+02
-4.316896833239573539e+02
-4.979823021081442675e+02
-7.542078313703113963e+02
-5.810356391722190210e+02
-5.840057055393918972e+02
-7.600777467676207380e+02
-6.310490852185253061e+02
-7.185694645962274762e+02
-6.846752199365460001e+02
-5.988508533074159459e+02
-6.404173123875481224e+02
-4.437466784979261547e+02
-3.206474219125888112e+02
-6.081761406506229832e+02
-5.748302380210482170e+02
-5.594729259196500379e+02
-6.511778234466875119e+02
-5.235745506389501998e+02
-5.997019970655458110e+02
-5.973507212446962740e+02
-6.479156120150041716e+02
-6.589977978788173232e+02
-6.851472475002158262e+02
-3.799537029519784141e+02
-7.032664204522470754e+02
-6.789703020798427815e+02
-6.455433665650448347e+02
-7.429027355734503999e+02
-4.922533300487394285e+02
-7.265271170701003030e+02
-4.525903788678433557e+02
-4.872143066822916353e+02
-7.548710976015738652e+02
-4.965818817661786397e+02
-6.152291517449891671e+02
-4.910745593680298953e+02
-5.692200531489492050e+02
-6.624895800018337013e+02
-4.552333351600108244e+02
-4.278883718438081587e+02
-6.718102775357951941e+02
-7.329656237647445778e+02
-6.157576141415081565e+02
-3.803346885832263524e+02
-7.715552230263390356e+02
-5.709722808078993239e+02
-6.581411927206149812e+02
-6.871213050940802987e+02
-5.593685400297944170e+02
-6.359182633000120859e+02
-6.689566695257449283e+02
-5.144535415610471318e+02
-6.153872917145953352e+02
-6.810556879781635189e+02
-7.657009472621620034e+02
-5.411863496637363369e+02
-5.121879312391033636e+02
-5.298076894455762158e+02
-4.443652581955442429e+02
-5.747333261826190665e+02
-4.591677028289456075e+02
-5.211538218638256694e+02
-3.456804246305740094e+02
-6.477844041061298412e+02
-5.964697302519873574e+02
-4.962588323181776104e+02
-6.134222849226177914e+02
-5.861534930877330680e+02
-6.054093756635031696e+02
-5.461566882458608916e+02
-6.457603837438380197e+02
-2.972997271677824074e+02
-5.458091448154135605e+02
-4.006809581827643001e+02
-4.792485530422019337e+02
-2.982620908342793200e+02
-6.812645532182200441e+02
-5.723922737096603441e+02
-3.820153053130601961e+02
-6.519674046861765646e+02
-4.847190717927419428e+02
-2.905898408677197153e+02
-6.743817894626322413e+02
-6.112445406654248927e+02
-7.394033914832743903e+02
-3.315910752962067818e+02
-4.670562264536527550e+02
-6.983405490067581241e+02
-6.243947312776460876e+02
-5.588159319344174492e+02
-3.061474235467281915e+02
-5.399950209262649423e+02
-6.384303421012069748e+02
-6.422406215271382734e+02
-7.073201082882588935e+02
-5.001475148302213825e+02
-5.822758760162373619e+02
-5.475781817090387449e+02
-6.059957442957195326e+02
-4.947349213114872555e+02
-5.523392579911399025e+02
-5.575172572640615272e+02
-7.414362128397073093e+02
-7.120549332245316236e+02
-3.206853980082332782e+02
-6.092731156757778308e+02
-5.143815438946875247e+02
-5.049639564239349738e+02
-5.006510694087683646e+02
-6.248893174447944148e+02
-5.780460035328312642e+02
-6.456883439930088571e+02
-7.101446716440402724e+02
-6.844890764753505437e+02
-6.646025209220854322e+02
-5.551116422029582509e+02
-6.803119828967121521e+02
-4.535343321994979533e+02
-4.949583103418522114e+02
-4.451956375111107036e+02
-4.837138683921920119e+02
-4.280223521843197432e+02
-7.494937346446849915e+02
-4.435291252948184137e+02
