-2.356926996074725139e+03
-6.781542599361600878e+02
-6.462473895988274535e+02
-8.064093179810201946e+02
-6.534340276016262123e+02
-6.723647718832271494e+02
-6.687502915228998290e+02
-7.430662390430400137e+02
-7.015760969012517307e+02
-7.514703360497283029e+02
-6.879029656488751243e+02
-7.472433122196305249e+02
-6.848539151031891379e+02
-3.621010195500091982e+02
-8.449295563413945729e+02
-9.752405526929570669e+02
-9.413623201972441166e+02
-8.311070082377136714e+02
-7.869933084095008553e+02
-8.048902855344126692e+02
-8.652456986686247546e+02
-7.801256432237348690e+02
-8.317168113113106074e+02
-7.430844262718560458e+02
-7.440876743640392306e+02
-7.795625556462841814e+02
-9.109206195551437304e+02
-8.319934607734483052e+02
-7.637517316027458492e+02
-8.248797925584672157e+02
-8.869470291239695143e+02
-8.718260423430380115e+02
-8.085858382045698818e+02
-7.976079161859202031e+02
-8.077935590246713673e+02
-8.835592791537189896e+02
-8.193812702718635137e+02
-1.029729268587154138e+03
-8.030589554904400984e+02
-8.295085096935562206e+02
-7.984520745875363446e+02
-7.612962786764388738e+02
-8.121570325353308135e+02
-9.941388425086964844e+02
-8.604196404056817755e+02
-1.077231381470951874e+03
-8.063953173196326816e+02
-7.636691413525782082e+02
-7.344903350214342481e+02
-8.151151151715292826e+02
-7.930928798215334155e+02
-7.849153337101280385e+02
-7.363747057815922972e+02
-8.648562569669927598e+02
-8.705004939092862060e+02
-8.136611365789341335e+02
-8.089682815261128326e+02
-7.844515085350852814e+02
-8.384841074464616213e+02
-7.166088893372931352e+02
-7.941008849356709334e+02
-8.168578135153870790e+02
-7.992996599310602051e+02
-8.245186442142261285e+02
-7.613420292140941683e+02
-7.390396154337171311e+02
-8.186351599104801835e+02
-7.491756260046369107e+02
-7.583124077099002989e+02
-1.028001568311249002e+03
-8.275680499789125406e+02
-7.139778308818781625e+02
-8.688782058958163361e+02
-1.159260848695469804e+03
-8.178683850930189010e+02
-1.157895360777188671e+03
-7.049761248178909909e+02
-6.606750714471745596e+02
-9.452544491346604900e+02
-1.317406661766067373e+03
-1.082653578969952605e+03
-6.785198206218638006e+02
-6.681650778846693584e+02
-6.447653733467645907e+02
-1.078861895459126799e+03
-1.120274032399656789e+03
-1.313895117292779332e+03
-1.047077430053192302e+03
-7.574329570408465315e+02
-9.302677802255165034e+02
-6.362746569962373542e+02
-1.036729581739341484e+03
-6.925096037110620273e+02
-1.103762475484994866e+03
-1.215242163787541131e+03
-7.068998019911872461e+02
-7.934451817651723786e+02
-9.633689800132610799e+02
-1.022312942253199481e+03
-9.257837223928585217e+02
-5.895439245416292806e+02
-1.063814561617070922e+03
-1.205242713662071083e+03
-8.196196036626300838e+02
-7.807037256970303361e+02
-1.001548741129827249e+03
-6.456317663529280253e+02
-8.470524060542940106e+02
-7.916333403105046500e+02
-9.774995654416177331e+02
-1.058063480555817250e+03
-7.533316833716614838e+02
-8.812871559216484911e+02
-1.073282220124606965e+03
-7.562444256875893416e+02
-8.395312959814497162e+02
-1.028628056153459283e+03
-6.791697014630296962e+02
-8.436729898794226301e+02
-1.207586263427889207e+03
-9.797143630621859529e+02
-9.053057879582074747e+02
-1.007875508241844159e+03
-8.836035718014944678e+02
-6.571428816240488686e+02
-7.190201690926576248e+02
-9.169509631561961669e+02
-1.265730259321475842e+03
-7.843445655914476902e+02
-9.413492556359384480e+02
-6.612742510795642374e+02
-6.870828371462961286e+02
-9.876933272336032132e+02
-8.681483589545759969e+02
-7.399998342802256275e+02
-8.641048521411934189e+02
-1.030346200015758541e+03
-1.115689691590142502e+03
-7.072491564985319883e+02
-7.275179081800457652e+02
-8.411693459208325976e+02
-9.750822097399740187e+02
-8.016688326322675948e+02
-9.019941963686759436e+02
-9.345135439395193089e+02
-8.417641620686878241e+02
-7.059142225302156248e+02
-8.394860235701421516e+02
-6.885271005043371133e+02
-8.822172842565391875e+02
-1.141562088805322446e+03
-8.097409928096910789e+02
-1.019821260133679743e+03
-7.460916701363950096e+02
-6.602980646572746082e+02
-7.776597225569674947e+02
-1.009465586598578057e+03
-9.990547144064452141e+02
-9.587941099681553396e+02
-1.056063555009372067e+03
-9.013228892283425466e+02
-1.116597480476144938e+03
-1.004523209246645251e+03
-6.513517277970183841e+02
-7.500793066237971516e+02
-7.262433943605403783e+02
-6.701992901456251275e+02
-1.014738114339134313e+03
-8.531746072496259785e+02
-9.824867860774045312e+02
-7.773870651989631142e+02
-7.905551922527815805e+02
-1.054630096178643043e+03
-7.870368453794998231e+02
-7.823846417684753760e+02
-8.900561304941103344e+02
-6.476712128435532350e+02
-8.394185981711387967e+02
-7.006686210424975343e+02
-7.319953206189163666e+02
-9.120197560268173902e+02
-7.136094024676129948e+02
-6.992574672128532711e+02
-7.088065049048209403e+02
-7.447554509223840569e+02
-7.477486874291809045e+02
-8.706713159313601409e+02
-7.917272940866810131e+02
-6.906821183881748993e+02
-7.747998636035935078e+02
-6.709960032532989089e+02
-9.073044730944559433e+02
-8.320985421118961085e+02
-6.984554441305905357e+02
-1.032703955563702038e+03
-7.345541132129102380e+02
-7.282826931589298738e+02
-8.964679992385358673e+02
-1.045664998492840368e+03
-9.359153930133899166e+02
-6.717101150218295516e+02
-6.865927779721857860e+02
-1.010493698900578238e+03
-9.280067071386476982e+02
-6.723521249584325687e+02
-8.887545218007121548e+02
-6.802027743682097025e+02
-1.087140888128270717e+03
-1.064160470212973905e+03
-1.070274482582229666e+03
-8.579654115154932015e+02
-5.905787046849229682e+02
-6.694705374895941077e+02
-1.079107996711513124e+03
-6.266537165828364095e+02
-7.483684957554332868e+02
-7.614127292502407727e+02
-6.424923859851240877e+02
-6.671290722745625317e+02
-9.290112466652248031e+02
-7.287217002925823408e+02
-8.263504553085028874e+02
-7.114705438487463880e+02
-7.979017203463488386e+02
-8.489238001082891287e+02
-1.046520950551606802e+03
-8.807672697493095484e+02
-8.965036803989719374e+02
-6.368706120790940304e+02
-1.123252249433957331e+03
-7.203711567754304497e+02
-8.450048940906376629e+02
-9.099292255236435949e+02
-8.270247874042044032e+02
-5.782460273598077265e+02
-1.188408533671649820e+03
-1.062626021592383040e+03
-9.483749164393170759e+02
-6.942953659502509254e+02
-8.153394998072715225e+02
-7.547672701380053013e+02
-1.125598056593847787e+03
-7.390480546408858800e+02
-7.665332701085588951e+02
-7.846516604083850552e+02
-6.644073544464341694e+02
-7.196294924515274261e+02
-1.087327845786554462e+03
-7.809116472260396904e+02
-7.283218189213270080e+02
-9.714162564954015124e+02
-6.793649058658234026e+02
-8.323768633907061485e+02
-7.249124741318687484e+02
-7.958071377757463551e+02
-6.881931605781363714e+02
-7.734654443146316680e+02
-7.162914974754304467e+02
-6.759684723303504370e+02
-1.175177829001939699e+03
-7.868361893341908626e+02
-7.058840126121407366e+02
-6.727976387188525678e+02
-6.860873836011318190e+02
-8.520095951383090096e+02
-7.459346218189031106e+02
-9.002196796956706066e+02
-6.980725688064621863e+02
-7.655052323937712799e+02
-1.029654296267053041e+03
-8.008488720963174501e+02
-8.476594040281291882e+02
-7.703551348523064917e+02
-6.681923732832193537e+02
-7.450444487690515416e+02
-7.445759453366983962e+02
-7.608084343294756309e+02
-6.974461202592854079e+02
-7.848851372189800486e+02
-7.003022080869468482e+02
-7.733822838870300984e+02
-7.090212631193154493e+02
-7.699675336717377832e+02
-6.671281702407492276e+02
-7.456525774489948617e+02
-7.100805877364877006e+02
-7.299010598596767068e+02
-6.271445623779075049e+02
-8.231939651631514607e+02
-7.118265248499602649e+02
-7.114902018233519811e+02
-7.954827039195180305e+02
-6.655452220939425843e+02
-6.916459751821586224e+02
-7.438714667277423587e+02
-7.579011583633225655e+02
-6.268753198211553581e+02
-6.978950836365603436e+02
-7.044951886430666264e+02
-6.555618064480380554e+02
-6.059164829859105339e+02
-7.591847811353453608e+02
-6.640474481649160907e+02
-7.558012924160294688e+02
-8.294226993525378475e+02
-8.171253090311333835e+02
-7.453297967734449685e+02
-8.132282303629611988e+02
-8.403829279957149083e+02
-8.183057681444574882e+02
-8.304863875465708816e+02
-8.246909394179572246e+02
-7.954878397734822784e+02
-7.296843028424250406e+02
-7.402666037111524702e+02
-7.799080742441818757e+02
-8.226971182480426705e+02
-7.660049359351712610e+02
-7.632078301425535756e+02
-7.494044306330514473e+02
-6.380737493111647609e+02
-6.477664647092045698e+02
-5.964844697557357449e+02
-6.942801495255187092e+02
-6.550808020911676977e+02
-5.892660669074208499e+02
-6.677351542053438607e+02
-6.806599230073283024e+02
-6.960568340396960139e+02
-7.996164529212047682e+02
-6.571295076780124873e+02
-5.351899839928050824e+02
-7.465216812611411115e+02
-6.806672728183475556e+02
-5.497075597617294989e+02
-6.441505289986109801e+02
-7.701372332137916601e+02
-6.292461727649116483e+02
-7.573981897899240039e+02
-7.406565307307628245e+02
-6.425499079615627807e+02
-6.998181175204606461e+02
-6.003954033843582465e+02
-6.151432307555322723e+02
-6.143772191661330453e+02
-5.844556943280321093e+02
-7.195407943749044080e+02
-5.978795422911514379e+02
-6.508039926893537768e+02
-5.825497437714337821e+02
-7.596958510879007918e+02
-6.867913516279801343e+02
-6.722752338559760119e+02
-5.575674650822741114e+02
-8.223627813524575458e+02
-6.582031883502604614e+02
-7.916947023493739835e+02
-6.408429247547151135e+02
-7.798245340220113349e+02
-7.202104595299350649e+02
-6.053286503404838186e+02
-7.169838281668972968e+02
-6.148683803757842270e+02
-5.670763028252404183e+02
-7.335946827965267403e+02
-6.635056682539302528e+02
-7.618255450025517348e+02
-6.943165147784432065e+02
-5.318978934852566454e+02
-5.787587770561781326e+02
-5.796424719358672064e+02
-6.595028562625670929e+02
-6.689906240714524301e+02
-5.299881520441063003e+02
-6.235345783707367673e+02
-6.960119455588558139e+02
-7.348983843256962700e+02
-7.560536343563268247e+02
-5.414701758002064480e+02
-6.217799474463367915e+02
-5.506278435125050237e+02
-7.254584099932322943e+02
-6.551830170538179345e+02
-6.654380869139181414e+02
-6.213725945560756827e+02
-7.395434361051293308e+02
-7.774835774460381117e+02
-5.875768090983710863e+02
-6.024110218908558636e+02
-6.411596712736935615e+02
-6.773955615249893754e+02
-5.215682351927771379e+02
-7.074616479545657057e+02
-7.079879398111531827e+02
-6.038421927303278380e+02
-5.747392287104628394e+02
-7.483448631951790730e+02
-4.951214923098256122e+02
-5.373232622778084533e+02
-6.446589899126937553e+02
-4.742028925226652518e+02
-6.508006899895315200e+02
-6.758194533851783490e+02
-7.037585374040572788e+02
-6.655466431922047832e+02
-7.872643559092643955e+02
-6.276368107731500459e+02
-7.171039303968831291e+02
-6.665135802129846070e+02
-6.022429767214359799e+02
-5.916631570909482889e+02
-5.199122140711392603e+02
-6.878784973737675728e+02
-7.539437673714528501e+02
-6.322885932068513739e+02
-6.908511745170937957e+02
-6.085303304765652683e+02
-4.605981659839247300e+02
-4.454865285862039741e+02
-6.384006636012935587e+02
-4.836929447753136060e+02
-7.271041908253522479e+02
-6.433011929767455968e+02
-7.621640566573915976e+02
-7.227052084551679627e+02
-7.384758656122378397e+02
-7.079032078761179037e+02
-6.922547780153121266e+02
-6.635306161670538359e+02
-7.841648573370299573e+02
-7.419210102904178257e+02
-6.551715298830622487e+02
-7.139365302314228074e+02
-8.047968097705391983e+02
-6.985880806177361819e+02
-6.346110726897253471e+02
-7.045130822584023917e+02
-7.364101045327977317e+02
-8.172935008023235923e+02
-7.280832228909488322e+02
-7.898629489858640227e+02
-6.811881241928870168e+02
-6.106633102261763497e+02
-7.241996068875811261e+02
-8.029251172014305666e+02
-6.608566058474106057e+02
-6.650858026037567470e+02
-7.825335448170957307e+02
-6.716465527993498199e+02
-6.698113001467623917e+02
-7.891704354599887665e+02
-6.927977220792585058e+02
-5.945748485914305093e+02
-6.538915152059607863e+02
-7.628841840671741465e+02
-7.650662949757401066e+02
-6.840420152142476127e+02
-7.494906166648149792e+02
-6.315470443741626241e+02
-6.487218639430382154e+02
-7.049053438553678461e+02
-7.219388545177059768e+02
-6.635388764520522500e+02
-6.341153434324889986e+02
-7.254498810799918829e+02
-7.192304695328430171e+02
-6.387319404792991691e+02
-8.250364882401667046e+02
-6.216111270437635312e+02
-6.604343722840453665e+02
-6.822589042693183501e+02
-6.887417845846489399e+02
-7.172574780509230550e+02
-6.244795546631094112e+02
-7.334437455647754405e+02
-7.356386704773078691e+02
-7.261573270044278843e+02
-6.829863403817967082e+02
-6.747581961950560299e+02
-6.521066298653122431e+02
-6.049656642806285163e+02
-6.197183617753805720e+02
-5.932882624692476838e+02
-7.619680712392727173e+02
-7.708827262185434392e+02
-7.013474707770571968e+02
-7.023775426832781932e+02
-7.001703556744403159e+02
-7.200503802981927493e+02
-6.895316278089900379e+02
-6.372073376687319524e+02
-6.916682841745578116e+02
-6.127458503047803333e+02
-6.276536578117343197e+02
-7.490701158834717717e+02
-6.808460798909866298e+02
-7.546976431761382855e+02
-7.373995761432398695e+02
-8.006292879415622110e+02
-7.681923727189745250e+02
-8.125991508758855844e+02
-6.862024161019947996e+02
-6.308758435619984084e+02
-7.238638950844726878e+02
-8.274530415326003094e+02
-6.710823586999445070e+02
-6.990249435201111510e+02
-7.697016561778559662e+02
-7.363180537314584626e+02
-7.321905738957935910e+02
-7.544867021224447399e+02
-7.151126646034512078e+02
-7.794333312815122099e+02
-9.028568249711308908e+02
-8.635793305191542686e+02
-6.409935765206261067e+02
-6.249428336167241014e+02
-7.183480491311286187e+02
-5.942386014461399100e+02
-7.853382146348359356e+02
-9.019054274074984505e+02
-8.089536690846254032e+02
-6.890850538054837671e+02
-7.386032584896165645e+02
-7.484747748901538671e+02
-7.779937721444052841e+02
-8.423109920593849438e+02
-6.845190640304180079e+02
-7.634261084402435245e+02
-6.862666242092104767e+02
-7.131508292590442579e+02
-6.333775960327141092e+02
-7.017572005354547855e+02
-8.080647598363376574e+02
-8.625069931452409264e+02
-8.311045964279085183e+02
-6.451394245998699262e+02
-7.326196371991437672e+02
-7.784726248459421640e+02
-7.469394130416434336e+02
-6.723172901250541145e+02
-6.799482133571656277e+02
-6.627196687228166638e+02
-6.287750731616029043e+02
-7.141352536081903963e+02
-6.638753847082576840e+02
-7.066970893108920109e+02
-6.469738629881575207e+02
-7.122012921892084023e+02
-7.110433494002052157e+02
-8.104341629962644902e+02
-5.515499657575045376e+02
-6.980228113737056219e+02
-6.580325995820098797e+02
-6.969732606971717814e+02
-6.458741042697888588e+02
-7.052563618136252899e+02
-7.913376289587544079e+02
-6.820266366195851333e+02
-6.493692727742351281e+02
-6.833032189994154351e+02
-6.563145694094487226e+02
-6.800457792357831295e+02
-6.764429327601153545e+02
-7.613851348191925581e+02
-7.909055835088031472e+02
-7.020185305240844400e+02
-6.278275145762867169e+02
-7.445700039377807116e+02
-7.203783130605656879e+02
-7.270748732492173758e+02
-7.992647735793068478e+02
-7.514522465282874464e+02
-7.055357103890729604e+02
-6.561485535638194051e+02
-7.453134893426199596e+02
-7.645729439127976548e+02
-6.815321735525737950e+02
-7.485373829035459039e+02
-6.226236122395316670e+02
-7.437282657186865436e+02
-6.516506527742097887e+02
-7.904887166161241794e+02
-7.760179413334069523e+02
-6.959364728492612358e+02
-7.443445480939910794e+02
-9.616768135435842169e+02
-7.418416120628198769e+02
-6.911090156654631755e+02
-6.299789256833075797e+02
-7.352869151562516663e+02
-6.765608573113159991e+02
-6.930584920811714937e+02
-6.708246285508545270e+02
-7.215417345340184738e+02
-7.281928892069247468e+02
-6.600547517595448426e+02
-7.594493587310739713e+02
-8.293392688117525040e+02
-6.191656473023379021e+02
-7.793033360551797841e+02
-8.946979050323408273e+02
-8.040033818948884345e+02
-6.499247278488123811e+02
-7.647454696142779085e+02
-6.296918917045542230e+02
-7.034861016221212822e+02
-7.201666620617123726e+02
-7.353279813906974596e+02
-7.033753880911802980e+02
-9.450753087506153634e+02
-6.802388754882587136e+02
-8.807247792930274954e+02
-6.864922021912633454e+02
-6.969062864879261952e+02
-7.683763805925109409e+02
-6.567693472667002652e+02
-6.884798337286696324e+02
-7.024804207378163028e+02
-7.329368700311679277e+02
-6.444892591036430076e+02
-7.726158550504991354e+02
-7.258911094657827334e+02
-6.293198760119900044e+02
-6.974737876894905639e+02
-6.282391015389505355e+02
-6.791204748086912559e+02
-7.637806316189182780e+02
-8.050555128565121095e+02
-7.552514076332797686e+02
-7.822027701416003538e+02
-6.398028511494192117e+02
-6.999808565044753550e+02
-5.898414785453636568e+02
-6.374293320649863972e+02
-6.841452448863738027e+02
-5.432916460089940074e+02
-7.446017312420849521e+02
-7.062369202407429611e+02
-6.884344817240914836e+02
-7.830434827534442093e+02
-5.619231510580864324e+02
-6.907111610683332401e+02
-5.936821876894898651e+02
-6.264902183675690139e+02
-6.842626028800237918e+02
-7.077914778481900839e+02
-7.793670602931730400e+02
-6.403829972325074777e+02
-5.675416629767247514e+02
-5.670898442119882930e+02
-6.528106364611181789e+02
-7.095007891422034163e+02
-7.145062147771192258e+02
-5.834571221098919978e+02
-5.687400051342812048e+02
-6.955943565589186619e+02
-6.570516361570730623e+02
-6.964869321998005489e+02
-6.494704481039793791e+02
-6.549967728666204039e+02
-6.938981787951348679e+02
-6.634150579552358522e+02
-7.548877790079044416e+02
-6.688673696321767466e+02
-5.587864694932815155e+02
-7.052744209952707024e+02
-7.143495446054835156e+02
-6.545663601955943705e+02
-5.909575028364786249e+02
-6.983147732205679858e+02
-7.271325080916786874e+02
-6.018629449846807802e+02
-7.780104210892567380e+02
-7.451099392388040314e+02
-6.428185122005920675e+02
-6.924752807778751276e+02
-1.047134627316916067e+03
-8.341180253507100133e+02
-6.641307201424045843e+02
-7.246904957191342191e+02
-7.051092319618753663e+02
-7.195106772525164160e+02
-6.469850120818485948e+02
-6.900875590886689679e+02
-7.732624520189201576e+02
-8.003285570605703469e+02
-7.375250790965282022e+02
-6.615441023710654918e+02
-7.494660387939992461e+02
-7.669641726949340637e+02
-7.708026661423649557e+02
-6.762551567837726907e+02
-7.172711005069779731e+02
-6.734161151210397520e+02
-1.056027385367430043e+03
-7.305696506847219780e+02
-9.059741474338665057e+02
-7.539046740068447434e+02
-9.362604682651151506e+02
-6.941384022309067632e+02
-6.600484285526092663e+02
-7.740794702883699756e+02
-7.198049041341632801e+02
-6.973453814154626116e+02
-7.543424629592125257e+02
-9.028840526752708229e+02
-8.904539709504138045e+02
-8.192350051417314489e+02
-7.837635830739983476e+02
-8.029126342542290331e+02
-8.910148481761086714e+02
-8.873117346749188528e+02
-8.018525484503438747e+02
-1.040261645620220861e+03
-7.582158286064961885e+02
-8.326402475927479827e+02
-7.959718767585316073e+02
-8.474480615800900978e+02
-7.894138586161616331e+02
-8.332780533602791593e+02
-7.329383649352955672e+02
-7.606321353319542595e+02
-6.717405257213223422e+02
-6.853055832169254700e+02
-7.968049990853883173e+02
-7.054072688109258706e+02
-6.599347921249922138e+02
-7.423047790339900303e+02
-7.211335381382484684e+02
-5.759083278046341547e+02
-8.064784634724571788e+02
-7.515703508155507961e+02
-8.210709621262715245e+02
-7.119600118121263677e+02
-6.370569719454056212e+02
-9.587072199578282152e+02
-7.729870839494590200e+02
-6.975730491035162686e+02
-5.718959358943936877e+02
-6.537955246393590869e+02
-5.641688181304213003e+02
-5.773937153565275366e+02
-6.379543879899002832e+02
-6.892689740294296143e+02
-6.356441466675779566e+02
-6.984194517703925840e+02
-6.957891614395271063e+02
-6.091169032932195933e+02
-6.653411126997665406e+02
-6.709875972391668029e+02
-7.026570301404959764e+02
-6.189602632600401648e+02
-8.203083927750342355e+02
-8.069184457281497771e+02
-6.003814266825374943e+02
-6.594794497696482267e+02
-5.449668193733732551e+02
-5.958486189996166331e+02
-5.676738876174761117e+02
-8.320406954076618149e+02
-5.762643723471793464e+02
-6.981083852331944399e+02
-4.928464960683922982e+02
-4.413549683931652226e+02
-5.289775729200720207e+02
-8.393279913161860577e+02
-5.300720459016733912e+02
-4.966540455529528799e+02
-6.024866155138458907e+02
-5.302924839976128624e+02
-8.095156440682851553e+02
-7.346728089623878759e+02
-5.383168735587979654e+02
-4.703166384590894040e+02
-7.667618785634664391e+02
-5.289026376328254173e+02
-3.982323639514198703e+02
-4.820299329839687630e+02
-5.581534254355141229e+02
-4.874426680189991430e+02
-7.983360324472574803e+02
-4.945571601592054662e+02
-7.495024131809906294e+02
-4.056709629580352043e+02
-6.409111095361005255e+02
-4.400330166011362962e+02
-4.685412097059984831e+02
-4.853584480871160167e+02
-4.367127579978042036e+02
-7.636363905085945589e+02
-7.104388080590575782e+02
-8.508988731438273589e+02
-7.400652885240762089e+02
-6.643364802726897551e+02
-6.135737167356317059e+02
-7.259231594267009768e+02
-7.085557619715511919e+02
-5.560374028033571676e+02
-6.788556033155495015e+02
-1.008301049516547891e+03
-6.425282893589917421e+02
-7.610598171440157103e+02
-7.017301235046411421e+02
-9.960658395508974081e+02
-7.425470472702593270e+02
-6.839375764461279914e+02
-7.811027919608700358e+02
-8.975959577164603616e+02
-7.994928853205392443e+02
1.510805661017559487e+01
-6.069910422196174977e+02
-8.958921546994939717e+02
-4.077503853135801251e+02
-3.775836277570407447e+02
-9.507372982388421860e+02
-7.953177940779626169e+02
-6.941948629474028394e+02
-7.273557767862491801e+02
-6.429511003759215555e+02
-5.398939197786805835e+02
-4.581949716996335837e+02
-7.597740427900623672e+02
-5.916032298018847086e+02
-6.598232753935627670e+02
-6.317172173181340895e+02
-7.641581488967369751e+02
-6.626670878367705200e+02
-9.482368824712884816e+02
-7.824710234733378229e+02
-8.509082901636854785e+02
-9.104309833527859155e+02
-4.816151224808202755e+02
-8.597341595777099883e+02
-5.065058015708700623e+02
-6.152062946733414037e+02
-3.271490111910432574e+01
-9.165559358609779110e+02
-4.754873788350319614e+02
-4.219008705303663191e+02
-7.148363691214751725e+02
-9.878004430498084503e+02
-1.024987848309450101e+03
-4.723196312245431727e+02
-7.170180863165219307e+02
-7.773337084387152345e+02
-5.474041769581614290e+02
-5.020309229276755332e+02
-5.196958765594640681e+02
-8.632364669076448536e+02
-5.227525781351016576e+02
-5.210846208964667312e+02
-5.780401688503773130e+02
-5.877887880033363217e+02
-5.070202254964431745e+02
-2.279709734568831664e+03
-6.529804550396435161e+02
-7.261581443973202568e+02
-6.326699352565361778e+02
-6.771363475201030724e+02
-6.535849760751949589e+02
-8.462680777543166641e+02
-7.245170355939728779e+02
-5.526682207379785723e+02
-5.420845036045428742e+02
-4.054585259369920323e+02
-6.913939847870747144e+02
-8.031646359670588708e+02
-7.945719296414642940e+02
-6.603394923298725416e+02
-7.490679037327399783e+02
-1.251469431324662992e+03
-5.463811394348228987e+02
-7.018042417450842549e+02
-6.266320354810002300e+02
3.066018197518934016e+02
-7.338225667771739609e+02
8.706958718003409103e+01
-6.069768643668727464e+02
-8.451266160407573125e+02
-6.743542887551842568e+02
-6.109442158168544665e+02
2.629022990078283328e+00
-6.791682767697998315e+02
3.159975799265473597e+02
-5.307713107881409087e+02
-7.999832333062107637e+02
-9.053701961522076544e+02
-1.672100928616668853e+03
-1.376489753676908549e+03
-1.408863978247668229e+03
-1.904527652877547780e+03
-4.137859228260828672e+02
-5.121157362741023462e+02
-6.208061414134256211e+02
-4.019122152639442902e+02
-8.231431333842213007e+02
-4.384328781545034985e+02
-4.023128405699050063e+02
-5.147083291573735551e+02
-1.203320911795575284e+03
-6.646123690095390657e+02
-1.121573637241297945e+02
-3.121500182729506037e+02
-9.832646356248411621e+02
-6.328748022440205432e+02
1.504857106940920630e+01
-5.173686673898835124e+02
-5.474056532459642312e+02
-1.090261818638833574e+03
-9.357013627513559868e+02
-4.242438365209042104e+02
-1.077858797026901129e+03
-5.129922113711494376e+02
-7.734179775001834969e+02
-7.657574695784572896e+02
-1.029035983463061939e+03
-4.532700289039229347e+02
-5.209078284767957712e+02
-1.000933611965569412e+03
-4.432538175844205171e+02
-4.215547040862653603e+02
-5.169261332789108110e+02
-1.792967039013264241e+02
-4.857490087938592751e+02
-4.975027378572796692e+02
-1.655200464740921916e+03
-4.580509203892298160e+02
-8.851096105716626425e+02
-4.275640735217558586e+02
-6.360407471331058105e+02
-5.671742353129473031e+02
-9.178631005168675756e+02
-2.950783571896009221e+02
-7.016710123569321240e+02
-1.424048212723797405e+03
-1.493111273438833905e+03
-9.190708490831698327e+02
-3.844631394751465905e+02
5.815760771957764064e+02
-1.064441497893043106e+03
-5.681109036870096816e+02
-3.632275284348045261e+02
-3.728639070498429646e+02
-6.142599561010540583e+02
-1.369296858139809501e+03
-1.451555499985730194e+03
-6.003081682370384442e+02
-5.803624782586485935e+02
-4.446100829640913616e+02
-3.303708211570326512e+02
-1.142622184354553838e+03
-4.534081277368421752e+02
-4.621910981923512054e+02
-6.966180301651658056e+02
-5.635183482568520503e+02
-3.204844722745142462e+02
-5.756110088488080692e+02
-4.772169850883325353e+02
-3.782009506042613793e+02
-3.734448333444743184e+02
-2.541487986579862195e+02
-1.098628700595161718e+03
1.401537523393998868e+02
2.071700198840044322e+02
-1.037833862060366528e+03
2.423411061450835859e+02
-1.653949448093542856e+02
-1.811030971129609725e+03
-3.198893341736068123e+02
-5.765549862684307527e+02
-1.220456455848116775e+03
-8.467934827242556821e+02
-9.384161409544367416e+02
-1.563062838191317724e+03
-8.098534914163634539e+02
-1.597318186777190476e+02
-8.249567141733533617e+02
-8.567279668507088672e+02
-1.866884373050272359e+02
-3.922520306682306455e+02
-1.148368739160498535e+03
-4.982715308787119852e+02
-5.200414880670323328e+02
-1.251826393958309609e+03
-4.100398202748098129e+02
-5.117476790541512628e+02
-3.884249713993166893e+02
-5.473450290765046020e+02
-1.304272952915235237e+03
-5.637423851916582862e+02
-5.390497958843283186e+02
2.988710244958120370e+02
-5.816698203643805982e+02
-5.843469455683698470e+02
-3.619604115902953367e+02
-5.242649211753951022e+02
-9.312034852049044957e+02
-6.788940243639725622e+02
-2.435448224846510357e+02
