-2.254236325239690359e+03
-5.645543473529671701e+02
-7.268138163502721909e+02
-6.822768552559148247e+02
-7.563965470976311281e+02
-6.809119161579774300e+02
-7.417292299908532414e+02
-6.501490895653404323e+02
-6.970442311596717673e+02
-7.051687239817639465e+02
-7.532457065818576893e+02
-7.616998776635549575e+02
-6.661597119530622422e+02
-7.460664277151309989e+02
-7.413642841240416601e+02
-7.437816923119812600e+02
-7.429784668954681592e+02
-7.547841116397740961e+02
-7.183880729924426305e+02
-7.016220704431171953e+02
-6.901525303723126399e+02
-7.076690445177164293e+02
-7.655488050231747366e+02
-7.966370289568068301e+02
-8.211923336637065631e+02
-7.892210665758697132e+02
-7.906402353594161241e+02
-6.825626788866751440e+02
-8.314264475485535968e+02
-8.454436332657056710e+02
-7.108624463322419160e+02
-6.911798722791912724e+02
-7.079853414539529695e+02
-7.161557901221260636e+02
-7.945578519420173507e+02
-7.905946705296163373e+02
-7.195796322894804007e+02
-7.818554437950962210e+02
-7.305301148153349686e+02
-7.895424923977057006e+02
-7.725287766745040017e+02
-7.859315046687330550e+02
-7.106578913222217579e+02
-7.791917589079262143e+02
-7.473885901232697506e+02
-7.109912807980177831e+02
-6.491075617806769742e+02
-6.455749513331722937e+02
-7.594545296250246338e+02
-7.774861030861268318e+02
-7.501666705087114906e+02
-7.908807559750307519e+02
-7.609011487867751384e+02
-6.600191902228868912e+02
-7.675396181674875606e+02
-8.143674246643663537e+02
-6.936281371817086665e+02
-7.117883055823664336e+02
-7.402655570421051152e+02
-7.927999301968507098e+02
-6.899905301894235663e+02
-6.873837991485933117e+02
-7.199145748086755248e+02
-7.521847740825677420e+02
-7.907206121217847112e+02
-7.360179727936560994e+02
-7.884696994781501189e+02
-7.771781295594688572e+02
-7.192221792932984954e+02
-7.341886026557863261e+02
-7.455044072720301074e+02
-7.465993469736301904e+02
-7.755731702637825720e+02
-7.984434169170506266e+02
-7.585189507293440556e+02
-8.136541805011280530e+02
-8.105673680250847610e+02
-7.916320785306129437e+02
-6.944437595773155181e+02
-7.891680908814219038e+02
-7.237908945534418308e+02
-7.341537602490060408e+02
-7.145257941330854692e+02
-6.775646019790260652e+02
-7.953196108406066287e+02
-7.133429711803566988e+02
-8.169246819878412680e+02
-7.377700167655782479e+02
-7.695183000070002208e+02
-7.894485743895747873e+02
-7.709958618451876191e+02
-7.226014600001668668e+02
-6.456693471618086733e+02
-7.564182451746153220e+02
-7.310138437996004086e+02
-7.330146224799606216e+02
-8.175893690443230071e+02
-7.477056887385344908e+02
-7.822123351250961605e+02
-6.854588664294449245e+02
-7.517784712171586534e+02
-7.940464642082492901e+02
-7.940838936794709753e+02
-7.927625377648857921e+02
-6.439473700374754799e+02
-7.805022894881832372e+02
-7.626552127792886040e+02
-6.411602604512294192e+02
-7.797734073413344049e+02
-8.121173245575371311e+02
-7.021516870172333711e+02
-7.071538056651622810e+02
-8.000877574268895387e+02
-8.408975290041342987e+02
-6.797184920641682311e+02
-7.552487688532637549e+02
-7.334636778081762714e+02
-6.769417615716942009e+02
-8.106753882186484361e+02
-7.354805063261370606e+02
-8.303304251252214954e+02
-7.395034208969210567e+02
-7.543681379668344107e+02
-8.152567233220585194e+02
-7.249007525628960593e+02
-7.730682582176217466e+02
-7.251536413931522702e+02
-7.735317989395741733e+02
-7.441494321909051450e+02
-7.818148374297195460e+02
-8.100248534324480261e+02
-7.095280451303633527e+02
-8.033383464706616905e+02
-8.116163141121527360e+02
-7.367734219924616355e+02
-7.872490081726278959e+02
-7.717528822883313069e+02
-8.350946388142094747e+02
-8.006253467142490763e+02
-6.932737902685477138e+02
-7.514750577239506129e+02
-7.666263263648058910e+02
-7.003203130111774044e+02
-7.254694704432141634e+02
-6.325820380701488830e+02
-7.432909001092734798e+02
-7.631753603052128483e+02
-8.168103313479666667e+02
-7.434805179168555469e+02
-7.177772142569975813e+02
-7.648772929961687623e+02
-7.440984518249210851e+02
-8.403348924557540158e+02
-7.617181589737454033e+02
-7.720899303938306275e+02
-7.332852978066378000e+02
-8.372004299935807694e+02
-7.696811925825495564e+02
-6.812988911503994132e+02
-7.738802624138472765e+02
-7.201590732260452796e+02
-8.013081656968774951e+02
-8.107258757767247062e+02
-7.833277413335969186e+02
-6.898693470788216473e+02
-7.053452984046253960e+02
-7.554561578461590443e+02
-7.175886537395842879e+02
-8.056376831908049780e+02
-7.196288634482963289e+02
-7.919768336263196034e+02
-7.698842205084823718e+02
-7.777218269549400702e+02
-7.317890636069735137e+02
-6.926902350723918289e+02
-6.519979454635681577e+02
-7.229591351046265117e+02
-6.909331462022652204e+02
-7.644548787692700671e+02
-6.723820564611792179e+02
-6.757554937877125667e+02
-6.787183177080380574e+02
-7.279412225835214940e+02
-8.247736555311665825e+02
-7.431227956777531745e+02
-7.356911275404320349e+02
-6.951866145502748395e+02
-7.330402517486293164e+02
-7.739704991763184125e+02
-6.320277499425128553e+02
-7.836513570884509363e+02
-7.939457755847611224e+02
-7.369138187111437901e+02
-7.496478396432250975e+02
-7.812581297712278001e+02
-7.467468656617396618e+02
-6.815414324546617308e+02
-7.570283077372454272e+02
-7.643737311079299843e+02
-6.782703378426929248e+02
-7.603327593791003665e+02
-8.105927965222226703e+02
-6.611768238225763525e+02
-8.198658651497844403e+02
-7.105241295762398295e+02
-6.626492475403497338e+02
-7.837357547061839114e+02
-7.035981110089634285e+02
-6.699684438051207280e+02
-7.392326573601634436e+02
-7.431675573591833199e+02
-7.058562269044284676e+02
-7.487325727689233190e+02
-7.119428507824721919e+02
-8.127092571367470555e+02
-7.274750214855812374e+02
-7.742384034182326786e+02
-7.506950398741543040e+02
-7.959909897381345445e+02
-7.564910381001461701e+02
-7.855093517739765048e+02
-7.408330876484661758e+02
-7.674267498408894426e+02
-8.251603392369543144e+02
-7.009913944992854340e+02
-7.858640862557035689e+02
-8.406994982175649511e+02
-7.789512815657607234e+02
-8.303656382042686346e+02
-7.662242747410210768e+02
-6.884386571427071431e+02
-8.042246822192612399e+02
-7.671544145696612986e+02
-7.659543789172770403e+02
-7.691902477707493517e+02
-8.076142949522741219e+02
-7.173114920056051460e+02
-7.501892154749167503e+02
-7.384534362134005505e+02
-6.789215493045862786e+02
-7.519252906801201561e+02
-7.338386489169636206e+02
-6.916871479523194921e+02
-7.224571344450628203e+02
-7.920550111136856231e+02
-7.945370764772849270e+02
-8.412263175423298662e+02
-7.149116612059581257e+02
-8.063116114199227695e+02
-7.133093268794382311e+02
-7.299664612340308167e+02
-7.554806148009215576e+02
-7.506576302997134462e+02
-6.946108761285704531e+02
-6.612148243684134741e+02
-6.200609462804591203e+02
-6.972946584145439601e+02
-8.324143964366537602e+02
-7.182329335844558500e+02
-7.369372514360105697e+02
-7.246860401359634807e+02
-7.192385229715432615e+02
-7.914258535946116808e+02
-7.767336599007516043e+02
-8.247302560718844688e+02
-6.997781363349045023e+02
-7.872793363936773403e+02
-7.836988666983542089e+02
-7.432183139162456200e+02
-7.951432483580886128e+02
-7.607241913704179979e+02
-8.198343921450066318e+02
-7.797052950749392721e+02
-7.344598932930257433e+02
-7.334784368589357655e+02
-7.634483994143112113e+02
-6.749074697714754620e+02
-7.047113310722089636e+02
-7.389257732624697610e+02
-7.518936777973411836e+02
-7.453370307621153188e+02
-7.478683539789929000e+02
-7.748423299367944992e+02
-7.413197028505526305e+02
-7.792342851099989502e+02
-8.018897428903445643e+02
-7.724901011331056679e+02
-7.735421225690890878e+02
-7.607776729823256119e+02
-7.423612751881884151e+02
-7.074914460149093429e+02
-7.168641680560745044e+02
-6.897387136998313508e+02
-7.990745875529696605e+02
-6.492090955649046009e+02
-7.611387071359411038e+02
-7.226517513357321150e+02
-6.594124713817574275e+02
-8.120780325833962934e+02
-7.658920510050728581e+02
-7.411056282236294237e+02
-7.993190509907541355e+02
-7.664568380107522216e+02
-8.054657225070009190e+02
-6.522071164194446737e+02
-7.045278451071235395e+02
-6.808949587711235836e+02
-7.822293130178171623e+02
-7.261878908413729050e+02
-6.881754459860891302e+02
-8.275635843994122069e+02
-8.328017013387153611e+02
-7.302422557731960069e+02
-7.447685804725482512e+02
-8.271690921374612344e+02
-7.725111435373693212e+02
-7.640254186653468196e+02
-7.499505376203231890e+02
-7.868897123723477307e+02
-8.110491482929730864e+02
-7.200790346846545162e+02
-8.170082793756798765e+02
-7.893000026580650683e+02
-7.370833194551033785e+02
-7.740658014188874176e+02
-7.699698781467100162e+02
-8.345428141578421446e+02
-7.283237426830432923e+02
-8.242802617066704443e+02
-7.875260712013345028e+02
-7.731449463812685963e+02
-7.443568536243541303e+02
-7.806601770220838716e+02
-7.363041970486713126e+02
-7.971602350252038605e+02
-7.670578059472061341e+02
-8.184705162628941935e+02
-7.774167510711688465e+02
-7.490030429653638748e+02
-7.009589074858547519e+02
-7.396375383914045187e+02
-6.265515589711460507e+02
-6.684395704823281221e+02
-7.642111077565855339e+02
-7.377461813056625033e+02
-7.631641487153332264e+02
-7.983436589160861558e+02
-6.798160286108679884e+02
-6.680830590988850872e+02
-7.799009829037095187e+02
-7.702584811450107054e+02
-7.200634156133040733e+02
-7.584120776130074546e+02
-8.258692722727435012e+02
-7.280125413715761624e+02
-7.202150996785089774e+02
-7.511058108201485766e+02
-6.943066861114482435e+02
-7.391346185373420212e+02
-6.852241055950801183e+02
-7.841234054352794374e+02
-8.071549590763365813e+02
-7.214847108098949775e+02
-7.795098381204086309e+02
-7.369724782576533926e+02
-7.966840984273205777e+02
-7.762602700918724850e+02
-7.146357483099375258e+02
-7.841300098644755963e+02
-7.559867586768608589e+02
-8.268454434105817654e+02
-8.365992785253431521e+02
-8.008607687079654625e+02
-6.884307104421030772e+02
-7.591640645527896822e+02
-6.878895336488916428e+02
-6.536364793066862831e+02
-7.389711482856064322e+02
-7.242355617659267182e+02
-7.749440889729023638e+02
-7.788450306091111770e+02
-7.128756271389083849e+02
-7.174672731668620145e+02
-6.996510094891726794e+02
-6.911661429151993161e+02
-7.554966002246488870e+02
-7.785888746153541433e+02
-7.598300287681156533e+02
-8.109336869262274377e+02
-7.143773660934926966e+02
-8.422492825630504285e+02
-7.388790140758929965e+02
-7.426572502182676772e+02
-6.741181681656078126e+02
-7.691703942267071170e+02
-6.970233174978839088e+02
-7.008436203964533888e+02
-7.041349890393128135e+02
-6.946450088130845870e+02
-7.534408365219753705e+02
-7.441367318538476638e+02
-7.497574160166759611e+02
-6.590014375339577555e+02
-8.078947597678566126e+02
-6.709731290623673203e+02
-7.902745055724726626e+02
-7.764087412665121519e+02
-8.137361709928935625e+02
-7.995514298887608220e+02
-7.714796742140481456e+02
-7.700434450195620002e+02
-6.404075575702452170e+02
-7.747575989260701590e+02
-8.050140550476786530e+02
-8.357510928007842494e+02
-8.206398933212980182e+02
-7.437325164335404679e+02
-7.674622925566183085e+02
-7.041705950860430221e+02
-6.845365567641131292e+02
-7.426555013894947024e+02
-7.613799980649342842e+02
-6.965343442490226380e+02
-8.006398572423224778e+02
-8.224635836436901855e+02
-7.840863403094451769e+02
-7.669994668954094550e+02
-7.991676261639667018e+02
-7.479849868526537193e+02
-7.471558461804545459e+02
-7.968910368218527083e+02
-7.787179946851558725e+02
-7.671785809329965105e+02
-7.050268789366136843e+02
-7.472610581176036249e+02
-7.991729148097476809e+02
-7.441547658172515867e+02
-7.077224015840084803e+02
-8.382813535358291119e+02
-7.830197339749395269e+02
-6.717819970715655700e+02
-7.492968977945689630e+02
-7.358064120506976451e+02
-7.221063121700718739e+02
-8.076249409870636100e+02
-7.678602687277264067e+02
-8.148585860829066405e+02
-7.519017320352955949e+02
-7.732735096255003100e+02
-7.264763016634402675e+02
-7.895536896214272247e+02
-8.107161282206382111e+02
-8.271229567752714047e+02
-7.616337245838035415e+02
-7.424915021690966341e+02
-7.368101589631878596e+02
-7.728123685893400534e+02
-8.155916910647570148e+02
-7.681982556863493983e+02
-6.329776283303224318e+02
-7.079470927595665444e+02
-8.399847593541433071e+02
-7.314048586077623213e+02
-7.884607258250076711e+02
-6.986257323111738060e+02
-7.534797378892076267e+02
-7.620893729828194409e+02
-8.117919760012127881e+02
-7.583257672305411461e+02
-7.548400287622988571e+02
-7.625278118408913315e+02
-7.429461195100974464e+02
-8.099333315313796220e+02
-7.481477607417870104e+02
-7.755047459114126696e+02
-7.981348681078412710e+02
-7.123200834141514406e+02
-7.712226509977720070e+02
-8.066502917109705777e+02
-8.205360994780842248e+02
-8.223348848955432686e+02
-8.081140578460710913e+02
-7.985980423774570909e+02
-7.590725085008041333e+02
-6.645026378629981991e+02
-8.093156162641431592e+02
-7.752347895060327119e+02
-7.018270741807929198e+02
-8.095532594534278132e+02
-7.173988043206179555e+02
-7.266241187253299358e+02
-6.864809288349471217e+02
-8.067352707986543692e+02
-6.881049518270881435e+02
-6.670841933680540023e+02
-7.248123394827855464e+02
-6.569818532247350049e+02
-6.749253337693241974e+02
-7.545081275102977543e+02
-7.800450160115663039e+02
-7.574151198591664524e+02
-6.769768242969183802e+02
-7.608381027245821997e+02
-7.172483961189728916e+02
-6.964844914631571555e+02
-8.126646852895908069e+02
-6.731993973805699625e+02
-7.497819244375800736e+02
-8.137556938139398426e+02
-8.122481451345295227e+02
-7.955597815832866218e+02
-8.260400146315909069e+02
-8.324497717852425467e+02
-7.096522396547699145e+02
-8.238565685830525354e+02
-7.980510184404377014e+02
-8.096417362310540966e+02
-7.435651843626927757e+02
-7.767654333199310486e+02
-7.006846261620420364e+02
-8.046758485021402976e+02
-6.925996432100054108e+02
-7.524780779707200509e+02
-8.048403018167722394e+02
-7.654725704061452234e+02
-7.461714794125268781e+02
-7.409945963690194048e+02
-6.954432628564779861e+02
-7.163867248631654547e+02
-6.842395629054088886e+02
-7.711187882079684641e+02
-7.299386720207451162e+02
-7.332456922021331138e+02
-7.691128218631873779e+02
-7.278887438882530887e+02
-7.900009883035504572e+02
-8.281065567221870651e+02
-7.772470657636863507e+02
-8.079976748959672932e+02
-7.576380845511143889e+02
-8.062240757238428159e+02
-7.697809791308000058e+02
-7.952085837451136285e+02
-7.755252978451287618e+02
-7.724340992878743464e+02
-7.437636961722765818e+02
-7.260681268938642461e+02
-7.226314430118740120e+02
-6.902143682821591710e+02
-7.238875884708444346e+02
-7.642795364003286522e+02
-7.748662526552315057e+02
-7.361778049605969727e+02
-7.170541025895762459e+02
-8.405335326963376019e+02
-7.641851740990705366e+02
-7.200188725114873023e+02
-7.832895608293237046e+02
-7.949924729151259726e+02
-8.005459092762555429e+02
-8.299519985636311503e+02
-7.257528418005634876e+02
-6.766646247593290582e+02
-8.381092137001510309e+02
-8.080554923889413885e+02
-7.689915096581142961e+02
-6.925107009643365927e+02
-7.830014063282972074e+02
-7.734997753208785980e+02
-6.530456216301724908e+02
-8.071562470553228650e+02
-6.992337235610907555e+02
-8.371250170897028511e+02
-8.206159684732709820e+02
-7.830537403569475146e+02
-7.849408307454125406e+02
-8.245152450073028376e+02
-7.510027946650673130e+02
-7.225947166157512811e+02
-8.023467528971546017e+02
-7.564696021538886725e+02
-7.203290446697694733e+02
-7.789269587037664451e+02
-8.228766852368303262e+02
-6.718752084571829073e+02
-8.036688512722589621e+02
-7.272950856900613417e+02
-7.598561048686595996e+02
-8.132567013818904798e+02
-7.828702126268815391e+02
-7.118234013490617826e+02
-7.897948978242826570e+02
-8.116605241743070565e+02
-7.338142712452677188e+02
-7.538007346509438094e+02
-7.426455348022989256e+02
-7.080466010982823946e+02
-7.220227737178363441e+02
-6.920281095337766146e+02
-7.102553772071219100e+02
-8.457949120085871755e+02
-7.398100319864988705e+02
-7.395805834126682612e+02
-7.986551340160464179e+02
-7.679798568639134828e+02
-7.633902182118670225e+02
-6.833746800457344079e+02
-6.948837410234823437e+02
-7.891048994924989302e+02
-7.365753028372005247e+02
-7.179539899328540287e+02
-7.509582472260323129e+02
-7.592711135877718789e+02
-8.258185483680671268e+02
-7.374481695011783131e+02
-7.134229091100595497e+02
-8.208648958159411677e+02
-7.929275930390523399e+02
-7.474046200886280076e+02
-7.426256828205941929e+02
-6.854262136798030269e+02
-7.335927237717139633e+02
-7.878006961477357208e+02
-7.662806757445656558e+02
-7.246460203557035129e+02
-7.598744591887344768e+02
-7.421568864310793288e+02
-7.730151680397116252e+02
-8.257611452953428852e+02
-7.152662260901020090e+02
-6.620265048681105782e+02
-7.928845990939604462e+02
-7.227045340433755882e+02
-7.556603316476454211e+02
-7.741564402381122818e+02
-6.702555885346064315e+02
-7.158418931678704666e+02
-7.240686064158538784e+02
-7.150607476810964727e+02
-7.688829233369551730e+02
-7.241865006121556689e+02
-7.714664934785449759e+02
-7.753902071624559085e+02
-7.872628684089445414e+02
-7.428869755266412085e+02
-7.828791375572253628e+02
-7.369128491533206216e+02
-8.310955926114215799e+02
-7.985082739460294761e+02
-7.191363978197176721e+02
-7.590404661078329127e+02
-7.901839207279837183e+02
-7.371269737830021995e+02
-7.944713282850952965e+02
-6.795421087741113979e+02
-8.014503181159046790e+02
-7.443563510428000427e+02
-7.312120474202840796e+02
-7.624388828042664272e+02
-8.150964795078496081e+02
-7.582652167989715508e+02
-7.889308278525825244e+02
-7.256560094120055737e+02
-8.294154773938223570e+02
-8.238235309164131195e+02
-7.165069413629355495e+02
-8.144496137537688583e+02
-8.308779554580401054e+02
-7.915715954718817784e+02
-6.949029711360449255e+02
-7.743683562450178215e+02
-7.940437057039766842e+02
-7.444125357715472546e+02
-7.402952877627806174e+02
-8.246360285248140372e+02
-8.182326847090193951e+02
-6.712695375797067072e+02
-8.204528126632608291e+02
-8.296441458924011840e+02
-7.594961714350615694e+02
-7.208170984702579744e+02
-8.234435127479075618e+02
-6.934760912539862829e+02
-7.156824286764075396e+02
-7.002605367533243452e+02
-7.957898213369564928e+02
-7.129716754469404805e+02
-7.872386725660117008e+02
-7.133847502047661919e+02
-7.129898897160767319e+02
-7.848962385056864832e+02
-7.842277055898260869e+02
-7.628217154640561830e+02
-7.804467505986493734e+02
-7.784785905546895037e+02
-7.854027314277814185e+02
-7.471142997861250024e+02
-7.856017706252079051e+02
-8.132077527920464490e+02
-7.436300567611726819e+02
-8.025362757643438272e+02
-7.137321458429532868e+02
-7.963177910891172360e+02
-8.022728226411635433e+02
-7.604179115743584134e+02
-7.557393355231831720e+02
-7.675640152970833014e+02
-7.422843329804408086e+02
-7.652107387479844647e+02
-8.212903403281295596e+02
-8.402279137013931631e+02
-7.348745062734902831e+02
-7.589709178259093960e+02
-6.702102953505399228e+02
-7.078360596314518034e+02
-6.881388859451485587e+02
-7.241544031344370751e+02
-8.316180255757931263e+02
-8.061974958455263049e+02
-7.748198339772400232e+02
-7.499834562599842229e+02
-8.396965754355461513e+02
-7.847471506563346111e+02
-6.891151204322949297e+02
-7.106111887889852596e+02
-7.902576348242660060e+02
-8.076900576743274769e+02
-7.099894175075269231e+02
-7.409689647515768911e+02
-6.720397112500621688e+02
-7.733889100108095818e+02
-6.941452815395961125e+02
-7.628322875752288610e+02
-7.073375807374394526e+02
-7.371350303305417810e+02
-7.260358930739033667e+02
-7.158614601158816413e+02
-8.339634133218772831e+02
-8.388249748966829884e+02
-7.826631159404687423e+02
-7.146751840624867782e+02
-8.298613282238891316e+02
-7.270521442272543027e+02
-7.600713928023654944e+02
-7.410398338757431702e+02
-6.857441327330378726e+02
-8.076061524684955657e+02
-7.219601744089704880e+02
-7.347171062566424098e+02
-7.466536142124767821e+02
-8.016724185537916583e+02
-8.061304685457042751e+02
-8.162138588182259582e+02
-7.269059251788862639e+02
-7.554871289674417767e+02
-8.019117225283951029e+02
-8.208951515456798234e+02
-7.162015292539285838e+02
-7.609152505675253906e+02
-7.410119415032628467e+02
-8.058717985129750332e+02
-7.803679621150230332e+02
-8.238379751220079470e+02
-7.653621881493064620e+02
-7.568705868543416955e+02
-7.668969341200748886e+02
-7.915828589416798877e+02
-6.981089944595840961e+02
-7.080397828855957414e+02
-6.784099720431363494e+02
-7.751215945919062733e+02
-6.569054906627934542e+02
-8.120740368132143203e+02
-7.337889661193879647e+02
-7.176152511876011886e+02
-8.185890955429243832e+02
-6.672631080592154831e+02
-8.238994562441232574e+02
-7.601366708760433539e+02
-6.894129015606977191e+02
-7.633806380332416666e+02
-7.840548248840779024e+02
-7.730198303786381757e+02
-8.199310158186942772e+02
-6.694208300377662226e+02
-7.883991791724672566e+02
-7.594801104937812397e+02
-6.781916825004719840e+02
-7.466379140957596974e+02
-8.060389694074160616e+02
-7.563787408467615023e+02
-7.146022294451793186e+02
-7.843452132103496979e+02
-8.100615803556057699e+02
-7.686455849560484239e+02
-7.244442011289725087e+02
-7.981541173333699817e+02
-7.664132998658013776e+02
-7.478743322579823598e+02
-7.821724222937335753e+02
-6.993774373102353366e+02
-7.394335907985621361e+02
-7.302126479240678236e+02
-7.652200912186394817e+02
-7.582393929736729206e+02
-8.401941581700399411e+02
-7.848934951870636496e+02
-7.443920558452548448e+02
-7.957105640123780859e+02
-6.716501887595075004e+02
-7.639510168603786724e+02
-7.677357529035998596e+02
-7.048560544471097273e+02
-7.636038072980362585e+02
-8.208997975157324163e+02
-8.210388280617135024e+02
-7.520621514308365931e+02
-8.018293565121302890e+02
-7.832495699764722303e+02
-8.220293455803415554e+02
-7.536224591634960461e+02
-7.014912425818766906e+02
-6.890402146621524935e+02
-6.856167466239592159e+02
-7.610316033141996286e+02
-8.129455415091766781e+02
-7.465217958829459803e+02
-6.901904277912170755e+02
-6.892269739376438338e+02
-7.391954535960405792e+02
-7.725825718066447507e+02
-7.192489640258086183e+02
-8.295620327047824958e+02
-7.457243182777086759e+02
-6.877279276841968567e+02
-7.435105615656054852e+02
-7.837664879037049559e+02
-8.377898643082772878e+02
-7.814925892612092184e+02
-8.198056821906227469e+02
-7.144344545405582494e+02
-7.631685931667938121e+02
-7.148348130771065598e+02
-7.728638327466820783e+02
-7.770841382409288371e+02
-7.945014582544448558e+02
-7.887228515091940153e+02
-7.222243036914976528e+02
-7.092822902075223510e+02
-7.042275159455671201e+02
-7.918592429648147117e+02
-6.858759659495589176e+02
-7.193436401434856862e+02
-7.882372162029038236e+02
-7.630786369221737004e+02
-8.285450096935104511e+02
-7.643708617290285474e+02
-7.594027312321160252e+02
-7.769617518730516394e+02
-7.477660143268988122e+02
-7.639023090276001540e+02
-7.444181395053681172e+02
-7.695326864020702260e+02
-6.640086506600740677e+02
-7.452900919157574435e+02
-6.787159858977420299e+02
-7.403531951808801068e+02
-7.351327897753600382e+02
-7.373724806915288355e+02
-7.627415361324452761e+02
-7.813461013234431221e+02
-8.368136363363270220e+02
-7.133042464578378485e+02
-7.549687468783113218e+02
-7.429172721546077582e+02
-7.601577613706579086e+02
-8.039569348732138678e+02
-7.595593539056882264e+02
-7.786888207454767326e+02
-7.325524426786736285e+02
-7.509285024997193432e+02
-7.740422182187860471e+02
-7.746768128931386173e+02
-8.111430725842309357e+02
-7.680129232449413621e+02
-7.071586484388126337e+02
-6.737060369632877155e+02
-7.146009427507708551e+02
-6.550063365330624947e+02
-6.519645854938615912e+02
-8.406007664444723559e+02
-7.296410596465718754e+02
-7.857499698127497822e+02
-7.843772048849522207e+02
-8.327081538338893552e+02
-7.696822315008984106e+02
-6.854634839247196396e+02
-8.321322119473179555e+02
-7.875170126379967996e+02
-7.539465336391012897e+02
-7.208402544561308787e+02
-8.241863859716820571e+02
-6.809571137226275823e+02
-8.145086001158940689e+02
-7.110705953002866408e+02
-8.310454298670100570e+02
-7.686464808758842082e+02
-7.786075911910450031e+02
-7.714482367066607367e+02
-8.220363697320318579e+02
-7.980132726054729346e+02
-7.957455199426775607e+02
-8.229558308463028879e+02
-7.386354848545646519e+02
-7.589692994523816196e+02
-6.885833236170492455e+02
-7.264273706108147053e+02
-7.104996766948819413e+02
-7.390227393663415114e+02
-7.471859623147292950e+02
-7.296056357603104061e+02
-7.210035430674864756e+02
-6.941195561084765586e+02
-8.347242600887315120e+02
-7.375212654318344221e+02
-7.529159182256656777e+02
-8.318833714362550609e+02
-7.365198688019140718e+02
-8.379853660344022046e+02
-8.237470140957582316e+02
-8.359347883311322676e+02
-7.862140421949540041e+02
-7.877650449339566876e+02
-8.202823190332594550e+02
-6.946221956035308267e+02
-7.741296379229634113e+02
-8.274224272248526404e+02
-7.351677106332476797e+02
-7.742970545790703909e+02
-7.412698762007332789e+02
-7.892139064134460114e+02
-7.888142239730773326e+02
-7.457930823132045361e+02
-7.175607720674072425e+02
-7.855080226156273966e+02
-7.700451565327559820e+02
-7.488796787097894594e+02
-6.348075644022616189e+02
-7.366954066803232308e+02
-7.236653728428941577e+02
-6.200729488703298102e+02
-7.877261579767505282e+02
-6.623274476588524067e+02
-7.265761346421591043e+02
-8.070083576931485823e+02
-7.016255511920530807e+02
-7.330746772886076315e+02
-7.953383146482074153e+02
-8.026136502998580227e+02
-6.860203887069342272e+02
-6.472907469173942445e+02
-7.886907617558653101e+02
-7.691246484861553654e+02
-6.852941980830318016e+02
-7.291750532889368515e+02
-7.238151278751656719e+02
-7.354059615894175295e+02
-8.329727060550324040e+02
-7.730397920177458673e+02
-7.310766454493792708e+02
-7.829634533776794569e+02
-7.899526629600461547e+02
-7.819798728904279415e+02
-8.265537072255274325e+02
-8.238366719931265152e+02
-7.591024730614700502e+02
-7.301997819306016027e+02
-7.585104334429440769e+02
-7.864388110704326209e+02
-8.094894918832634403e+02
-8.319028957086165974e+02
-7.099102718368567366e+02
-7.418807680185996105e+02
-7.920371715305476528e+02
-6.253268747027964309e+02
-7.763685398430275200e+02
-6.439543410343512733e+02
-8.275630926151766289e+02
-7.398074205788161635e+02
-7.051555641856232342e+02
-6.304644398838030384e+02
-7.397640855225924952e+02
-8.050834646175167109e+02
-7.388572391576955170e+02
-7.330748650512261975e+02
-7.958584482614004401e+02
-7.240295785303273988e+02
-7.572563573027334769e+02
-8.109786212581643667e+02
-6.805685378175512596e+02
-7.294888177045551174e+02
-7.972335388817748481e+02
-7.646469373895311037e+02
-7.714850556467514480e+02
-7.956502734243022132e+02
-8.246789513653478707e+02
-7.701218591416045456e+02
-6.598134771513373380e+02
-7.544319950211931882e+02
-6.988936308487227507e+02
-6.874652810614381906e+02
-6.694712387674283036e+02
-6.423815359038167117e+02
-7.585460630172024139e+02
-7.625718434319443304e+02
-8.206934853043558178e+02
-8.067399507197444564e+02
-8.111371771920087212e+02
-7.246004777367277256e+02
-6.914285303381502672e+02
-8.310022492086641250e+02
-6.825954053088473756e+02
-7.734064551667927390e+02
-8.247830717739503825e+02
-6.998585139141742957e+02
-7.822237032665647121e+02
-8.158438254299801429e+02
-7.549391720415070495e+02
-7.318230442842877892e+02
-8.248409499474826134e+02
-6.756318152028692339e+02
-6.410221132720429296e+02
-6.843931310954277478e+02
-7.442568054963841178e+02
-8.008700947289239593e+02
-6.759440378808197920e+02
-7.496051499532330809e+02
-7.105834775228194076e+02
-6.459691769101013961e+02
-7.709239300878704171e+02
-7.792926064890637008e+02
-7.733857015669273096e+02
-7.867712847468295649e+02
-6.848191789554437037e+02
-6.699518786412463669e+02
-7.818415254407671000e+02
-7.690544628232719333e+02
-6.619270875503494835e+02
-7.459019771538982013e+02
-7.707424325320389471e+02
-6.540459921072016414e+02
-7.866221320417965899e+02
-7.035566694442595690e+02
-7.442667427685215671e+02
-6.955366782094571363e+02
-6.327221040357585480e+02
-8.147750546764639239e+02
-7.724458538166136350e+02
-7.863018425735091341e+02
-7.823606928265953684e+02
-7.444381880839631549e+02
-7.632110334498034945e+02
-7.587038411538360378e+02
-6.918838614222601109e+02
-7.863094409304626424e+02
-7.893325005184333349e+02
-7.217651022116965578e+02
-7.648994543065198286e+02
-7.377685711027124853e+02
-7.498722701544414804e+02
-7.976601266098235783e+02
-7.810356771540994032e+02
-7.916037339163246997e+02
-7.513344807944072272e+02
-7.891015642018926428e+02
-7.374800293994094318e+02
-8.301010804999564243e+02
-7.248717743149223907e+02
-7.627679871247570418e+02
-7.162892039271778231e+02
-8.380140972748810100e+02
-7.271282472941283004e+02
-7.949996333630612071e+02
-7.565029748523502349e+02
-8.206678273224370059e+02
-6.903190585561184207e+02
-7.969557675095337572e+02
-7.575673309915993059e+02
-7.157198283700535058e+02
-7.154326002693652526e+02
-7.363032730644301864e+02
-6.251763086289395233e+02
-7.806428028129901122e+02
-7.599598364125738499e+02
-7.781442509417264546e+02
-7.898669875768077873e+02
-7.391183318616397173e+02
-7.749189156319150698e+02
-7.374560593655488674e+02
-7.579173522304345170e+02
-7.722250534934331654e+02
-6.791802891210146527e+02
-7.261191885820946936e+02
-7.694306529343285774e+02
-7.608799529059709812e+02
-8.091643336960380566e+02
-7.442297126938011615e+02
-7.648048461254153381e+02
-7.752990175306111951e+02
-7.340535054233062056e+02
-7.554808585867818920e+02
-7.594172590796914619e+02
-6.970208758932930095e+02
-8.435693225551793830e+02
-7.920550341407874839e+02
-7.741799292266269958e+02
-7.849519582169359637e+02
-7.880776811149817149e+02
-6.933766167779236866e+02
-7.978368899317051728e+02
-7.547985184715302012e+02
-8.052439056357960681e+02
-6.644994968507085105e+02
-7.457749650669620678e+02
-7.163429453731283729e+02
-7.573087942288718750e+02
-7.780578407092102680e+02
-8.223457407759525495e+02
-8.050336060216928900e+02
-7.680688018267205734e+02
-8.201398364668880276e+02
-7.853938718711159481e+02
-6.956832682007427593e+02
-7.447792985059343209e+02
-8.029869077180283057e+02
-7.551780978491105998e+02
-8.403581869575108385e+02
-7.321769432180881267e+02
-7.622330727351550195e+02
-7.519629624227143267e+02
-6.601879014319483758e+02
-7.316130004860958707e+02
-7.336276798509434229e+02
-7.267576803273435644e+02
-6.858462351350904100e+02
-7.350873479142105680e+02
-7.987691258572647257e+02
-8.247509594933069366e+02
-7.581763723423582633e+02
-7.551277504925349149e+02
-8.030357498518670809e+02
-7.621260097107216325e+02
-6.635380490654856658e+02
-7.894282689948531697e+02
-6.875975694972474912e+02
-7.921498601253775860e+02
-7.268985428422735140e+02
-8.190597423461687185e+02
-7.149770769640277877e+02
-7.302659667971955741e+02
-7.293591633807781136e+02
-8.218658309121113916e+02
-7.682652509557799476e+02
-8.074775733996183362e+02
-7.742275828700101101e+02
-7.837134553465359659e+02
-7.534619233138296295e+02
-7.960000470313154892e+02
-7.302429270618094961e+02
-6.062799495829981424e+02
-7.918303767587086668e+02
-7.626623652495396755e+02
-8.045186592697323249e+02
-7.222042005844189134e+02
-6.989653695994688860e+02
-7.314246657898793273e+02
-8.056883726977682727e+02
-7.495269117653762123e+02
-8.046791550696018476e+02
-7.529532339083765464e+02
-8.001044682998456210e+02
-8.027507690011332215e+02
-7.866770762033388564e+02
-6.404274562334533130e+02
-7.480889847976291094e+02
-7.367910918954211184e+02
-7.933471016295115987e+02
-6.768103899782159942e+02
-7.681875766048862033e+02
-6.980804616954210360e+02
-7.908852266849278294e+02
-7.507153663159358530e+02
-7.470320199169314037e+02
-8.300464063479408878e+02
-7.301260779528271314e+02
-7.800346990702998937e+02
-6.718386696202076109e+02
-8.137331574051945609e+02
-7.184047005495821168e+02
-8.085582750510760661e+02
-7.158260097000993483e+02
-8.101592697668445453e+02
-7.710447933056345846e+02
-7.620033457204817751e+02
-8.311096373371514119e+02
-6.729221497315443230e+02
-7.773848291037968465e+02
-7.222375011420430155e+02
-7.971493844606619632e+02
-7.869245702922502232e+02
-6.795284513976200742e+02
-8.257933253942804868e+02
-8.053830407511159137e+02
-7.720817242546926309e+02
-7.601800585033645348e+02
-6.560455970679761322e+02
-8.194884250474183318e+02
-7.201991271580740204e+02
-7.676629828784906522e+02
-8.016394548567438960e+02
-7.089702390903801188e+02
-7.587961804258048915e+02
-8.003294496282785531e+02
-7.569549053947231414e+02
-8.085866485034821380e+02
-7.799887694769749942e+02
-7.558742276111225920e+02
-7.392082878795696388e+02
-7.937276965359710630e+02
-8.323413187458642142e+02
-7.975046134671571281e+02
-8.002045905254069567e+02
-7.261308927907155066e+02
-7.972833199519623122e+02
-7.302099278513181844e+02
-7.267723956134710761e+02
-8.110050712678136051e+02
-6.604303496454803053e+02
-7.894128373090649120e+02
-7.136304992342738842e+02
-8.110502911700691584e+02
-7.032630062772303745e+02
-8.050066887940338347e+02
-7.084629093305951528e+02
-7.318830011040364525e+02
-7.585557078368223074e+02
-7.696498625396020543e+02
-7.702952514865951343e+02
-7.363944112992894588e+02
-7.571460469973036425e+02
-8.050013655736808005e+02
-7.489719718812646079e+02
-7.093459998551491026e+02
-6.893614238792308697e+02
-8.139141309903222918e+02
-7.724147487464533697e+02
-7.267144255377710351e+02
-6.811099692092667510e+02
-7.142358842183135721e+02
-8.027830316574496692e+02
-7.403667141844887283e+02
-7.813017962470379416e+02
-7.333469691923691016e+02
-8.318745125077962257e+02
-8.014476356394321783e+02
-8.282942924012586445e+02
-8.200080564100198899e+02
-7.931820239606328187e+02
-7.246751360525099699e+02
-8.295300627867960657e+02
-7.392434900363372208e+02
-6.704895027879744021e+02
-7.224090773336918119e+02
-7.610643077965182783e+02
-7.388284844651194589e+02
-7.736332259417907835e+02
-7.557397778848387588e+02
-7.353316261173852126e+02
-7.472239142646967593e+02
-7.869125857613756807e+02
-8.465218188758328779e+02
-6.644308178430180760e+02
-7.002940608333533419e+02
-6.869525869198337205e+02
-7.435372248487942670e+02
-7.332049472022895316e+02
-7.381193877142828796e+02
-7.904206444942701637e+02
-6.844439627787510290e+02
-7.149320011437449693e+02
-6.182920972949575571e+02
-7.562334725573846299e+02
-7.894439602269262650e+02
-7.007100903113525874e+02
-7.956322822373775807e+02
-7.066125913798802003e+02
-7.579980166402062878e+02
-7.371948530198444587e+02
-8.089696960458650210e+02
-7.106293130144010775e+02
-7.577297488434055595e+02
-7.532878977123078812e+02
-8.425162853572593349e+02
-7.782078081139823098e+02
-8.419736150076657850e+02
-7.693117686634717529e+02
-7.339689067961714954e+02
-7.931450593241024762e+02
-7.188502089871348062e+02
-7.440249521396831369e+02
-7.231722093596924879e+02
-7.076017697218687772e+02
-6.990498410695046232e+02
-8.041808616743262519e+02
-6.451915861243660402e+02
-7.505499733138739202e+02
-7.657926802563800948e+02
-7.145445538206389529e+02
-7.836004784041331277e+02
-7.813644206847915257e+02
-7.638425474779055548e+02
-7.298074258965838226e+02
-7.478247275277840345e+02
-8.263710576690772314e+02
-7.057127036638062236e+02
-7.031504488117170695e+02
-6.954809127014866590e+02
-6.831979141855759963e+02
-6.746354531635618059e+02
-8.103482330789411208e+02
-7.504191483591901033e+02
-8.371012381004339886e+02
-8.193280182674882326e+02
-7.301648851833788285e+02
-7.105680413039303858e+02
-7.237768632451173971e+02
-7.506062849951727003e+02
-7.893505437926519335e+02
-8.161757837175179020e+02
-8.171311296626864760e+02
-7.191523817863968588e+02
-8.160474389779475359e+02
-8.137270640693785708e+02
-6.853437549068045200e+02
-7.720755292720760963e+02
-7.615835647873105927e+02
-7.556069691958347221e+02
-7.639400103407184588e+02
-7.704415230255851839e+02
-7.821610050822364428e+02
-7.824919864003195471e+02
-7.821659354089196086e+02
-7.421401572066563403e+02
-7.439023605801089616e+02
-8.285582639406245562e+02
-7.843859721043601212e+02
-7.295096802689497508e+02
-8.173849097435285103e+02
-7.476006483973247896e+02
-7.098929552509574705e+02
-6.960687884440945936e+02
-7.009918552270761438e+02
-7.329021263178865411e+02
-7.736886433962206411e+02
-7.855956552097252370e+02
-7.251649525529412585e+02
-7.590557951540152999e+02
-7.540443262862589791e+02
-7.584731010926269619e+02
-7.454204623803290133e+02
-7.467447659348413254e+02
-6.868147120191476915e+02
-7.462647743439396208e+02
-8.183123609245703847e+02
-7.865086123435082754e+02
-7.254145281968985728e+02
-8.296679609591278677e+02
-6.842692979761451397e+02
-7.110241975507135521e+02
-6.836584221007948372e+02
-7.934895837176596842e+02
-8.068284029949635396e+02
-7.790695032974489322e+02
-7.805009963973216145e+02
-7.892030318404291620e+02
-7.335624888600457325e+02
-7.211574064482188078e+02
-6.870932167290469579e+02
-7.097835573357890553e+02
-8.284755322786151055e+02
-7.745875360538091172e+02
-7.247827116645248680e+02
-7.615336146380084301e+02
-7.657202168958458515e+02
-7.581260378962101640e+02
-8.410914164296589206e+02
-6.455810108600883268e+02
-8.118964844626747208e+02
-7.744336938406606805e+02
-7.051025839952785645e+02
-8.083950852996432559e+02
-7.588639001974172515e+02
-7.372970460528587182e+02
-7.397166918033009324e+02
-6.880367415459903668e+02
-7.845137603178020527e+02
-7.775999448306665727e+02
-7.634286190847523130e+02
-7.725668396097612458e+02
-7.217699466342128289e+02
-8.312491438714989727e+02
-7.043681981803879353e+02
-7.742811224221558177e+02
-7.447642590165048659e+02
-7.374114020519126598e+02
-7.479268178708124424e+02
-7.700085545175249990e+02
-8.206545589734996611e+02
-7.142540172065430397e+02
-7.861803023643093411e+02
-7.806911253637287018e+02
-7.455540356785541007e+02
-6.854004971717934040e+02
-7.489187290403353927e+02
-6.961091353548141569e+02
-8.194710496263779760e+02
-7.066487578717641327e+02
-7.474903507566591543e+02
-7.507335320309924782e+02
-8.112997027521929567e+02
-8.315585766089919844e+02
-6.943486444363866212e+02
-7.734495861654622786e+02
-7.835120621415169353e+02
-8.275580969354200533e+02
-7.334093722866799681e+02
-7.730582883325263310e+02
-8.169373425914189966e+02
-7.614587435684059074e+02
-6.255127895271360785e+02
-7.635247391446033589e+02
-7.262873333107173721e+02
-7.703702345220617644e+02
-7.623737979776022939e+02
-6.998323594447870164e+02
-7.383617143829973202e+02
-7.731457094970805883e+02
-7.763182997924195661e+02
-6.740505035141400185e+02
-7.203359358941798973e+02
-8.396041383339548929e+02
-8.078249216990030845e+02
-7.178250044040835292e+02
-6.976087474778721571e+02
-8.136969244724714372e+02
-7.921191858832368098e+02
-7.428815128228559388e+02
-7.769529212262259534e+02
-7.742663359760886124e+02
-8.026404265237183608e+02
-6.814873248800986403e+02
-8.414465429106330703e+02
-7.007891859569303961e+02
-7.305561047438909554e+02
-7.352231378266465072e+02
-7.173435330154836720e+02
-6.881057248625880902e+02
-8.316363515197379002e+02
-7.812535805113636798e+02
-7.383760510727798874e+02
-8.171021803452907761e+02
-7.785983478351772646e+02
-7.205818004290568979e+02
-7.949985304726142203e+02
-7.626387527306593483e+02
-7.478227065059917322e+02
-7.179587476625813451e+02
-7.580441541948421218e+02
-7.670097855166053478e+02
-7.272255549157251835e+02
-7.951652635631760404e+02
-7.752282534165115067e+02
-7.938823531564498808e+02
-7.413685717461050899e+02
-7.416701837687841135e+02
-6.689879007023971553e+02
-7.615604811928174058e+02
-8.162609146828870053e+02
-7.451971775358513241e+02
-7.568287426249532928e+02
-8.253026996993088460e+02
-8.367105248647142162e+02
-7.853443611231521118e+02
-7.772009724841757361e+02
-7.895999978557089207e+02
-7.909182173084193437e+02
-7.163049231523139042e+02
-7.560007054205149188e+02
-7.985823261880885866e+02
-6.981077237714844159e+02
-8.077136734148959931e+02
-6.737939842110104109e+02
-6.998412201396801038e+02
-7.250928511702984451e+02
-7.962386292390896187e+02
-7.029741564172031758e+02
-7.148688692614548472e+02
-8.301456479556195518e+02
-7.593957724086860708e+02
-6.750805465799742251e+02
-7.743890381027865715e+02
-7.370743950789870951e+02
-7.277418533996112728e+02
-6.880159593110400920e+02
-6.883453731343552136e+02
-8.348846562709727550e+02
-7.734755082364205236e+02
-7.286813961258581003e+02
-7.561871538325999609e+02
-6.359982597502705630e+02
-7.925021252129528193e+02
-6.657846769553062813e+02
-7.551763463348565892e+02
-7.875648196788372388e+02
-7.714968394872558974e+02
-7.510386681544049452e+02
-7.341922899463506837e+02
-7.082376312066157880e+02
-7.401330649108430180e+02
-6.728357558378645535e+02
-7.957245532720372694e+02
-7.162972328621400493e+02
-7.499342293079650972e+02
-6.949919484084438182e+02
-7.628733607278218187e+02
-7.234611377259980145e+02
-8.386719775874763627e+02
-8.265405260567482628e+02
-8.061161864421530936e+02
-7.032997352074831952e+02
-7.294576485702466471e+02
-7.818395281875010596e+02
-7.400215474283825188e+02
-7.295216988638264866e+02
-7.915490546632046289e+02
-8.163354845226585894e+02
-6.771868107438353945e+02
-7.647859091048169375e+02
-7.682041473056655150e+02
-7.539125285997320134e+02
-7.499148039648742952e+02
-7.979986984131177223e+02
-7.013565115182025238e+02
-8.375124089462252641e+02
-7.762241320214991447e+02
-7.178758670694744524e+02
-7.007841550899004233e+02
-7.511791216444056545e+02
-7.260596975088088811e+02
-7.908961403296099206e+02
-6.981724257031223715e+02
-7.480136408737151896e+02
-6.474167356170421499e+02
-7.635359569118625132e+02
-7.961460908796975673e+02
-7.217980662939428385e+02
-7.064418833286695190e+02
-7.401095993081879669e+02
-8.260921244630706042e+02
-8.247329393134521069e+02
-7.421281273976028388e+02
-8.021693340691492722e+02
-8.052309577048631581e+02
-7.585504973787154768e+02
-7.749429198946781980e+02
-8.019778834733044732e+02
-7.947324532573468332e+02
-6.930922013221897942e+02
-7.695777193071548936e+02
-7.587159680294299733e+02
-7.844357501673782735e+02
-7.120898383912151530e+02
-7.165991330030431072e+02
-7.197488124895422743e+02
-7.528919484519328762e+02
-6.696608803092266271e+02
-7.305852191573799246e+02
-7.549808155558193903e+02
-6.774064553523433005e+02
-7.517506946976158133e+02
-6.998947513876264566e+02
-7.133199408263212717e+02
-7.493184896123512999e+02
-7.011800459765736377e+02
-7.251700892090916568e+02
-7.677116407355438241e+02
-7.479812853092419118e+02
-7.343891275969162962e+02
-7.884222148328383355e+02
-7.375986817543112011e+02
-7.384380457437649738e+02
-8.008092236323039970e+02
-7.956231124012626879e+02
-6.825507191877850346e+02
-6.669554983924413136e+02
-8.100015798795376440e+02
-7.393004844035915539e+02
-8.127126314832999014e+02
-7.521221820188906122e+02
-6.912238604013876966e+02
-7.091024173976477414e+02
-8.293562860221743449e+02
-7.247663368918159676e+02
-7.321904508275301851e+02
-7.436289533315607514e+02
-6.727536772656218318e+02
-7.644505432458773839e+02
-7.057781944747769103e+02
-7.290921095465417920e+02
-6.570771069378996572e+02
-7.541369838450345924e+02
-7.406194366110646570e+02
-8.036065029884784963e+02
-7.014858278654680817e+02
-8.078403460580890396e+02
-7.376217538184542946e+02
-7.782305860643178903e+02
-7.239185182814372865e+02
-7.941276883160421676e+02
-6.961290515053384524e+02
-7.259848458691473070e+02
-7.855857888820273729e+02
-7.862977003874395905e+02
-8.221636550111239785e+02
-7.088052338567364359e+02
-7.523836803583105848e+02
-7.351013723204049484e+02
-6.495442917589823537e+02
-8.049573359508085559e+02
-7.046243492033366920e+02
-8.037246244876829451e+02
-8.312337267427612915e+02
-8.190443806354587650e+02
-7.723880190504366965e+02
-8.351130587962550180e+02
-7.011552150079793364e+02
-7.062566487775879978e+02
-7.373784856703487094e+02
-8.292520681607670667e+02
-8.338013815262900152e+02
-7.151195450646151812e+02
-8.337662307250724325e+02
-7.493018798493136501e+02
-8.083488040236342158e+02
-7.992629889397344414e+02
-8.025790740713542846e+02
-7.299502518940719256e+02
-7.219451389792524196e+02
-6.282895061224094206e+02
-7.588160555733959427e+02
-7.723352054676261105e+02
-7.231657171127136507e+02
-8.414864160795686985e+02
-7.630291722862639290e+02
-6.965885310523340195e+02
-6.749819861867035797e+02
-7.784387464016991771e+02
-7.679475668911487674e+02
-7.324612767849338297e+02
-7.864836558220431471e+02
-7.128553853726467651e+02
-7.618766076598604968e+02
-6.769422736941369294e+02
-6.871752492659062455e+02
-7.627036504892482753e+02
-7.688557044367378239e+02
-7.944022940828741639e+02
-7.009653150512999673e+02
-8.404036115770234119e+02
-7.555848865443392697e+02
-6.918256882912191941e+02
-7.681229749685896877e+02
-6.620430579744224815e+02
-7.519056338551450835e+02
-7.331076045063027777e+02
-7.558403617044978091e+02
-7.307725129699501849e+02
-7.853220472621004546e+02
-6.734761228477225359e+02
-7.632270285397104317e+02
-7.832316429965475209e+02
-6.998466627507684734e+02
-7.344920536377662756e+02
-7.507604243185121504e+02
-7.133564823173744571e+02
-7.773383174973006362e+02
-7.710564078473094014e+02
-7.613881863833552188e+02
-7.615431539556751659e+02
-7.516965229047349339e+02
-7.765185796447291295e+02
-7.852955776106889516e+02
-7.717325580566694043e+02
-6.454590600097120614e+02
-7.810575110532940926e+02
-7.569564964563274998e+02
-7.806077448784576518e+02
-7.485719273518805039e+02
-7.390346865018972267e+02
-7.819263156717033780e+02
-6.508957571257842574e+02
-7.816468832774846760e+02
-7.552442613671336176e+02
-6.544770807189886455e+02
-7.274354645884690171e+02
-6.917625378429161174e+02
-7.006971220202999575e+02
-7.848123686342640895e+02
-7.428137574961913288e+02
-7.766103859278662185e+02
-8.280674359198411594e+02
-7.020601866208530737e+02
-8.275747585424173849e+02
-7.905192218780154008e+02
-7.785566422791068817e+02
-7.882859731244063823e+02
-8.352493880567228643e+02
-7.485062126174971127e+02
-7.423161048541331866e+02
-7.802492693374796318e+02
-7.939588193378253891e+02
-8.030121808441665507e+02
-7.569284046553000280e+02
-7.339656271565844463e+02
-7.895035619002428575e+02
-8.064234353038310701e+02
-8.088772719163655438e+02
-6.355828216905198360e+02
-7.854906295662007096e+02
-7.111681107380369440e+02
-7.463374757143068337e+02
-7.505852748897127640e+02
-6.993916394482431542e+02
-7.198877176926723678e+02
-7.973800617731583316e+02
-7.661347889221619880e+02
-7.758557905848406335e+02
-7.812921672745582100e+02
-7.732884167505960704e+02
-8.155825817492918759e+02
-7.767680827106828474e+02
-7.580961156857263177e+02
-7.367610468680825306e+02
-7.322157921026158647e+02
-7.343298237280532703e+02
-6.847913446068596386e+02
-8.411857033355304338e+02
-7.199895189544458844e+02
-7.359344275061731651e+02
-8.211856391643846109e+02
-7.241368892856233970e+02
-6.763621163349608878e+02
-8.164416537789463746e+02
-7.469383611341559117e+02
-8.036528729912395193e+02
-7.578056110058695367e+02
-8.061000900610204098e+02
-7.267675234378612004e+02
-7.484299829361134471e+02
-7.460011647502902861e+02
-6.847858723278349089e+02
-7.860645510073208015e+02
-7.716619115525669486e+02
-8.032936359840585965e+02
-6.991491389369696208e+02
-6.916375966583232184e+02
-7.416604278000011163e+02
-7.959740428999648429e+02
-7.303307223019606909e+02
-6.071530310155623056e+02
-6.887555279737266574e+02
-7.004945800367640913e+02
-7.592845873040334936e+02
-8.381439843621427599e+02
-7.614305441600981794e+02
-7.801238178493388205e+02
-8.094117929185671301e+02
-7.727010731568839219e+02
-7.559166021413607268e+02
-7.830795372450719469e+02
-7.946283089198104790e+02
-6.894562454779102154e+02
-7.997731174260925400e+02
-7.278834212551699920e+02
-7.098187991386697604e+02
-8.213239715925732298e+02
-7.838697948343545931e+02
-7.968646571490435235e+02
-6.146686058722796133e+02
-7.134520255891601437e+02
-8.357069706821200725e+02
-8.338778743722853051e+02
-7.190862036103842456e+02
-7.959764697779384051e+02
-6.917479660801108139e+02
-7.831013916285710366e+02
-7.813358516864100238e+02
-7.696226350005872519e+02
-8.253055774756677465e+02
-8.293263723993352414e+02
-7.788284454377926522e+02
-7.766996304448855426e+02
-7.904684875679801053e+02
-7.556353511768417093e+02
-7.977009994106228987e+02
-8.052729169894296319e+02
-8.166869385077819743e+02
-6.972265436717605098e+02
-6.915474127826337281e+02
-7.057953483352521289e+02
-8.236686170487975005e+02
-6.428226271991225076e+02
-6.775543193773353323e+02
-8.272264353123423462e+02
-7.964964802584031531e+02
-7.464265161097021064e+02
-8.062711533535389208e+02
-7.974328120482098257e+02
-7.173134948139787639e+02
-7.166074123897716390e+02
-7.306866096814383127e+02
-7.570758773914035373e+02
-8.498393754657161026e+02
-6.837491991987131996e+02
-7.324565116584033149e+02
-7.610025143374579102e+02
-7.209519325519547692e+02
-7.202979880446882817e+02
-7.972888806058589353e+02
-7.992231193456466372e+02
-8.345052011732198025e+02
-7.975409840006475406e+02
-6.660061314205855751e+02
-7.680369606839884682e+02
-6.320064934101362724e+02
-7.101400177043343547e+02
-7.497258783634943029e+02
-7.504519489791407523e+02
-7.785458014333535175e+02
-7.736540794977386213e+02
-7.601813709320742873e+02
-6.557963049269590101e+02
-8.222994786237939024e+02
-7.940147321112808640e+02
-7.380675578466129991e+02
-7.402934835264352387e+02
-7.644857850195770652e+02
-6.835078739104984606e+02
-7.681808283946141955e+02
-7.597911433486592614e+02
-8.181138039659168726e+02
-7.492640295792321012e+02
-7.668871997745673070e+02
-7.584351079679173608e+02
-7.269937779906834976e+02
-7.214602196753108956e+02
-7.841665983658041341e+02
-8.381083633609707704e+02
-7.756287910504153160e+02
-8.160823498622119132e+02
-6.949406142504491299e+02
-7.020000272718866654e+02
-8.156651549453463304e+02
-6.779681789841154114e+02
-7.868393608512346873e+02
-7.860546750254377457e+02
-6.958709789377901416e+02
-7.092850583744760797e+02
-8.071306876700571138e+02
-7.337431833961586563e+02
-7.436794019264988265e+02
-8.444568786209406426e+02
-7.571667689267069363e+02
-6.512150945969606255e+02
-6.704991593123805842e+02
-7.137857019702740899e+02
-7.703861150333785872e+02
-7.360924831616439405e+02
-6.541271444725143738e+02
-6.945707950611919159e+02
-7.681126087832207077e+02
-7.480251420436750323e+02
-7.447047280053855047e+02
-8.074757284792310656e+02
-8.056326437791624357e+02
-8.398747035503570260e+02
-7.914576339727568666e+02
-7.751171874636240773e+02
-7.500720728410553875e+02
-7.424704560598859189e+02
-7.332778396085043369e+02
-7.698889753895422245e+02
-7.320319269056070652e+02
-7.909375409413602256e+02
-7.853154386783978680e+02
-7.761805637980206711e+02
-7.397233300111112158e+02
-7.139450718886506593e+02
-7.111309955555991564e+02
-8.472261563264440838e+02
-7.316775601266913327e+02
-7.922683408142481767e+02
-7.635758493140741621e+02
-7.643512358198995571e+02
-7.336141784662197551e+02
-7.715809654767273287e+02
-7.625871388287723676e+02
-7.408952042437080081e+02
-8.279103824015422788e+02
-7.283457997900718510e+02
-8.251038331339749448e+02
-7.366353290582086402e+02
-8.411314170840541919e+02
-7.910240544928902864e+02
-6.818312100509565425e+02
-7.501668492882627106e+02
-7.939872733750114548e+02
-8.222545915704138224e+02
-7.814049387097189765e+02
-7.721360580761412393e+02
-7.553950444536052373e+02
-8.121410256110304999e+02
-7.727857372137931407e+02
-7.556949741629101709e+02
-7.888017333422899355e+02
-7.739343411900596266e+02
-7.722567314745617750e+02
-7.796554557676347486e+02
-6.700354427287486487e+02
-8.350572518297724400e+02
-7.303330409159145802e+02
-7.521687263088026612e+02
-6.842078032210897618e+02
-8.246679848337713565e+02
-7.834480813100039995e+02
-7.450066950017542240e+02
-7.850977375784493688e+02
-7.759762854581092597e+02
-7.238819691925511961e+02
-7.955608438242758211e+02
-8.140524729317298807e+02
-7.152560712230290392e+02
-6.839778384580149577e+02
-8.023584761909608005e+02
-8.108560834670032591e+02
-7.170191301171284977e+02
-6.944570016728182509e+02
-7.530767787496320125e+02
-8.014942810305579997e+02
-7.474998257256575016e+02
-7.831027768926740009e+02
-7.586042591120090037e+02
-7.886702160494428426e+02
-7.958928299583209309e+02
-7.064314643528354054e+02
-7.768762445238555756e+02
-7.350274686649891009e+02
-7.956583465065094742e+02
-7.278430809264145864e+02
-7.211017801209769686e+02
-7.189453766708122657e+02
-7.286753163265893818e+02
-7.414302785040758863e+02
-6.642274855256711135e+02
-7.837377258640076434e+02
-7.063946605047876801e+02
-7.910838823700419198e+02
-7.644542658166856199e+02
-7.569111391642162516e+02
-7.778947921418332498e+02
-7.662810974397220889e+02
-7.723833010795004839e+02
-7.215622597143317307e+02
-7.490167164894473899e+02
-8.072593416315626200e+02
-7.704787842592020297e+02
-7.010836263318814190e+02
-7.721914554042996315e+02
-8.365418731882193697e+02
-8.037356719398953828e+02
-7.973991430581000941e+02
-7.622571522688044752e+02
-6.983545907687761201e+02
-7.403291629984248630e+02
-7.588029693473122279e+02
-7.465187491180349753e+02
-7.041228228234651851e+02
-8.019955536340052049e+02
-8.308459013649433018e+02
-7.646451364903048216e+02
-7.505172527315282878e+02
-7.859252437010100039e+02
-7.569369121832082783e+02
-7.572517442721826910e+02
-8.208730509218682982e+02
-7.680525785998692072e+02
-7.407876110794352371e+02
-7.043435576757037779e+02
-7.575351306603714647e+02
-8.365160438615935163e+02
-8.279508236295662300e+02
-7.745146400034852832e+02
-7.200615362704647850e+02
-7.130734177979221613e+02
-7.665143275970068544e+02
-6.482416631701466940e+02
-8.041465141634492966e+02
-7.659838112403322157e+02
-7.731673666806237861e+02
-7.228931352766128384e+02
-7.704435919776706214e+02
-6.797519894589262321e+02
-7.474340101762600170e+02
-7.787601023009709706e+02
-7.430830604757206856e+02
-6.357577818607190920e+02
-8.476196324816312426e+02
-7.732271338526099953e+02
-6.630867687887688362e+02
-7.704141668308245698e+02
-6.637892099316109125e+02
-6.861476309305445511e+02
-7.336333111377899741e+02
-6.989948925237085859e+02
-8.199350891007578639e+02
-7.787011106618487020e+02
-6.740020464589985068e+02
-7.532811891198455214e+02
-6.930811657622592747e+02
-7.322337219093667500e+02
-7.637172925571770747e+02
-8.026486791714447691e+02
-6.947237995315733770e+02
-7.451621052043672080e+02
-7.669688604604809825e+02
-7.320199252181968177e+02
-8.206560982957329315e+02
-7.311564777102853441e+02
-7.348444998479135393e+02
-8.088161600306360697e+02
-7.206852296411198040e+02
-6.776526155825229125e+02
-8.284478546165227044e+02
-8.072105618429077367e+02
-6.528387001757997723e+02
-7.302293567330461883e+02
-7.490791950893059266e+02
-7.537688050569614688e+02
-7.589377275908819911e+02
-7.438067863574888179e+02
-8.224402712874525605e+02
-7.706840478710732896e+02
-8.321515817733695712e+02
-7.457633424187567925e+02
-8.167890252470264159e+02
-8.298160852861803960e+02
-7.670938230831982310e+02
-6.788780897139724857e+02
-7.547575953472637593e+02
-8.335796494911437549e+02
-7.959895611229126189e+02
-7.216336491917331841e+02
-7.787950598419946573e+02
-6.654189927393588277e+02
-7.928464218644750190e+02
-7.258793527039181299e+02
-7.662228839777203575e+02
-7.547475370588125543e+02
-6.458115214041300760e+02
-7.333781637717639796e+02
-7.047012497029966198e+02
-6.878379278603339344e+02
-8.324104114263330985e+02
-7.658068491109592060e+02
-6.862217723016295849e+02
-7.913507475184813984e+02
-8.065714780566287345e+02
-7.565438856910820959e+02
-7.914484640208892188e+02
-7.178608504058977360e+02
-7.318331282143228691e+02
-7.029860484356269126e+02
-7.926713292832474735e+02
-7.815444919726788839e+02
-7.903579441688311817e+02
-7.544839517902430543e+02
-6.579978527795165064e+02
-7.166662071452071814e+02
-7.923817843867269630e+02
-7.988941242692048945e+02
-7.261502182409963098e+02
-7.555736663455514872e+02
-8.298374139896716315e+02
-7.093483411247283357e+02
-7.501598983056187535e+02
-8.133525445397167459e+02
-7.118080817851707707e+02
-7.211811687390299994e+02
-7.895012752096210988e+02
-6.452907005171762194e+02
-7.517088303060206727e+02
-7.845231634697407799e+02
-8.410599612499328259e+02
-8.043980345813459962e+02
-8.074559616789188112e+02
-7.862218189626806861e+02
-6.911973440064474516e+02
-7.204791076707188040e+02
-6.839063064047429634e+02
-7.859714132325128730e+02
-8.016410706117233076e+02
-8.328236514744147598e+02
-7.931141830764485121e+02
-7.236790406243582083e+02
-7.830580200736098959e+02
-7.751325734794068012e+02
-7.408397079900782956e+02
-6.956387113678312062e+02
-8.126469537315729212e+02
-7.756863162835667254e+02
-8.195173910685333567e+02
-7.794718497568821931e+02
-7.809022567163516442e+02
-8.298110884652729737e+02
-8.022954935568681094e+02
-8.358003071089397054e+02
-7.778059965450928530e+02
-7.546256827398141240e+02
-7.941489938920119585e+02
-7.523548821937749835e+02
-7.647846287820859743e+02
-7.068029505507079193e+02
-7.704767643304828653e+02
-6.990296814502371490e+02
-7.869294137987365048e+02
-6.396360745053509618e+02
-7.505055690027184028e+02
-7.533824113048254958e+02
-7.725127831026322838e+02
-7.734619189346333314e+02
-7.491245904857995583e+02
-7.472585324122326256e+02
-7.673401450710963445e+02
-7.660021485957149707e+02
-7.862382529373737725e+02
-8.040710065128364477e+02
-7.775653878279172204e+02
-7.256796146681915616e+02
-7.854714443391249006e+02
-7.224430787581082996e+02
-6.976214421333831979e+02
-6.738361581982387634e+02
-6.914552443727222908e+02
-7.680317344349142559e+02
-7.747470822766758829e+02
-6.794437100328885890e+02
-8.142409083816842212e+02
-7.987568222263855660e+02
-7.279671412398208759e+02
-8.035119187702789532e+02
-6.811905419829702168e+02
-7.767401355301678905e+02
-7.859168036724026933e+02
-7.002378256416153590e+02
-7.204857967644854853e+02
-7.195305052754684993e+02
-7.786604335772622107e+02
-7.856581473533780127e+02
-7.348893717460703101e+02
-7.178620354249604816e+02
-7.425709090803404706e+02
-7.440946070205363867e+02
-7.411731748094885006e+02
-8.043309196539205459e+02
-7.424615822075123788e+02
-7.198123310778920541e+02
-7.358559012913249262e+02
-8.251660283978551433e+02
-8.447798422162317138e+02
-7.723660351332624714e+02
-8.072040283178131403e+02
-7.240109403529471592e+02
-7.426205754297762951e+02
-7.050899466945298855e+02
-7.531898369757759610e+02
-8.402368424934256836e+02
-7.780865870300580127e+02
-8.128146627996203506e+02
-6.902628285523770728e+02
-7.545727432876929015e+02
-7.986903504043539215e+02
-8.229516807282662967e+02
-6.507663518585194424e+02
-8.358652351245788168e+02
-8.300504216575188821e+02
-7.906488387088970740e+02
-7.643442612744222515e+02
-7.828677411042300491e+02
-7.306720284484700869e+02
-7.789346003373977965e+02
-7.673845816341788577e+02
-7.851180261007173158e+02
-6.939330480187766170e+02
-6.964830547177929247e+02
-7.391675906020991533e+02
-8.005967024696908538e+02
-7.670197133381908543e+02
-7.438557929430726290e+02
-7.341179807062181908e+02
-7.987435380511102494e+02
-6.657638959532354193e+02
-7.506314086734317925e+02
-7.985051972132890796e+02
-7.452336687796960177e+02
-7.629084116558649384e+02
-8.205533278410212006e+02
-7.027644832750385149e+02
-6.956896159682902407e+02
-6.787395853208939798e+02
-8.042886916653592380e+02
-8.091956080221286811e+02
-7.584062986091312268e+02
-7.197820928743653894e+02
-8.307895636995460791e+02
-7.725731395276785634e+02
-8.244356182704179901e+02
-7.597863369087224328e+02
-7.752050764442230957e+02
-7.326509091093615780e+02
-7.718438286306575264e+02
-7.227258705215657528e+02
-7.873821281217300339e+02
-8.001811734219091932e+02
-7.625652302579968591e+02
-8.019567005361087695e+02
-8.358766999435492835e+02
-7.560849168920829015e+02
-7.324246953279634909e+02
-7.149812514700040538e+02
-7.722227272473305675e+02
-7.046506659872643468e+02
-7.985923934910231310e+02
-7.250769657244601376e+02
-7.233743188360240310e+02
-7.683076907431618565e+02
-8.121405101381559462e+02
-8.090856497618476624e+02
-8.225997110550779325e+02
-7.772853481579957133e+02
-7.553426403985540674e+02
-7.612643538301438184e+02
-8.156628803339630167e+02
-6.532515684971331211e+02
-7.888488955254325674e+02
-6.644846052508114553e+02
-7.424548677144475732e+02
-7.635124151274105770e+02
-6.909440892728205199e+02
-7.688193445426902599e+02
-6.756784190043204035e+02
-6.672102125095304928e+02
-7.887480576456009658e+02
-7.544451054143000874e+02
-7.141079779232759392e+02
-7.268928985354963288e+02
-7.383359540096283808e+02
-7.504040405211360394e+02
-7.710214649175171644e+02
-7.805733753839276687e+02
-7.512259103672324727e+02
-7.593388884800543792e+02
-7.513175394019427813e+02
-7.810144486789411076e+02
-7.372987740228214761e+02
-7.876528263925547435e+02
-7.695233293628116371e+02
-7.478443768404856655e+02
-8.305667249774844549e+02
-8.184934485539174602e+02
-8.281236405911786278e+02
-7.434113024047546787e+02
-7.855619952382014617e+02
-8.170701102726412728e+02
-7.901285263557072085e+02
-8.030896489566808896e+02
-6.915148854194811747e+02
-7.831838268647021550e+02
-7.881456329020592193e+02
-6.398754405474720670e+02
-7.985118711986990547e+02
-7.499404837566441984e+02
-7.528945723946343378e+02
-7.499818871928970339e+02
-6.537240352783769595e+02
-8.227095604792198174e+02
-6.241336948880741602e+02
-7.946477041807443129e+02
-7.311412945247501511e+02
-7.721029287755777659e+02
-7.468102443888772086e+02
-7.537083961001333137e+02
-7.944739995210634333e+02
-8.139068493099836132e+02
-7.378158558348640099e+02
-7.302292211955103767e+02
-7.597354436733826333e+02
-8.167424243895333120e+02
-7.643922797946595438e+02
-6.769592609274357073e+02
-7.477252969811409002e+02
-6.903151026791052800e+02
-8.071673872396823981e+02
-7.410912212713268445e+02
-6.921516785384895911e+02
-8.043509606673735561e+02
-7.896172144762167591e+02
-7.580840115178815495e+02
-6.767508770301546974e+02
-7.588564723861331913e+02
-8.192905701835453556e+02
-8.172656798477092934e+02
-7.979937049276209109e+02
-6.746046854385767801e+02
-6.841158970408566802e+02
-7.276888280964005844e+02
-7.175550824805368393e+02
-7.639032750331749639e+02
-7.471215673024745456e+02
-7.443730620630224166e+02
-7.784277519256635287e+02
-8.121849915460873035e+02
-7.599929661597388986e+02
-8.093657867436087372e+02
-7.789897727186227030e+02
-7.923382267210665759e+02
-6.943031547600641034e+02
-7.809084489949821091e+02
-7.243024739352077859e+02
-7.986987298211428197e+02
-7.990317796421932144e+02
-8.152654278769712164e+02
-6.246286698426023349e+02
-7.792510827230471477e+02
-8.264779370107671639e+02
-7.263477472174688501e+02
-7.371156077269652087e+02
-8.220336202150057261e+02
-8.174439627173446752e+02
-6.554559856573997649e+02
-8.240324671295458074e+02
-6.917033409690341159e+02
-7.896840052244044728e+02
-7.613133621137330920e+02
-7.306556439425773988e+02
-6.962689222002168208e+02
-7.880385507464691273e+02
-6.902165544443623730e+02
-6.886539871641741684e+02
-7.565774158561490594e+02
-8.137033581471401931e+02
-7.912520368640408606e+02
-7.024642583179580697e+02
-7.252537354601613515e+02
-7.901001469459027930e+02
-7.696548623297286440e+02
-8.335579967989181114e+02
-6.935761919827841666e+02
-7.722007437878867222e+02
-8.104944098452596108e+02
-7.941833270168353920e+02
-6.726830184596194613e+02
-7.722466242582759151e+02
-8.388760124814148185e+02
-7.863611486295210398e+02
-7.823840093945703984e+02
-7.777632457558761416e+02
-8.177827877733319610e+02
-7.870925342737177743e+02
-6.075546424435160588e+02
-8.178062943018514943e+02
-7.195566569064426403e+02
-6.755755290948764014e+02
-7.616784213684188671e+02
-6.760283278613933362e+02
-7.878445240755524992e+02
-8.229569469664015742e+02
-6.540702869306160210e+02
-7.394577075708535858e+02
-7.685659121175463042e+02
-7.900467055369175569e+02
-7.370174219906310782e+02
-7.141441786650395898e+02
-7.451969070236846164e+02
-7.273408216124664705e+02
-7.417837602162112489e+02
-7.565764218005048178e+02
-7.498517531977579438e+02
-8.235135132623095160e+02
-8.128566764517036063e+02
-7.938128404612526765e+02
-7.389739999724805557e+02
-7.021081769167096809e+02
-7.304073461755128847e+02
-7.475624141337663104e+02
-8.038454206795777282e+02
-7.886196605131797241e+02
-7.732568037845388744e+02
-7.796422332949742895e+02
-8.210165859169344458e+02
-6.618214325406416947e+02
-6.477419101901433578e+02
-8.052182535478091268e+02
-8.192767749658956973e+02
-7.840522835242869633e+02
-7.643614046003485782e+02
-7.426665483843803486e+02
-6.400006805253220818e+02
-7.225510493097345943e+02
-7.070275496720818182e+02
-8.122547626833037384e+02
-6.667818400472185658e+02
-7.344037252820704680e+02
-7.947092037739540729e+02
-7.600653345764824280e+02
-8.384184483396220458e+02
-7.763848478497351380e+02
-8.364763310752713323e+02
-6.202920096355730948e+02
-7.348935864313502861e+02
-7.442419195733026527e+02
-7.860933481917352310e+02
-8.038647313412539006e+02
-7.614094378651162742e+02
-7.254498457509741911e+02
-7.766501353885284971e+02
-7.707877085990884325e+02
-6.741854864376334717e+02
-7.895526410721920456e+02
-7.577045110701856174e+02
-7.644848882458045409e+02
-7.801882987417667437e+02
-7.596250453490331438e+02
-8.027759230106149744e+02
-7.263969166539203570e+02
-7.113616833304213287e+02
-6.625290479977695668e+02
-8.152273533086828365e+02
-7.145040127375879138e+02
-7.104319814482688571e+02
-7.884180785812312706e+02
-7.301576240119918566e+02
-8.341305182206741620e+02
-7.850936782928017692e+02
-7.163730987546531424e+02
-7.987523585662931964e+02
-7.638274306798440421e+02
-8.302327932406162745e+02
-6.513347212928553063e+02
-6.986615996730051847e+02
-7.475474119621992486e+02
-7.047233739369798968e+02
-7.920412331432996780e+02
-7.649437856689592081e+02
-7.436933245900988823e+02
-7.596830389627639306e+02
-7.229842434295496787e+02
-6.995898509854209806e+02
-6.746767856818319160e+02
-6.714419403826719872e+02
-6.992537335224799335e+02
-7.695650515281756725e+02
-7.917378697959560441e+02
-7.860435491426510453e+02
-7.239922390745080065e+02
-6.502789728769680551e+02
-7.864340852603124858e+02
-6.789408633600359053e+02
-7.349427573323144998e+02
-8.234333494933292741e+02
-7.050923011066021218e+02
-7.777447342488283084e+02
-7.967353330500689026e+02
-7.889840420379814532e+02
-7.632305274567844435e+02
-6.591215364071974818e+02
-6.909712829588977456e+02
-7.990083757060251628e+02
-6.767495257069390391e+02
-7.920691743324473464e+02
-7.368774239761207809e+02
