-2.436052829224449852e+03
-7.468171069383741951e+02
-6.483966043995750397e+02
-5.018132975052660072e+02
-6.640780866792897541e+02
-7.303091045357027724e+02
-6.440586557329072548e+02
-6.979235969934617287e+02
-8.758630141617246636e+02
-6.931559333812595014e+02
-8.052899832153262878e+02
-6.851172754536355569e+02
-7.413348548520921213e+02
-5.633252211564080199e+02
-5.024683635079143187e+02
-7.363246316583569069e+02
-6.093635331355502558e+02
-8.664304146765764472e+02
-4.016466351257001861e+02
-7.935311514175044749e+02
-7.450806033922840470e+02
-6.450436704201654265e+02
-5.052054396990664031e+02
-8.496212606202808502e+02
-4.665881712895638884e+02
-6.306932040398598929e+02
-8.512246550297746808e+02
-6.670952291056661352e+02
-7.199584109121482243e+02
-1.066932770859393713e+03
-6.424207443719682260e+02
-1.137315619276202824e+03
-6.109854013798460528e+02
-9.090198256968392343e+02
-9.131552908364820951e+02
-7.438921512965625880e+02
-6.265008993398463417e+02
-5.740080566424790049e+02
-8.773230609858405842e+02
-7.883061107588849836e+02
-9.988685578836250443e+02
-6.614842899017970694e+02
-5.199356038524333599e+02
-7.082058685976732022e+02
-8.018876657759907403e+02
-7.700632115086372096e+02
-7.265697118015899605e+02
-8.463455535867143453e+02
-6.993918669803392731e+02
-8.038976356673477994e+02
-6.418496889068812834e+02
-7.380496602975434826e+02
-6.798878629395454709e+02
-9.261496116061282464e+02
-8.410905776916447394e+02
-6.627510142082361426e+02
-6.999424813436141903e+02
-5.668657331959120711e+02
-6.318412566675748394e+02
-7.497801404709415465e+02
-6.818225330271113762e+02
-6.832463363733172628e+02
-7.721041348678805889e+02
-5.420727675137100050e+02
-7.180197482385134435e+02
-8.698998966874152075e+02
-6.056041455495449100e+02
-7.380187842675777574e+02
-7.625074547346198415e+02
-6.427018019244486595e+02
-7.249823112849541076e+02
-6.447040676289702787e+02
-7.855530940766686854e+02
-7.032613501915514007e+02
-6.149067041143210872e+02
-6.267138230078813876e+02
-7.421236870089270496e+02
-5.791008407887389922e+02
-6.373748789743547150e+02
-5.582538755515435014e+02
-6.940757586933748371e+02
-6.092482774214863639e+02
-5.455252479760282540e+02
-7.557849009184267288e+02
-7.343639345958804370e+02
-7.052902709719350014e+02
-7.452856780602586468e+02
-6.753286420588442525e+02
-6.339216041922603608e+02
-8.193722638088433996e+02
-4.504255473012398170e+02
-6.601739816188236318e+02
-5.355494308150657616e+02
-4.879499190375933608e+02
-4.041200520832135226e+02
-6.525491227432879668e+02
-6.707591768920387949e+02
-4.997447891024347086e+02
-7.033919328998097171e+02
-6.497185162369476075e+02
-5.396638357232545786e+02
-7.289553114768419846e+02
-4.384774535429639855e+02
-6.733033033132625178e+02
-6.225870742610238722e+02
-7.115185907371624126e+02
-7.526849616088546782e+02
-3.856895426624575975e+02
-5.094163588345636526e+02
-7.241773136485833220e+02
-5.597532213210215559e+02
-6.630799279597107443e+02
-6.597447560465951710e+02
-6.589475896437609208e+02
-5.730987164826824483e+02
-6.519432923472468246e+02
-3.542535336570249456e+02
-8.133093206580138030e+02
-5.081323023891978892e+02
-7.471544590097812488e+02
-7.180412639705600668e+02
-7.371313517710983660e+02
-6.344562959458958176e+02
-7.718185147363337819e+02
-6.150393107459137809e+02
-7.865547217567884672e+02
-7.494585348658986277e+02
-7.972543196859878663e+02
-5.601232410119166616e+02
-6.875211436793301800e+02
-5.338543190941019247e+02
-7.381463919698888958e+02
-8.818027438892202099e+02
-6.874729336290179162e+02
-5.489850335587815380e+02
-4.541453881725574320e+02
-5.367492204825349518e+02
-4.609464086816747681e+02
-7.908872833466591601e+02
-6.818512698523700237e+02
-3.795115850841438601e+02
-3.617238829609649997e+02
-7.414953093710532812e+02
-6.591715369489015757e+02
-5.012414347525569269e+02
-3.237336950749632933e+02
-5.324087180583863983e+02
-6.656515248949638135e+02
-7.143507796125483083e+02
-7.831130071975726423e+02
-2.406408030036082550e+02
-6.434773774673946036e+02
-5.414198180046032576e+02
-4.226371444862965632e+02
-6.758169420808110317e+02
-5.152012463191227880e+02
-7.645179113347426210e+02
-6.698096747478169846e+02
-5.615076244812242976e+02
-4.875816350746790704e+02
-7.632298417663580494e+02
-7.381240168875651761e+02
-7.482575879868400079e+02
-5.756683632323436086e+02
-5.828495392556538945e+02
-7.029333142864733190e+02
-4.951530955000722543e+02
-6.632272214284007532e+02
-4.638916957066441000e+02
-6.779761762608670779e+02
-6.449670301420603664e+02
-6.665279783014020722e+02
-5.533343125301526015e+02
-6.144196110415036856e+02
-4.409965116796421398e+02
-5.863552688849835022e+02
-3.127794798208138900e+02
-7.744526949922041013e+02
-6.300690772348347082e+02
-7.885422977894706946e+02
-5.517747726051825339e+02
-7.600548298102651188e+02
-6.010333917646190685e+02
-1.537554373480956258e+02
-5.830567968046696024e+02
-4.951829213400059757e+02
-3.528940059393404454e+02
-6.344351101595905220e+02
-5.345231278231934766e+02
-7.229682182391538845e+02
-6.215075920145596911e+02
-2.851588162610038353e+02
-6.817270930086615408e+02
-6.048222039025972663e+02
-7.774587664631270627e+02
-3.385764646694130420e+02
-3.675957455098096034e+02
-4.373711535100109700e+02
-7.860110852000422028e+02
-4.300497372749608758e+02
-6.229045668626059751e+02
-6.749215551720212716e+02
-6.318054260570787619e+02
-2.712462118069307166e+02
-6.502538678038500848e+02
-4.633948446188009029e+02
-4.495225261868546909e+02
-5.474563196895671808e+02
-7.404274694475165006e+02
-3.561868191451158054e+02
-6.768927904353598706e+02
-8.042301764366870884e+02
-4.991378324958429857e+02
-3.542191500923534022e+02
-4.482219590326336061e+02
-5.825168209917613922e+02
-7.341146018978071197e+02
-7.208417440745662361e+02
-2.776587225454040890e+02
-8.264964705441997239e+02
-5.161783533949403591e+02
-6.396534007066244385e+02
-7.125095767889323497e+02
-7.137595455774758193e+02
-6.046554290188381628e+02
-4.695846658196209091e+02
-2.521668247356292909e+02
-2.845900816072960993e+02
-5.347005113345908285e+02
-7.378976935081343527e+02
-5.094413648992228332e+02
-7.243508391067880439e+02
-4.633961755732747179e+02
-6.815805902071705304e+02
-6.893112225901071497e+02
-4.041990226303224745e+02
-3.299772253399311808e+02
-6.563363705439132900e+02
-6.380720368360232442e+02
-4.328361762904091847e+02
-6.053271128732734496e+02
-4.640934302779793370e+02
-5.776651140790045247e+02
-5.158068604646467747e+02
-4.087507824311852573e+02
-6.171419010728119474e+02
-3.875142164461391872e+02
-2.778529096645407890e+02
-4.657760943943857228e+02
-8.285067883861574956e+02
-3.799917941063905573e+02
-3.892629820588290954e+02
-7.632946346578924022e+02
-5.460319847977044674e+02
-6.448202923012304382e+02
-1.771928437386029316e+02
-1.066642432428082117e+02
-4.007783663193689563e+02
-5.798859481212011815e+02
-3.149191700109665248e+02
-3.944498573000654460e+02
-4.437282376529195744e+02
-6.907761211886881938e+02
-4.400971385726717813e+02
-6.352766193361317164e+02
-3.531617334397732293e+02
-4.071390597316481035e+02
-6.396367268774787362e+02
-6.496796988892992886e+02
-3.138982326332078969e+02
-5.209189142642103434e+02
-4.561259703743397154e+02
-2.576224964610277652e+02
-6.189035847595629320e+02
-7.156698304648457452e+02
-2.895819710351731260e+02
-6.624367106705046808e+02
-4.904392133000238800e+02
-3.078098521367023750e+02
-3.445122035557527056e+02
-4.468593821452466273e+02
-7.109439489917216406e+02
-5.323203936154911844e+02
-3.626737317207823708e+02
-4.017195842489560391e+02
-6.057423229270109459e+02
-2.287210152785868900e+02
-1.313311102939597390e+02
-5.945434399479734111e+02
-3.645285532329745024e+02
-6.591689387298389420e+02
-3.387495566829554718e+02
-7.282972291186204075e+02
-1.090190918258142148e+02
-4.658702744208181343e+02
-5.881534614828859731e+02
-5.774157947981366306e+02
-4.635571985503148085e+02
-3.909553992422270312e+02
-4.635269366978534435e+02
-2.382349784804563342e+02
-4.999184049638235479e+02
-2.553194201786262170e+02
-2.790882316756573687e+02
-2.153650803453328422e+02
-2.043000709554161460e+02
-3.822423569846753253e+02
-3.188553427075871696e+02
-2.146396623179876428e+02
-3.294149312194151662e+02
-3.506029411554553121e+02
-4.038752228629434740e+02
-4.950829922336025675e+02
-3.920448058550368273e+02
-4.336139066707773395e+02
-7.828552468019111075e+02
-3.807115033717899450e+02
-3.239510013300406968e+02
-3.291359160341551160e+02
-3.659394078719675463e+02
-1.559954095991586200e+02
-2.324701156303091238e+02
-3.902569116486729399e+02
-1.058284250820208712e+02
-2.748474650265746959e+02
-2.428842508221419507e+02
-5.835131050603793028e+02
-7.522176997071302367e+02
-3.474838925687072333e+02
-4.145790861480202238e+02
-4.193152842139526797e+02
-2.728641219503554112e+02
-4.143454470270493175e+02
-3.322796212129184141e+02
-1.827547786495326250e+02
-5.902967555026511945e+02
-1.492804580176814397e+02
-3.753087082506012280e+02
-1.835741101571448439e+02
-3.725559626288292066e+02
-4.735976313713916284e+02
-3.588780451652320380e+02
-2.900242504978263014e+02
-2.788246992527828070e+02
-2.231999945160006860e+02
-2.267331985195200730e+02
-3.225055715447587659e+02
-4.173979035623733580e+02
-4.605075161266716464e+02
-2.940647272342613405e+02
-1.130563823072931910e+02
-2.412575045088620413e+02
-2.658988243277050856e+01
-2.113403094769643644e+02
-9.816543649949599626e+01
-8.656566064198939330e+02
-7.960996965371184615e+02
-1.441227706618839477e+01
-2.523986763956236814e+02
-3.735621196645810755e+02
-5.025277477724015398e+02
-1.146636412918895900e+02
-4.665738540200022157e+02
-1.814707123068740486e+02
-3.840639078619760767e+02
-4.303450804033808481e+02
-1.173416067467047412e+02
-4.121750461494109459e+02
-5.017658987800875252e+02
-7.147854019602568769e+02
-7.891939488461546262e+02
-6.522892150895540908e+02
-5.074603402639716023e+02
-7.486591521172158537e+02
-9.421010177821970046e+02
-7.924337036627540556e+02
-7.866043715928071833e+02
-7.254669755911427274e+02
-8.916272999722099257e+02
-6.965634228019805505e+02
-5.442252823103771107e+02
-6.154091261876956196e+02
-7.680022026632450434e+02
-7.594439986948398200e+02
-9.090118280072665584e+02
-8.931711842667035626e+02
-4.234245665749446630e+02
-6.370281479646573644e+02
-7.539311628690325051e+02
-5.911986554562824949e+02
-4.060406748588304140e+02
-4.656987136951570392e+02
-8.099495744414797400e+02
-2.772145503775099087e+02
-4.696464441602304873e+02
-1.206564677465532327e+02
-1.871187242169767728e+02
-5.588996669665045829e+02
-3.649365346292758545e+02
-4.894920355856812648e+02
-3.230799871640753622e+02
-4.400747424593318442e+02
-2.236333336090605712e+02
-6.691555466560439527e+02
-2.574841097955854252e+02
-6.899238151582454748e+01
-2.026237766328131897e+02
-2.405364106681039118e+02
-5.518372797102074401e+02
-3.201751164368612308e+02
-3.598515224036326572e+02
-6.117511584876475581e+02
-3.217077762362433191e+02
-3.987277921370843501e+02
-3.694687115632792711e+02
-8.477286381201537324e+02
-1.488347263427208873e+03
-1.217608298217427603e+02
1.137992145695118040e+01
-4.270224582806927742e+02
-2.448297370124278700e+02
-1.407014228658843422e+03
-2.128162468488723675e+02
-5.617445660902208715e+01
-2.849615234249424702e+02
-2.980367578464441181e+02
-1.388942434206409757e+02
-7.096675189876111745e+01
-1.549056453439066445e+03
-1.480314732201098877e+02
-1.543687594875009097e+02
-2.100885894172407120e+02
-2.810890040694039840e+02
-7.114264093217052221e+01
-3.046459379263865230e+02
-1.531342815148855152e+02
-3.428595164583285282e+02
-3.801625924187335386e+02
-2.887173672542607505e+02
-2.383637810001434900e+02
-1.091270165000236574e+02
-2.746270673506206776e+02
-2.397346841644049675e+02
-9.098258966391833269e+01
-3.405389215601332467e+02
-1.704512951191399850e+02
-3.260274465866255582e+02
-2.140509768902754217e+02
-4.085283887438959596e+02
-2.423295421414829889e+02
-2.183166795326089300e+02
-2.130149886403279993e+02
-3.211185635279693429e+02
-3.548376195241121422e+02
-1.993493880043843092e+00
-3.765496542433778160e+01
-3.139901689096490145e+01
-1.125880228442539988e+00
1.711655316734739927e+02
-2.480148547641966275e+02
-2.504508881931727160e+00
-4.206980903723473375e+02
-1.516774183163510088e+02
-2.254738186343418818e+02
-4.982840830441935509e+02
-6.653634449616164659e+01
-2.005364622907993635e+02
7.877933314578810098e+01
-5.219058614497240569e+02
5.084225336955955754e+01
-2.741014902833798317e+01
-1.344482944535147453e+03
1.059034586478661311e+01
1.005892054187111455e+02
6.712426518615752968e+01
-1.749570777202482930e+01
-4.959614361876425619e+02
-9.422500008334312724e+02
4.917182283445413304e+00
3.900966301992113472e+01
-5.850377560516109270e+02
-3.395547997658983377e+02
-1.521433452186023032e+03
-5.156493703749554243e+02
-1.035080844488548337e+03
-6.843272470223785149e+02
-7.222517830128416563e+02
-4.691299005259940031e+02
-5.442838158749821105e+02
-6.323886040007110978e+02
-4.624010762121980633e+02
-5.157610246831538916e+02
-3.516355561601200179e+02
-2.739278441899741665e+02
-4.581173832220933946e+02
-5.553937014174988462e+02
-4.360688074687780613e+02
-4.939444636638152133e+02
-3.193686021289790915e+02
-4.029844863568948199e+02
-4.193695626801274443e+02
-5.283607203149284715e+02
-4.276755671750499346e+02
-4.724794003651010712e+02
-3.372425704973675806e+02
-4.283641233034788911e+02
-4.745024711397422266e+02
-4.955940635947889632e+02
-6.932160387936518191e+02
-5.239868258153807119e+02
-4.918525319705548213e+02
-6.153289044971101021e+02
-3.757725637719946690e+02
-3.079729597209182543e+02
-7.294790590622905029e+02
-2.494599820249652282e+02
-2.515628045548601222e+02
-2.496994579957512030e+02
-3.828511767645043165e+02
-8.274764235496407991e+02
-3.642146289481203780e+02
-3.460289519283778077e+02
-2.404669671860821154e+02
-4.115915408828872728e+02
-4.319841444409958058e+02
-4.532197246408141496e+02
-2.532878267996959210e+02
-4.212778947510460057e+02
-2.287155126746122846e+02
-7.731271271763991990e+02
-3.152975103955779446e+02
-1.819850505489552006e+02
-7.936290251895187566e+02
-5.896940156863577158e+02
-2.568007026056717450e+02
-5.377533168587034424e+02
-5.399151085790426805e+02
-2.636989208981801767e+02
-2.117908437653542819e+02
-3.526518527170169364e+02
-4.868588689734867216e+02
-5.414479476275895422e+02
-4.148565536593303023e+02
-4.946366057287771696e+02
-3.786929071673740168e+02
-3.970263735008450681e+02
-4.972257420263202334e+02
-4.915000470090851081e+02
-4.417162097766657212e+02
-7.047964433319102682e+02
-5.026804849392636356e+02
-3.284644798981985332e+02
-7.158833415840809948e+02
-3.453460519201133252e+02
-4.476202161170513136e+02
-2.159486242031533152e+02
-3.898198989501422034e+02
-3.046254861560743166e+02
-3.616441939323892711e+02
-4.710652867411612874e+02
-2.285806629794696505e+02
-4.341220797863197163e+02
-3.229783098694165915e+02
-2.243674005605766979e+02
-3.484214494170656735e+02
-5.067251754501834284e+02
-4.785872639994058204e+02
-4.607116924680080956e+02
-1.849411824386382364e+02
-5.797806401637054705e+02
-2.094683842649462235e+02
-4.391035301662241750e+02
-6.976972718604323518e+02
-3.262600644485036128e+02
-1.729319573246415018e+02
-1.287340460722018634e+02
1.121204363771486442e+03
-4.058115791203741765e+02
7.085552623530974188e+02
-2.972985654252073573e+02
2.098238531358922216e+02
2.527540187576782955e+02
5.199965294361544466e+02
5.479420401240666934e+02
4.346472194595535257e+02
-1.805692287188758769e+02
1.248007743815049025e+03
-9.250139573319221427e+02
1.835724417871085024e+01
4.277612557413999070e+02
2.881243766416486096e+02
5.022453561604230998e+01
5.231076338062902096e+02
-1.030162520641857782e+03
-3.019325160903975558e+01
-3.122128386496154917e+02
-1.614378969038570801e+02
-7.946677118192357057e+02
-5.490195427255971481e+02
-4.383649515392442595e+02
-3.421323324129231196e+02
3.597040113072081908e+02
-4.654080954345422469e+02
-1.761330403450686617e+03
6.784772608035827943e+02
-9.906442513495810545e+02
-1.392200613362801050e+03
-8.495481342170247672e+02
-7.861883662147598670e+02
-1.263889742849307140e+03
-9.973746951661771618e+02
-3.288905696570890314e+02
1.828181022378511500e+01
-1.027007828595626506e+03
-4.078098877993713813e+02
-8.430701004638459608e+02
-5.759280667057485061e+02
-6.766667727291562642e+02
2.399354653514900804e+02
-5.503149371311983487e+02
-3.124871838716848629e+02
1.822070327379302057e+02
-1.177698975908747116e+03
-5.297809382524703778e+02
-9.558821230176765766e+02
4.561324758252924880e+02
-4.147152383533485818e+02
7.172995437978021016e+01
-1.529907967401323710e+01
1.483189097845496178e+02
4.074850323291976224e+02
-2.428585146491483044e+02
4.734552035571486499e+02
1.716009189759570290e+02
-8.598758739340394186e+01
5.774358366222986660e+02
2.080291178209758073e+03
8.122158920468899623e+02
9.292100493071520759e+02
-1.160044987443628486e+02
5.807261235439953850e+01
3.946667849203789729e+02
1.151376089202769663e+03
7.364929062513618874e+02
4.768738341349304051e+02
4.726287216854188387e+02
1.124752773828117597e+03
1.007868980524516616e+02
2.871669086198754712e+02
1.003477856866752063e+03
1.165450155380043043e+03
1.143899816952126002e+03
7.122434449385320931e+02
8.446076566926093392e+02
3.178800013561469768e+02
8.889109332511134198e+02
3.721490335160024188e+02
3.536686427472623109e+02
2.786201247193926065e+02
-2.517494286705120885e+02
-3.244945485219214447e+02
-1.103493833641500856e+02
-8.968836322609456602e+01
2.837201661463155347e+02
3.774556877604282477e+02
1.387003672161664554e+02
2.866749829596012233e+01
6.145648539370776007e+02
-4.424892591311709680e+02
8.508115117780068886e+02
4.757721706264838417e+02
4.869144287767473323e+00
3.569280849667701432e+02
3.684756994998485879e+02
9.648041764684912778e+02
-5.271411455648799915e+01
1.609495956220713992e+02
1.126161466676863256e+03
9.628317796636425783e+02
3.875679688448798856e+02
4.313650218102168310e+02
5.919707553235792830e+02
8.222805045903021437e+01
3.277212958695831162e+02
1.106747587325479572e+03
1.185812569638708055e+03
6.119171716988383878e+02
3.749215248969565550e+02
8.259411241299256972e+02
9.577796451590111246e+02
6.282710365544743354e+02
3.723287285049693764e+02
6.803673275713072144e+01
7.202174959336223310e+02
2.925402134952673237e+02
6.053404923186474207e+02
3.371318042856759121e+02
9.442503326200284164e+02
1.127628730403278951e+03
3.725120273081893174e+02
5.279067680452868672e+02
6.663864130111006716e+02
1.146086582981104129e+03
1.300014853860068797e+03
7.865014867422634097e+02
4.964809465121621770e+02
3.963953831793209588e+02
7.061020188540021536e+02
1.037770237378149204e+03
2.254496880210387246e+02
6.408866458828483701e+02
8.064161469607031449e+02
8.652481846546670567e+02
9.627429295156710509e+01
1.881978150866356714e+02
2.473721429754326095e+02
5.270531145942934472e+02
5.246669636629577553e+02
5.347100794289706300e+02
1.264980211139846062e+02
4.259500016214454945e+02
3.117236638783870717e+02
5.149090847766160550e+02
7.159817660248402262e+02
3.744358275542105616e+02
6.668566085507751495e+02
7.401070074877573006e+02
7.798335438899957808e+02
5.586395629842891140e+02
7.817498731629891608e+02
1.049664651067832210e+03
6.281254851077857211e+02
1.287607363945944826e+03
1.123594577868859915e+03
8.968755578653936027e+02
9.021336593806411202e+02
7.038739406171914652e+02
7.246769332624360231e+02
1.104668417916794851e+03
5.011770394286442070e+02
1.139492842065499872e+03
1.441540673195811905e+03
8.350128539994311723e+02
1.045585732739834839e+03
5.934059496632829678e+02
9.497116227734763925e+02
1.192354318604031732e+03
1.221971494855188894e+03
1.130016079092726613e+03
1.380157712763915697e+03
1.194642652873927773e+03
9.737668041756156754e+02
1.689939276311165258e+03
1.818993838119433804e+03
2.102843303426580860e+03
1.880859345408347735e+03
1.824194664313114117e+03
1.567324966612168964e+03
1.442447049861928008e+03
1.674382174358596785e+03
2.556022977370842909e+03
1.673708203230797835e+03
2.872852493432108986e+03
5.326486270613111174e+01
1.407777017341560395e+02
5.803247269639900878e+02
2.030686103897223120e+03
1.267102995476137039e+03
1.816634997742041833e+03
3.708990514006621311e+02
7.980359708227689453e+02
1.244783840754107587e+03
2.511446121622043961e+02
3.188130474589712549e+02
8.571102263984907950e+02
2.304584575021956425e+03
1.955255444544185821e+03
1.769567261608486433e+03
1.714768955438420335e+03
1.389920963953135924e+03
1.665693200169673219e+03
1.790609089781167995e+03
1.233089869429475357e+03
1.505543531961095368e+03
1.762350068694088577e+03
1.787223650164366745e+03
1.840478125497261090e+03
1.691966111554182362e+03
8.933973245080389916e+02
1.725700170159401068e+03
1.066120866113386910e+03
1.296133345092303898e+03
1.379104919491741384e+03
1.510621637791975672e+03
2.093677462953747636e+03
1.308838176955382778e+03
1.568825875369108871e+03
1.664342403823743780e+03
6.392710198696394173e+02
1.229575344776877728e+03
1.426649306629242801e+03
1.689711959871813178e+03
1.245014388062274520e+03
1.560103129562016647e+03
1.824758079902872396e+03
1.396285903116976897e+03
1.910070742442735309e+03
2.064350687323772945e+03
1.917938448489230268e+03
1.558725541515944769e+03
1.296569158806728410e+03
1.411916322400182480e+03
1.843597208947224999e+03
1.022913680099655267e+03
9.140858819108960915e+02
1.078965608281238474e+03
5.593196613484674344e+02
7.990407083511743167e+02
1.047088161510646387e+03
6.635760671173899254e+02
5.393190726043318364e+02
8.816704969539072181e+02
1.614800992877444287e+03
6.428193870213738137e+02
4.686045262994296934e+01
3.133890492357630819e+02
6.517173578959295810e+02
1.301245113535467226e+02
7.855046317976422188e+01
2.059427262907460090e+02
4.090790904338497853e+02
4.271057899416991290e+02
3.179952518628236930e+02
2.615041736664811651e+02
2.568187878562821425e+02
4.146873252110208909e+02
-2.845999621404553181e+01
4.245913155898179525e+02
1.545652588144820072e+02
4.755292996852199394e+02
6.091506705591405790e+01
1.215662987653224576e+02
-3.144108075276309364e+02
3.317766543804699495e+02
-1.043065663405259102e+03
-3.089870866561618072e+02
-5.679592894109018744e+02
-3.709661298711178574e+02
1.695469162737501847e+02
-1.224693226093811290e+03
-1.022554638950733306e+03
-1.084200195271353778e+03
9.909305089772478823e+02
-1.644351349256005506e+03
-1.590171047378913272e+03
-8.859904003508128199e+02
-1.027992067428642258e+03
-1.362589592438153659e+03
-5.604218691767914606e+02
9.969182541256083141e+02
-3.286097367426590381e+02
-5.873104238961326473e+02
-1.566903908022312407e+03
1.237015052358075991e+03
1.292490091480168076e+03
1.501548942707638389e+03
-1.947478852657107154e+03
-3.833869696384481927e+02
-7.236189307799577364e+02
-2.963471620205440900e+02
-4.476769292107149454e+02
1.259226201719747678e+03
-5.865159356907564643e+02
7.054617716338707396e+02
-1.315863784402670262e+02
8.336198329938913503e+02
1.841004305054655674e+02
5.767810991865927406e+01
2.037825432826622546e+03
1.900185875242481643e+03
7.178029275140339678e+02
-1.627803949721896615e+01
1.150850191718627684e+03
1.280797689244912362e+03
2.000540147593805614e+03
1.706993089607930870e+03
1.666941071541210931e+03
1.235849136189824094e+03
2.692733790989596514e+02
1.840311720884249098e+03
4.222317571636652360e+02
8.759340137643176831e+02
1.186190598464863342e+03
3.822004678910897724e+02
6.682692097915498834e+02
1.002721936716508253e+03
5.842651198674557236e+02
8.921487181784951872e+02
6.343389350638971109e+02
1.304359708358738999e+03
6.345409085440176113e+02
1.045627065486412221e+03
1.173105995529393340e+03
1.229065296193512495e+03
1.010502881029069499e+03
1.187991031993973365e+03
5.756474236074262762e+02
1.003865847366403614e+03
9.099775500044704586e+02
3.399307745332362742e+02
1.630638936116090747e+02
4.961496090834077677e+02
2.065141482793954140e+02
6.896943996894955262e+02
4.900740908448046866e+02
3.531951363908586359e+02
5.859361646357419886e+02
1.101535711234924747e+03
2.386224561735593284e+02
2.686336095965818913e+02
4.304698153536518817e+02
2.182503583258597359e+02
7.384781614621481367e+02
1.937101944475525102e+02
4.399303130371353632e+02
-1.748732568870448745e+01
4.806700446010539451e+01
1.130640903724565050e+01
3.973479343818502798e+02
5.416884705515922178e+02
2.979042717467420402e+02
8.943452577063623039e+02
7.268817750528013448e+02
4.733784883087016624e+02
2.431497619451540686e+02
7.972582930088866533e+02
2.052719055544993694e+02
6.906532000114452785e+02
8.863240477639722030e+02
6.346107368209740116e+02
5.912778759008873521e+02
4.201073821787367706e+02
6.364714361151203548e+02
4.524031311218524252e+02
2.630855679526102335e+02
6.391945281329490172e+02
6.122907928551819623e+02
3.382392440002080889e+02
4.593378704718064114e+02
2.682400015792784416e+02
5.660955377706353602e+02
2.862251548863697508e+02
1.267106218664295511e+03
4.513269402116364972e+02
1.032001906656073515e+03
5.134081568124634032e+02
9.092798552237742342e+02
2.844112178851623867e+02
6.608449675909516827e+02
2.331327762628424125e+02
-1.246144864047982281e+02
4.202048073038943699e+02
5.616220796344222208e+02
3.435674596402752741e+02
2.822645401239221314e+02
-2.208674297350854374e+02
-1.420505925745769673e+02
-1.672381479896427550e+02
3.098307829921559531e+01
2.989493488202876961e+02
5.748221094187054092e+01
-1.016923953491173620e+02
7.336776135137154142e+02
5.771609141097022757e+02
3.621559448518243585e+02
1.069307491122238844e+03
7.812166554536161129e+02
3.245090339886694153e+01
-6.354846792196057415e+00
4.025787126104471554e+02
2.958691051301873358e+02
-9.647369302031583516e+01
2.177887313321395482e+02
2.722104943198119145e+02
-3.732522679554099909e+01
8.209059868538166427e+01
-3.964916961337542034e+02
-2.535663539005287817e+02
7.684501939354095157e+02
-7.862796579481974391e+01
5.327535176785678459e+02
3.835885021689333740e+01
3.068767080628290387e+02
6.365355550940404328e+02
-4.060887007375964686e+02
1.990868984925907625e+02
1.126315407697559749e+03
-5.072796523258030561e+02
5.413583481471646763e+01
-1.281024859596708154e+02
