-2.317926996074724684e+03
-6.691540106575930622e+02
-6.462473910134887092e+02
-6.144574767801295820e+02
-5.549505025876392210e+02
-7.406780667229538722e+02
-6.060858552579161369e+02
-1.043586714212668085e+03
-9.622548656773969924e+02
-8.275593551693084464e+02
-9.149738094614516513e+02
-5.964685975834862575e+02
-9.585400194890207786e+02
-1.759631516811405390e+03
-1.123339881560916638e+03
-8.535279043815577324e+02
-1.214146307870467581e+03
-9.061960122173403533e+02
-7.788132808659460125e+02
-2.873330345903293619e+02
-4.987837056842068364e+02
-5.514906598808161107e+02
-6.059331234461850499e+02
-6.100859409578108625e+02
-5.470316841007618223e+02
-7.731214643014204739e+02
-6.118815321827891012e+02
-1.116415502988571461e+03
-7.890729123025972740e+02
-7.437620388777306744e+02
-8.568494693555003323e+02
-7.532843783417666828e+02
-7.508652675270185455e+02
-6.093717461900012040e+02
-8.289402643758182876e+02
-8.534648538957168284e+02
-7.127061803149429124e+02
-7.931677019094018988e+02
-6.714798637688752478e+02
-7.888093954218803674e+02
-7.936871124926833545e+02
-7.272120394605801721e+02
-7.705972572039664783e+02
-7.898735193645047730e+02
-9.285389682977687471e+02
-6.736266075625225085e+02
-7.627205542502773596e+02
-8.342540879682271679e+02
-7.419117069210279851e+02
-7.930320436501398262e+02
-8.550767672102072083e+02
-7.466915888875654446e+02
-7.719476570520234873e+02
-8.050891072984610446e+02
-8.025784522737035331e+02
-7.253198729407060910e+02
-6.582076269346478057e+02
-7.774165303076620148e+02
-7.836190494547022354e+02
-6.338944479904047284e+02
-8.000213028757519851e+02
-8.529836419600645741e+02
-7.109101776929495600e+02
-7.707827582783190792e+02
-8.686556753748466235e+02
-8.398147506288908062e+02
-7.471660790491290527e+02
-8.608102671033174147e+02
-8.634089967303411868e+02
-8.193272283656083346e+02
-7.556319353096730538e+02
-6.658247531711581360e+02
-8.345050295959778168e+02
-8.711477811226106951e+02
-7.640119639072531754e+02
-8.204263801130290403e+02
-7.480234010324055589e+02
-8.364458150844624242e+02
-7.702788751331346475e+02
-8.943933437008690817e+02
-8.807993638003841852e+02
-9.062117115775813545e+02
-8.045265871869469265e+02
-1.023198599945890578e+03
-8.522550476167934903e+02
-7.694487513220748269e+02
-7.950167554137714205e+02
-1.073133619940837434e+03
-9.225926950241910163e+02
-7.130497028358840907e+02
-9.002794815895568945e+02
-9.659529980482782321e+02
-6.805170403292792116e+02
-7.811707952066631151e+02
-8.436386661068781905e+02
-7.338083442748787775e+02
-8.852713305030468973e+02
-1.022046698754083081e+03
-8.532262341849786935e+02
-8.236582959288608663e+02
-7.950661796215557615e+02
-8.250858696997267998e+02
-8.467770253228873116e+02
-7.572975631600763791e+02
-8.248378119019749874e+02
-8.017260346907415851e+02
-8.740161682019219143e+02
-8.072536252127840726e+02
-7.433533831662540479e+02
-7.336482120206890158e+02
-7.831918179012980090e+02
-7.412043242379770618e+02
-7.529667740983476278e+02
-8.129876749271519429e+02
-9.437833549717155392e+02
-8.390150614389127668e+02
-7.396697806159597803e+02
-9.323343099009784964e+02
-7.777694440969253264e+02
-8.336915038061974883e+02
-8.150444407798614748e+02
-9.956079703853063165e+02
-8.031954951842507171e+02
-7.097236514018876505e+02
-8.469286764992666576e+02
-7.885847811370291538e+02
-8.046765957036591317e+02
-9.651345652466708316e+02
-7.164188935090103314e+02
-9.934584879701669706e+02
-1.378551945449707546e+03
-1.006699659631835402e+03
-8.300402936446326976e+02
-1.180298188133352824e+03
-1.328413577524516995e+03
-8.706915217811892944e+02
-1.299979594258076077e+03
-7.695755424397851812e+02
-1.090423242108029626e+03
-1.197668530442083465e+03
-1.221859139719871564e+03
-1.204491689590008946e+03
-1.242403696495622853e+03
-1.022291693002027500e+03
-1.072069436394685908e+03
-1.113539978896176081e+03
-8.554722311747784715e+02
-9.175080795984318911e+02
-9.152432569724467157e+02
-1.079421859653826687e+03
-9.583726787202838295e+02
-1.227768794564024347e+03
-1.212354596750764358e+03
-1.205100491817498096e+03
-1.163086863408223735e+03
-9.713090079320795667e+02
-7.536278203683642687e+02
-1.315124325743865711e+03
-7.602014278734023947e+02
-9.954588772762524513e+02
-9.597645353615300792e+02
-1.064706196123369409e+03
-1.395577786725179749e+03
-9.874885908351971011e+02
-9.545489986271504677e+02
-1.183662319366338579e+03
-9.281020834086825744e+02
-7.864293281356959824e+02
-6.831769006463578080e+02
-9.144516806188901228e+02
-8.646184376384625239e+02
-7.257232432333487395e+02
-8.357761835369515211e+02
-7.370225665085105220e+02
-1.063197559362550919e+03
-8.599480407562036817e+02
-9.412456225271570247e+02
-1.238363018729266287e+03
-9.523374625223066232e+02
-1.067753981419246884e+03
-8.652755051685942362e+02
-8.027444926560398244e+02
-7.907077498969933913e+02
-8.027167955380294870e+02
-1.076280903864380434e+03
-8.048654929625023442e+02
-8.306639208664806802e+02
-1.151124150288221472e+03
-1.457460901727418332e+03
-1.117776037996160994e+03
-9.753431289215184279e+02
-8.008789186499109292e+02
-8.384184294606108097e+02
-8.807234530000757786e+02
-9.400552221490243028e+02
-7.819562643334671748e+02
-9.144318131453950400e+02
-8.009891424061692078e+02
-9.714460160634756676e+02
-1.112647569866196363e+03
-6.540431710712358608e+02
-1.495179580032825243e+03
-1.132630273996979213e+03
-7.905347214274252110e+02
-7.892811708771166650e+02
-1.384941373397884263e+03
-7.915968210870020130e+02
-8.113724182497317088e+02
-9.282166052068275803e+02
-1.251275263602232144e+03
-8.690529729795339335e+02
-7.438879339434316762e+02
-7.896847259026823167e+02
-6.900568900889234101e+02
-7.373623870648164029e+02
-1.290729956287762207e+03
-1.027894526054800735e+03
-6.724582415166594274e+02
-1.478313245079964418e+03
-6.523229694976822657e+02
-9.921630586358310211e+02
-1.076312329724077017e+03
-8.367960007026817948e+02
-5.112465784391993111e+02
-5.260666284622168405e+02
-5.363355438271941011e+02
-7.252765147802033425e+02
-8.087032346198927826e+02
-7.528665151162729217e+02
-7.583095466064421544e+02
-6.950217727254988631e+02
-1.878863747599089493e+03
-7.821088362782447803e+02
-6.640389177988372467e+02
-6.230124485617927803e+02
-8.429275378302294257e+02
-9.582758224283422805e+02
-9.073232121350574744e+02
-1.043792659602015874e+03
-3.204884944400560016e+02
-9.848298435369035815e+02
-7.715730495789355246e+02
-1.551837037721737943e+03
-9.791714134250887582e+02
-9.547805245433877417e+02
-3.949884316420653931e+02
-6.556149919304208424e+02
-7.408112353261305998e+02
-4.803760991024369105e+02
-1.542832708469152522e+03
-1.052782835328844158e+03
-7.575102750996780969e+02
-8.214814231910489752e+02
-1.489119494843270559e+03
-1.158236987444869328e+03
-1.452880077725545334e+03
-1.129287630987444118e+03
-2.325538702922812718e+03
-8.860496442046713810e+02
-6.481489068713393635e+02
-9.572666451830037886e+02
-7.708144174277665570e+02
-4.836667709068788668e+02
-1.185635739488327545e+03
-1.318958236857773500e+03
-8.755634312960926309e+02
-6.100692828298266477e+02
-8.804672669865212811e+02
-1.658699523360444346e+02
-1.890262486365911627e+02
-8.658687026585791955e+02
-7.180497389013552265e+02
-1.287881552485081897e+02
-7.157645066132120064e+02
-9.405660854945660958e+02
-1.793163698828903136e+02
-9.098931206023324876e+02
-8.006813357236468391e+02
-5.708587925511961885e+02
-8.342020801467166393e+02
-6.075971323260395138e+02
-9.504521611963439227e+02
-9.624108247553601814e+02
-6.462896603589076676e+02
-1.151778991652557124e+03
-1.075077618385785399e+03
-4.757277754943726222e+02
-6.309854571969043491e+02
-2.389677784354387029e+02
-1.268011041323418112e+03
-7.405968501260655330e+02
-9.929209142492717319e+02
-6.322209919061408527e+02
-7.886140414510971368e+02
-1.010818407245745107e+03
-7.608121778623670934e+02
-7.979890905165655113e+02
-6.839460608968375936e+02
-6.747006529157059731e+02
-7.333094313755675557e+02
-6.941514454927047382e+02
-1.129889097019505471e+03
-8.716061941865584686e+02
-6.915882010887499973e+02
-1.140488710811376450e+03
-7.651934656285515075e+02
-1.273591949543405008e+03
-7.563399392379908477e+02
-2.033037037949344722e+03
4.426269080105913645e+01
-2.004978133938168412e+02
-7.124800757152144115e+02
-9.940312530402227367e+02
-9.376860910405309824e+02
-8.892774312226129041e+02
-6.970664198771285101e+02
-1.109039247174615866e+03
-1.073821571466285718e+02
-7.300776849549681629e+02
-4.577585398090072317e+02
-1.339796514055736679e+03
-2.124663744830149881e+02
-8.352172520304047794e+02
-1.866614250541164211e+02
-1.254229284463833892e+03
-1.094207618384133639e+03
-1.240063935347166989e+03
-1.413265238748027741e+03
-3.086632080945767598e+02
-8.510410784774701369e+02
-7.291281877859721590e+02
-2.531643299920052073e+02
-4.210282388712147394e+02
-7.706530375504266885e+02
-9.296616266518484508e+02
-9.550371454504260100e+02
-1.337328547245445861e+03
-7.469313668621547322e+02
-9.347851360699451106e+02
-3.068415078983886701e+02
-7.626794136731211893e+02
-7.036838567998329381e+02
-7.294729551265572809e+02
-7.247559042576126558e+02
-1.108730725264185139e+03
-3.827777072247633896e+02
-3.052361740951168940e+02
-6.965366661723537618e+02
-1.044834213174440038e+03
-8.744046736683256995e+02
-4.467721792970635306e+02
-5.834957710013401311e+02
-3.804126057542388253e+02
-8.856386827712281047e+02
-7.814788086474790134e+02
-4.084668173527193176e+02
-7.101624465914441089e+02
-6.904946198240229478e+02
-7.964158010817943705e+02
-1.089350756519743982e+03
-4.548392538888141416e+02
-7.132859855789929497e+02
-1.093332253930017941e+03
-4.498849866961551811e+02
-2.934242884655786270e+02
-5.507762381591028316e+02
-2.776784602527658876e+02
-9.538539731535049668e+02
-4.964134394105647061e+02
-9.385646611312263303e+02
-6.672102187730354217e+02
-1.245372142185742632e+03
-1.034040758312274193e+03
-3.854913897277946830e+02
-2.178488548359184165e+02
-7.799393184621209230e+02
-1.116566066517001673e+03
-5.618423408878339842e+02
-2.495626273149720475e+01
-7.244055853903209936e+02
-6.879121050622756002e+02
-4.718805581084679375e+02
-1.595139043063605413e+03
-2.261356760058350233e+02
-2.779126796208158794e+02
-7.756398175133664381e+02
-8.832627109578396585e+02
-7.449479169708296240e+02
-6.106676691197053515e+02
-6.336774947720690534e+02
-5.210719828064161447e+02
-6.099604110683578710e+02
-1.217117427714898668e+03
-1.435037621955935094e+02
-1.294615268483643149e+03
-1.322603777070168235e+03
-1.530025567794785047e+03
-6.722271716316212178e+02
-6.923600799433027078e+02
-5.277593564707347014e+02
-7.042328712118952581e+02
-6.917916618455494699e+02
-6.930527587879370230e+02
-1.149275498793596171e+03
-1.211075984718446307e+03
-1.804657830947256798e+03
-6.611672243918027334e+02
-1.035404220353722849e+03
-9.824511226786116822e+02
-5.493425647777416998e+02
-6.159892205858908483e+02
-5.255385216271573654e+02
-5.560789128971124455e+02
-6.534782491523828867e+02
-6.805236375120633738e+02
-1.444789625852600921e+03
-1.019115708682504192e+03
-7.525690182298613990e+02
-9.425058627922614960e+02
-5.538344813357690555e+02
-1.085867120575476065e+03
-7.340971565369353584e+02
-1.079242162372758003e+03
-4.121492771277477232e+02
-5.808668329699465858e+02
-1.688139244421154217e+02
-5.366697228471455219e+02
-8.779773727239419259e+02
-7.626987675938391931e+02
-7.737358001501658009e+02
-6.940749464821381025e+02
-6.062829730252643685e+02
-9.105316616577359810e+02
-5.793567275104037435e+02
-5.078480608327988648e+02
-7.651034850879510714e+02
-4.624972905433068036e+02
-5.167238584347586539e+00
-5.100930039251518906e+02
-4.636688168477946306e+02
-9.934015088414884076e+02
-4.524305383437290402e+02
-1.054739604651212176e+03
-6.579183054825824684e+02
-7.241297586572286491e+02
-1.570808368700739948e+02
-1.446286387039459669e+02
-1.644278672440915443e+02
-5.890626165807576626e+02
-7.290793810200824510e+02
-4.004228283646788213e+02
-8.244077389557722881e+02
-5.839456983144455080e+02
-5.484649545821072252e+02
-7.031483290120727361e+02
-4.491072827967362286e+02
-4.587564395862981428e+02
-6.828233392799475041e+02
-2.611788594129444618e+02
-3.083413038582389163e+02
-5.152155126653827892e+02
-5.840043105235947678e+02
-5.439708135154405682e+02
-5.003856929136478016e+02
-1.251267804146753178e+03
-6.261590350760153569e+02
-5.654350803302537543e+02
-4.572634272913061295e+02
-4.605776929904187114e+02
-3.912063395752093129e+02
-6.221444978658687432e+02
-1.674271086628882301e+02
-5.102525205234076680e+02
-3.701132803060982042e+02
-3.493323402934308888e+02
-6.745996070448060209e+02
-4.436148674621527448e+02
-3.841121113213242779e+02
-1.104140294340565021e+02
-5.163715238630056774e+02
-1.246665194155129086e+01
-4.318839671379111564e+02
-9.726248893384305347e+02
-5.537190558940817482e+02
-3.731329748612405410e+02
9.445018009443282381e+01
-1.127148173156926077e+03
-1.427160057447250665e+03
-1.518828923092137586e+02
7.721730053093342860e+01
-5.937295744589312108e+02
1.723354972024420135e+02
-1.375669856789370726e+02
-2.333531483307578469e+01
-6.707027226845453924e+02
-1.114120463639405614e+02
-2.558677425067530748e+02
-6.803444763337610084e+02
-6.472596247581333273e+01
-6.992065032141417760e+02
1.074889476451640462e+02
-6.442070578167969188e+02
-2.804337423686090460e+02
-6.146121849808906745e+02
-4.161856848197488148e+02
-1.813354537213896492e+03
-7.965712543592219674e+01
-5.791196211807009604e+02
-4.344233221278668680e+02
-8.654550692966466841e+02
2.722127363295425084e+01
-4.980142953481121140e+02
-9.655030453044102501e+01
2.857992439577020605e+02
-4.607478991313981282e+02
-5.345759677112267809e+02
-6.168706503978294222e+02
-1.130533591845426599e+03
-2.207151955961388126e+02
-9.879430423488887527e+02
-2.228333424432512970e+02
-6.473210282915431435e+01
7.338876491272048952e+01
-9.243308255519079921e+02
-9.615665647221010204e+01
-8.653189145831720452e+02
-2.795141304703444689e+02
-8.257878003515784826e+00
-5.178486763214726807e+01
-4.738635871582958430e+02
-8.796817722861526363e+02
2.388290132686686889e+02
-1.319594292946348105e+03
-1.403602099227068720e+03
-2.087211262210557550e+01
3.233302656383165186e+02
2.845585287518406403e+01
-1.463322428515598631e+03
4.198027252687591044e+02
4.225929097957612157e+02
-1.698032115120065782e+03
-6.053727147044194226e+02
8.947708878293692578e+02
-4.594905369680048466e+02
-1.406988248372492308e+03
-1.464956891954312596e+03
-1.569566990609847608e+02
7.217578563094691901e+01
2.737533958322051717e+02
2.925958378685060097e+02
8.294838019601068027e+02
6.019123024843137273e+02
-8.704194442210976490e+01
8.005144549295907836e+02
-4.934280238843409734e+02
8.218334537839548375e+02
-9.623643645760976995e+01
6.774966328793487946e+02
-3.622968032777068856e+02
-4.854814512945295064e+02
1.967761604487257898e+02
7.059675044965006236e+02
3.367892327098398368e+02
8.301018606621554454e+02
4.171719143191223225e+02
7.931729070234961227e+02
7.439403403973700506e+02
8.243963764670927503e+02
6.686126783341214832e+02
-7.403612432378891981e+02
8.463515257603769442e+02
-5.507362379743768770e+02
8.308798791180278158e+02
-5.332586510230689782e+02
-8.837958888430493971e+02
4.398173105171666180e+02
-9.692077904152981205e+01
6.309973066492824501e+02
8.518793091248884366e+02
7.683061957536667705e+02
-5.337499498089885037e+02
7.416955831096381644e+02
4.305008012988394057e+02
3.064405764490911679e+02
4.559022638101392886e+02
6.525503122593576109e+02
2.413391773496447570e+02
1.922618716501563085e+02
5.259391199104267116e+02
6.446753125206047343e+02
3.393921395460146755e+02
-9.160176790939048033e+02
7.270745325350909525e+02
4.787342201360551144e+02
1.194897482335925645e+02
-4.922463813716559571e+02
-6.482476893810608090e+02
-5.739344513831284758e+02
8.713126322503907204e+02
8.936564552561037544e+02
9.724259561080585854e+02
8.364482390999816062e+02
-5.382986682490201247e+02
4.665411587247759257e+02
9.190967388938061049e+02
1.093958835283668122e+03
-7.952925800117212702e+02
6.005653127016514645e+02
9.343442510660725020e+02
9.624023455143520778e+02
3.712593756793469311e+02
5.541972704919738817e+02
1.070676770153116877e+03
1.064644534719324156e+03
5.183064218959007121e+02
6.526985097734332157e+02
1.135373447450245294e+03
1.168551787027761748e+03
1.211895559586073887e+03
1.345389925481001001e+03
-5.327454467635858464e+02
1.276943533256951469e+03
6.629383282139940547e+02
8.007452561663942561e+02
1.123414151365706175e+03
1.040130089219565207e+03
-5.874480675275698331e+02
1.085895446958816365e+03
-2.878055955742125889e+02
7.622100963190353013e+02
4.306237087633277838e+02
7.248288164244506788e+02
7.880098429375539126e+02
-3.791488066088756455e+02
7.710798426459359689e+02
7.996491911146252960e+02
-4.210251739244171745e+02
1.139037151941422508e+03
5.749614776588502991e+02
3.660060657521085545e+02
1.898067384378032898e+02
4.507235247261604059e+02
5.208533742766470596e+02
-5.248174118506840387e+02
-4.438173586560632202e+02
9.519592503572442865e+02
6.017398164955949369e+02
5.508816688249614799e+02
2.965810345091853719e+02
1.111548007004719011e+03
9.778990035863733965e+02
1.253735188184640720e+03
4.173587814174307482e+02
3.933384213119959441e+02
1.075407954027569531e+03
1.733198421593120656e+03
1.218367497241825731e+03
1.682868512163630385e+03
1.487738812476178509e+03
8.914163300374609662e+02
-5.157579893073253743e+02
1.732969360228915548e+03
-3.549670893700937313e+02
1.709460295171020334e+03
1.544975535022406120e+03
1.731936174889955964e+03
1.423261141612903657e+03
1.616516767804904021e+03
4.449285789578562458e+02
1.667396664138221468e+03
-3.980247127881816027e+02
1.503000145363590491e+03
5.295462293284800808e+02
1.564008529420668992e+03
1.520822839220558762e+03
1.698814017647975106e+03
-3.354639019416662791e+02
5.441061871522238107e+02
1.630285888302304102e+03
-4.933806181392019994e+02
1.497679784272069128e+03
-4.568457127407477856e+02
4.979567602256510668e+02
-7.639689775474914768e+01
-6.934544589200449991e+02
3.959408524082364238e+02
-6.206299045776623871e+02
7.712173837649814914e+02
4.404216908534465347e+02
-1.017861182066192782e+02
7.579489966877008555e+02
5.541015853543135563e+02
-4.824066506628561228e+02
8.212624274397763884e+02
1.322589341410495763e+03
-4.311491296827751398e+02
6.589865826018570942e+02
7.169047626021499582e+02
8.015451270121544667e+02
6.490697086731888703e+02
-6.577221894824814399e+02
-2.940233738510667649e+02
6.833114126775669774e+02
7.579487572688342425e+02
5.479559163644752289e+02
5.387018865660327265e+02
6.049322432182724469e+02
5.883083790925281846e+02
1.173992149071112181e+03
7.137765244908958948e+02
6.443024385189768282e+02
4.249728471360619437e+02
6.201389178567696945e+02
5.982301314165704298e+01
7.173660654169473219e+02
6.439138500304253512e+02
7.600226754641128082e+02
3.648099982317965555e+02
9.860265983831499170e+02
-1.315712145945105931e+02
8.666588104099539578e+02
6.927585591522419008e+02
5.914152225232255660e+02
5.639919758298134411e+02
8.497994104969153568e+02
5.035767142267881127e+02
7.956076739242216718e+02
8.862085055442317980e+02
3.061262322510079912e+02
-5.088011328859180367e+02
8.923300820110234781e+02
6.443831356059182554e+02
1.095730252040447567e+03
1.232941678913595524e+03
1.099107370773790990e+03
1.056906392667942328e+03
8.542555298863015878e+02
1.068061756946434571e+03
5.027044417602497219e+02
9.944608135449610700e+02
8.726457112594749788e+02
1.327655849946558874e+03
1.543648188238861167e+03
1.431482213436211623e+03
1.421152549148469006e+03
1.466686094102507241e+03
1.085691867026027012e+03
1.475391625540018140e+03
1.139503770101885266e+03
1.173782839653001247e+03
1.646886116728249135e+03
1.440050902653451203e+03
1.396075634771852037e+03
1.274649322077362740e+03
1.311942001066590819e+03
6.883416764496327005e+02
6.897873624224582727e+02
6.250917849654773590e+02
8.170594396742899335e+01
5.634698269332136533e+02
6.833849644419847209e+02
6.213817711992205659e+02
1.718780128053522560e+02
1.481428267446176505e+01
4.370220941726133788e+02
7.506237662306659786e+02
5.482146538590714044e+02
6.133764036232638546e+02
9.246028304999292686e+02
8.501182065198717055e+02
8.542313067000497995e+02
-7.981086834652107882e+02
1.157051489525568286e+03
1.451728958306686309e+03
1.117608374821419375e+03
1.792759977496402371e+03
1.259280697739732204e+03
1.532351405418186914e+03
1.296616498467707970e+03
1.594105568597295132e+03
1.143015007364962912e+03
1.407598628193255081e+03
1.259343429673732771e+03
1.540543723144544856e+03
1.295531561355741133e+03
1.098124802579208108e+03
1.342350502880238992e+03
1.257677538753541739e+03
1.312018923097364677e+03
1.252399425254145854e+03
1.428395921071229168e+03
1.310054766516157770e+03
1.145541938460697565e+03
1.232110856969485440e+03
1.442078913727555118e+03
1.189456175234839520e+03
1.414641419665455714e+03
1.029442341840474455e+03
1.392447424533414733e+03
1.385858554347277277e+03
1.275549064231032844e+03
5.515746876799236134e+02
9.862633937700933302e+02
6.760074539883215721e+02
8.388299244957423753e+02
7.503708029413601253e+02
5.450529916560431047e+02
8.837832246035825392e+02
4.651600653095783855e+02
4.308205950171230825e+02
6.503119948770075780e+02
2.779894900075392457e+02
3.170738303340689299e+02
4.851101587378428803e+02
5.207144176470367256e+02
3.239309980351270610e+02
6.124784435209523963e+02
4.181408411794205904e+02
4.981658409581048090e+02
4.182039730871240408e+02
2.621126244683151185e+02
5.389640415567704395e+02
6.323240529063411941e+02
5.218020937753362887e+02
6.307757373866004400e+02
1.097484595306778374e+03
1.309665369220717139e+03
8.233160063524446741e+02
9.628639059657119788e+02
8.347825652458543573e+02
8.840357629622372997e+02
9.388878582564257158e+02
1.037023159994574144e+03
1.003482588718114016e+03
7.659163821213144274e+02
-5.967079432538557739e+02
7.257075653044212231e+02
6.184513848569741867e+02
7.454864383435185573e+02
1.018990715273253045e+03
4.824512097523025318e+02
9.818540742946461251e+02
5.132649200212172218e+02
8.163410120518187796e+02
6.412237587957648657e+02
1.773388215925348277e+02
4.625576730869790936e+02
8.334169906322908901e+02
5.829420818007811249e+02
7.037546453054180802e+02
5.110644265557056656e+02
4.632959602953668536e+02
5.667100347874998079e+02
2.841760964345474463e+02
6.161559839924871085e+02
5.314787802105547598e+02
5.996401189277319190e+02
3.488278165965709832e+02
-1.308467391552693698e+03
6.342089029996919862e+02
4.921789715545536410e+02
3.960498952303289570e+02
1.427329134829527391e+02
-3.568834720056327114e+01
-1.333588303592112425e+03
-1.557117047115042851e+03
3.223872832381878197e+02
4.786478090943666643e+02
2.611947138427015034e+02
7.357306484781681775e+02
5.053710609910426683e+02
7.038672065776636373e+02
2.860293985162867898e+02
9.512848268010336596e+02
9.633925076031848675e+02
9.616705983506737994e+02
2.692471176862591733e+02
1.018605429606704320e+03
3.789481377754069626e+02
7.397677979516959113e+02
6.480815726818273106e+02
6.167079729284449741e+02
1.223485950775358106e+03
1.235979271003924850e+03
5.455623228933559403e+02
5.911823723434995372e+02
5.409756632877788434e+02
1.468776850314569913e+02
4.785380748656258447e+02
5.351779140696295372e+02
4.214700298653651771e+02
4.577607463317756924e+02
5.983456166580964464e+02
4.075016229610936307e+02
6.396076863228004186e+02
2.502823092634474733e+02
4.178325691900147376e+02
4.695444200679858113e+02
6.024168053128378233e+02
5.015816946934087355e+02
5.724177685570189169e+02
5.191729479724112934e+02
5.825897902201825218e+02
4.346528723740112810e+02
3.306824903502265443e+02
3.118493170759100508e+02
4.103652594334231480e+02
1.358922918287995003e+02
9.978164592927899434e+01
2.871680677472085108e+02
3.530367411174757990e+02
2.065315685656092057e+02
3.977931553992471549e+02
2.795195066705872478e+02
4.334747335464502953e+02
4.526899132765270792e+02
3.068504391054887037e+02
2.712751320775244039e+02
2.005822446465890323e+02
3.677182684791318934e+02
5.175585015759562566e+02
4.084662553467401835e+02
2.932271688877031579e+02
4.539792972446548447e+02
5.044197723970175957e+02
4.354915805382440794e+02
4.282605650146948619e+02
5.673329550164924058e+02
4.975594041358330060e+02
3.654711230129587989e+02
5.126225915183202915e+02
6.654831872954418941e+02
6.356230525137971199e+02
5.808207064487843354e+02
6.624900813402293807e+02
1.035283442870577346e+03
1.047718393934251708e+03
1.052956145383416697e+03
1.160282043519429635e+03
1.187584405647847689e+03
1.166817195127047853e+03
1.170542907980783866e+03
1.270175788234835636e+03
1.185925656832169125e+03
1.417399275319559820e+03
1.235273960021598214e+03
1.489001577791927048e+03
1.315731710035772721e+03
1.554182225837032547e+03
1.658455546972158800e+03
1.149124636482986034e+03
1.202054803188007099e+03
1.476469418607429816e+03
1.413521538184780638e+03
1.281274157795552128e+03
1.414556027087692883e+03
1.253959473621642246e+03
1.507653260822020229e+03
1.320649454215558762e+03
1.392115046791897612e+03
1.397257911491698223e+03
1.306082643922149373e+03
1.251692530154227370e+03
1.378103499223600238e+03
1.498264617639146991e+03
1.342100113130599993e+03
1.270269837573234781e+03
1.172486848573944826e+03
1.392779801545583723e+03
9.992468849560700619e+02
1.236804378260597787e+03
1.360524363435767100e+03
1.232472095586293108e+03
1.189346426350242382e+03
9.058063196977540201e+02
1.150531464330607832e+03
8.271299696804919677e+02
9.980782049060169356e+02
-7.238716593292288053e+02
1.174071037755006728e+03
1.015596307115138870e+03
1.389523064344154136e+03
1.285861888962268722e+03
1.248168769699607537e+03
9.821478671522563673e+02
9.509415627920900533e+02
9.581230708961998062e+02
9.818387618913969845e+02
7.113570573175401250e+02
9.567481787253615266e+02
1.053265664943748789e+03
1.012607025334478521e+03
1.063437195495007018e+03
1.033646677612623080e+03
9.821325800866816280e+02
9.589575398471309882e+02
1.267106057914562598e+03
1.092056654984007992e+03
1.005517002448796916e+03
1.244022014062811422e+03
1.279747286734569116e+03
1.024839264694309577e+03
1.336551571956254065e+03
1.134559247426092952e+03
1.243859728917497478e+03
1.291015472041444355e+03
1.128028062250732546e+03
1.076302464873432200e+03
1.271528889354712874e+03
9.956109237636162561e+02
1.010855140017067242e+03
9.717535171628817352e+02
7.348861439624580498e+02
1.022551152543775856e+03
1.067768545824666489e+03
9.984879975874709999e+02
9.841723224934711425e+02
9.937372681353647295e+02
1.157329874506378019e+03
9.384723602972542267e+02
9.355230092306221650e+02
7.608789272229394101e+02
8.980246895436467867e+02
8.891795527094282079e+02
6.316663130507216692e+02
8.434746996137287169e+02
9.524519176643025276e+02
1.234336852967637924e+03
9.757501263850839450e+02
1.001447522019582038e+03
1.207168277751958385e+03
1.155707160934073272e+03
9.497083910837183112e+02
7.523272431966479417e+02
1.235477378664429352e+03
1.467484504790731307e+03
1.391081218351293273e+03
1.417138450654872486e+03
1.185621323445933285e+03
1.117124806266759606e+03
1.262363428731905287e+03
1.563800240973176642e+03
1.342868890562343040e+03
1.151184832798438720e+03
1.330057639218391614e+03
1.216860550861059437e+03
1.131364645666955539e+03
1.454995430924055427e+03
1.439037226028822488e+03
1.354910091057358841e+03
1.070253005762820749e+03
1.381947944303664599e+03
1.379324786027268374e+03
1.299580056835097594e+03
1.097357911367295173e+03
1.534347270444752667e+03
1.217664876968166709e+03
1.306181198247818429e+03
1.372381548960971713e+03
1.280412754624180479e+03
9.181032258431355331e+02
1.325026043557683806e+03
1.053872367810944752e+03
1.493227657404710953e+03
1.202713896334439596e+03
1.329714624257092282e+03
1.367919165777166199e+03
7.155208785424169946e+02
1.133347346108499778e+03
9.378003807554221112e+02
1.000040719180817746e+03
8.535339485273075297e+02
8.526663972865392225e+02
8.719425632744154200e+02
8.959677940455048883e+02
1.013721914217504946e+03
9.010132925120838081e+02
8.601777986270697056e+02
7.284502295214535934e+02
9.959306521083403823e+02
7.018900483192660431e+02
1.071316880969361137e+03
9.144712474669885296e+02
9.351841907941504815e+02
8.103442751038577399e+02
8.948770262711157102e+02
8.536327188563993786e+02
9.711408385466247637e+02
9.819828986451461788e+02
9.779688208185427811e+02
9.591581712149302348e+02
8.604961825690236310e+02
9.134166942092670070e+02
9.641399669148454450e+02
1.197160761424067914e+03
1.313028729546798331e+03
1.178210515972839403e+03
1.337357182584795737e+03
9.414589267744331664e+02
1.103662809101533639e+03
1.268265846181987399e+03
1.411297020207489822e+03
1.118081264778602872e+03
1.326314122814525263e+03
1.411504052317293826e+03
1.375709575198453194e+03
1.270324965963716750e+03
1.382280396625627418e+03
1.186703982107610045e+03
1.256019596564313588e+03
1.158929834901168078e+03
1.540956826578546270e+03
1.521059216106330496e+03
1.086071434470568192e+03
1.343606681833785387e+03
1.593283559745407956e+03
1.612541842806445857e+03
1.480674224155651700e+03
1.399615757541951552e+03
1.269150491641851659e+03
1.006905066983320580e+03
1.321179573272029074e+03
1.414914513453028349e+03
1.439188778432821209e+03
1.511543198510551065e+03
1.371551664083211108e+03
1.556753513997956816e+03
1.482898846954635701e+03
1.408743437221007071e+03
1.594036770120793335e+03
1.359543023413718402e+03
1.521546639553798059e+03
1.532127512098183388e+03
1.506991377368855865e+03
1.690592971569692963e+03
1.306459954485325625e+03
1.268140251214594628e+03
1.428757299532639081e+03
1.553962418951204654e+03
1.106615344060471671e+03
9.197910697874550578e+02
7.750617292333579371e+02
1.178812861739221262e+03
1.342390600723868374e+03
9.232485597959276902e+02
9.392217177853312933e+02
1.060191219304826518e+03
1.407975399455073330e+03
1.204511500093693712e+03
1.350052985558297678e+03
1.096076584312339037e+03
1.386686450896283304e+03
1.311571373753701891e+03
3.413879538982040458e+02
1.063645321111989915e+03
1.209346175108542184e+03
9.708589203920446380e+02
8.335357205473517297e+02
7.429565940421779260e+02
7.964843639870259722e+02
8.301871095792660071e+02
1.133206788491317184e+03
1.117008869326475406e+03
1.340723978206418224e+03
1.169103355842167275e+03
1.233659291975246788e+03
1.106273526579108875e+03
1.029257551709139307e+03
5.570472819002376355e+02
1.126437801659963725e+03
1.231719020751366998e+03
1.147589393685795812e+03
1.262278891440486177e+03
1.347986886260755455e+03
1.415621395746173903e+03
1.350879640507744853e+03
1.484293386138153664e+03
1.584164352256791972e+03
1.468099672528297106e+03
1.207007635736175871e+03
1.328339277789297284e+03
1.102884149168937483e+03
1.434280021869253233e+03
1.340519966123910763e+03
1.245427324913672919e+03
1.336960486316852666e+03
1.280645139158393249e+03
1.226190703577948398e+03
1.212608742743359926e+03
1.424801593498405964e+03
1.202454662335286685e+03
1.322224435488400104e+03
1.390678979694183909e+03
1.331262644605853893e+03
1.302376318769358477e+03
1.204501053659017316e+03
1.210868090217785721e+03
1.272404546780752753e+03
1.189899609784606810e+03
1.139132123495786800e+03
1.174777691948205302e+03
1.087915041090120440e+03
1.091887280962602745e+03
1.062335721339083193e+03
1.229856842662837380e+03
1.363841768076795006e+03
1.204468103633083956e+03
1.147527614753726994e+03
1.153750452263721172e+03
1.278119819982419131e+03
1.209217064190710062e+03
1.295806938517606795e+03
1.421571382547918120e+03
1.229567957305944901e+03
1.245122675743811669e+03
1.299670456893506753e+03
1.213587810749632354e+03
1.172715371912993305e+03
1.285361372117390374e+03
1.138686695396515461e+03
1.260582927218072200e+03
1.067593705514183057e+03
1.225055092758512274e+03
1.188809811453254952e+03
1.238387934124400999e+03
1.159693037486985077e+03
1.148329149457119911e+03
1.322811684430721698e+03
1.381966728314205511e+03
1.302270566661084786e+03
1.279768770765388581e+03
1.290458268020529886e+03
1.290865583391248038e+03
1.460171573188373031e+03
1.343920436707464660e+03
1.203442703326994661e+03
1.255955395897202379e+03
1.193153995534185924e+03
1.251269716002308087e+03
1.183740226840504647e+03
1.277172237657469850e+03
1.267360830769010136e+03
1.266222605268248344e+03
1.358334076003207429e+03
1.218029604006030468e+03
1.357747379185129375e+03
1.244992277554910288e+03
1.306440168438544106e+03
1.363450901413476686e+03
1.300771887805059805e+03
1.413078721080685682e+03
1.357096013331492713e+03
1.148902574014270158e+03
1.287113438350023443e+03
1.151888539157344667e+03
1.423678081431211922e+03
1.468304850758611337e+03
1.344883944997450726e+03
1.560627150534772454e+03
1.468460140586038960e+03
1.322485683579498755e+03
1.333624310493548592e+03
1.189508303568032034e+03
1.180406387395359616e+03
1.267501959943765542e+03
1.251428136492781505e+03
1.257909640578916196e+03
1.100744117502541258e+03
1.366629643460389616e+03
1.158874214556397192e+03
9.336516170526695078e+02
1.133939933414085090e+03
1.358353154294697561e+03
1.503422308716921862e+03
1.273902611224409611e+03
1.362050680096992892e+03
1.263824825085059047e+03
1.252896572642076080e+03
1.283534434405810543e+03
1.460606157885725224e+03
1.346922571409994362e+03
1.440575226041579299e+03
1.327042385940392251e+03
1.407319634993253203e+03
1.344216348957452283e+03
1.365387066080220166e+03
1.316088398468139985e+03
1.195633784454658326e+03
1.223752554094318384e+03
1.347528341916400677e+03
1.349561905511093300e+03
1.382975927558359672e+03
1.324412641341977633e+03
1.468506906622173119e+03
1.594585058656142337e+03
1.331264460783458162e+03
1.370888692234097789e+03
1.418270234098139326e+03
1.277718456082537841e+03
1.276881293674698782e+03
1.438116609776431915e+03
1.339160824434252845e+03
1.370690380743896640e+03
1.348043066468242614e+03
1.290269604171372748e+03
1.495355218533195966e+03
1.590540829110803088e+03
1.310031600903977278e+03
1.365563284663839340e+03
1.470520626923825830e+03
1.574597708232495734e+03
1.504336537244441388e+03
1.577812009290447577e+03
1.526646732339204846e+03
1.436597409502619485e+03
1.501564692790994741e+03
1.311435237006890702e+03
1.418314156754500118e+03
1.541035690539892585e+03
1.476058247130636573e+03
1.306363917459408867e+03
1.567067502288506148e+03
1.381146015237527536e+03
1.268002441804798536e+03
1.455356145602901961e+03
1.554745294696041583e+03
1.423253498693884467e+03
1.278003821749482995e+03
1.436947441379354132e+03
1.472324654666932474e+03
1.397567911970294972e+03
1.171768620547640467e+03
1.208187296899508056e+03
1.173318292047625846e+03
1.480581174338869687e+03
1.226195716637357009e+03
1.422658308531065131e+03
1.488133302442427976e+03
1.295630933080047726e+03
1.440585386795677096e+03
1.565020208049803159e+03
1.447823419098484237e+03
1.230702084908949018e+03
1.369673061321264868e+03
1.292631848558581851e+03
1.420953812426636205e+03
1.544055783568112474e+03
1.502156112954346554e+03
1.301639589997629400e+03
1.361969801558904464e+03
1.503962869516224600e+03
1.372447580123601028e+03
1.335394162447799090e+03
1.462257553800386631e+03
1.418052421326547119e+03
1.416129071431936154e+03
1.227962412721968121e+03
1.437387883580747030e+03
1.251272455909696191e+03
1.388413017606334051e+03
1.491094834799259843e+03
1.122247800897383058e+03
1.233785311160980882e+03
1.502339377963611696e+03
1.310138795481226680e+03
1.490926515314204835e+03
1.378380014662137910e+03
1.661525859170156991e+03
1.568988114680220178e+03
1.514241332211801137e+03
1.354901881334595600e+03
1.481775235582587811e+03
1.460174520963818395e+03
1.392727542892885594e+03
1.283052114186337803e+03
1.574280112081277139e+03
1.471772581290796552e+03
1.205341161398699342e+03
1.346644283866639398e+03
1.475023293088278706e+03
1.259394166602829955e+03
1.287096932631839991e+03
1.344539479814012793e+03
1.310806243354890739e+03
1.443145895842921391e+03
1.449771613455210172e+03
1.386343821710756401e+03
1.320728872237488304e+03
1.499977253124140134e+03
1.205141918658629493e+03
1.240057588602733404e+03
1.444876817224409024e+03
1.482206760882693516e+03
1.456511928694154449e+03
1.523608366444281728e+03
1.397552029743769253e+03
1.447896690791217679e+03
1.425290189645032569e+03
1.421797523744658974e+03
1.211432010510967075e+03
1.433513173841226035e+03
1.506045625892224280e+03
1.426371086383914644e+03
1.369809477366522970e+03
1.423113432346390027e+03
1.426471426920802514e+03
1.416389202586050033e+03
1.287465336748861773e+03
1.308671734481659769e+03
1.395431894787513556e+03
1.402110461135221840e+03
1.323088298944209100e+03
1.439141527603823079e+03
1.426260042836057892e+03
1.538065461012003425e+03
1.399593011839153405e+03
1.419782994600840539e+03
1.598076056625882529e+03
1.462609893653288736e+03
-1.044920222212628232e+03
1.386144077419443192e+03
1.416221731013404678e+03
1.356617931701746329e+03
1.364564651905308665e+03
1.331663160586859931e+03
1.330046045484672959e+03
1.717125264534335656e+03
1.431492125597801305e+03
1.464817006579610734e+03
1.291623152663438532e+03
1.480285675421630913e+03
1.382201185154517816e+03
1.280883747571416734e+03
1.475639307149583146e+03
1.499199846798564749e+03
1.467928621064455001e+03
1.542346671627904698e+03
1.433720860213574724e+03
1.280163319137905091e+03
1.448410057338888464e+03
1.257562372017883945e+03
1.350304048167023439e+03
1.288147765862202732e+03
1.321329740488111838e+03
1.357607040697992488e+03
1.209702262681643560e+03
1.405613894297596971e+03
1.413559218459102794e+03
1.266741142933296487e+03
1.502750256981988059e+03
1.372674441170216596e+03
1.503366604647195572e+03
1.410273753394297273e+03
1.521154813537185419e+03
1.368843819215574058e+03
1.484346545193719521e+03
1.430363797957907536e+03
1.294029466516260754e+03
1.299960890737339469e+03
1.495946383080128271e+03
1.201937047839539900e+03
1.313312809953087935e+03
1.347429898756365901e+03
1.246564421405973917e+03
1.213913865818412660e+03
1.350446146610830056e+03
1.419988109170983080e+03
1.353094009829032757e+03
1.142082966440779728e+03
1.346333337387439769e+03
1.385151053770167437e+03
1.367697761991528751e+03
1.378713011391159853e+03
1.513960630424613782e+03
1.311276183106898316e+03
1.363376606150823818e+03
1.362628171681900767e+03
1.496939881861294225e+03
1.384206162346648171e+03
1.479680582492778285e+03
1.446759001588769934e+03
1.445169743141035951e+03
1.512191165527768817e+03
1.291138104873963812e+03
1.419073109262833441e+03
1.530672511744849771e+03
1.324972055972123371e+03
1.519635033246061994e+03
1.417735934695965398e+03
1.178156954538751279e+03
1.368736068033293577e+03
1.467340166874928627e+03
1.297357699516061984e+03
1.530603352413263565e+03
1.313586987901973998e+03
1.359535436711882085e+03
1.384092454119995182e+03
1.277884365481282885e+03
1.424392943274533536e+03
1.425186292951390215e+03
1.438317921019792720e+03
1.294345893207393829e+03
1.213334983272979571e+03
1.342311522081469093e+03
1.495179207308083505e+03
1.367557863929716859e+03
1.413144858685695681e+03
1.457611502372749555e+03
1.454818413838171182e+03
1.262673024455699306e+03
1.222044218680120593e+03
1.350986128118838906e+03
1.203559236283500240e+03
1.446026421431018889e+03
1.562669036782811418e+03
1.234124031998462669e+03
1.437308222118653021e+03
1.289474844013162510e+03
1.413289845025031809e+03
1.291610828523553437e+03
1.560182037087175331e+03
1.301874764934007999e+03
1.435826199381354627e+03
1.311530977581907109e+03
1.356709561528295581e+03
1.216865805648846390e+03
1.463089471585636602e+03
1.347325688401694833e+03
1.404447090894945404e+03
1.457356939221758239e+03
1.638245573547089180e+03
1.036936505479000516e+03
1.582443807373665777e+03
1.201557524359644958e+03
1.236803142480589258e+03
1.461089875266702620e+03
1.449133979622747120e+03
1.463876600463104751e+03
3.742481081858609855e+02
1.314461132128980353e+03
1.562011505816662293e+03
1.267177737794654377e+03
1.460531989682776157e+03
1.484603603226222958e+03
1.368414819845311968e+03
1.507744595958116179e+03
1.410011477704899789e+03
1.223895503083536823e+03
1.409909155009152073e+03
1.369527198886240285e+03
1.293760245122602100e+03
1.350584280801388786e+03
1.259269077202386370e+03
1.616057753875291155e+03
1.489684849939530068e+03
1.626844239584448587e+03
1.520815007076805159e+03
1.399284845322272076e+03
1.498058178194200536e+03
1.569025176094134167e+03
1.420542165168571955e+03
1.355073130821172526e+03
1.385257596170970828e+03
1.364083041387749972e+03
1.188209461553183701e+03
1.308304652790658565e+03
1.180020282706575927e+03
1.222887172425334029e+03
1.296288906053493520e+03
1.451972785337461801e+03
1.195515539768574854e+03
1.302667808563466451e+03
1.322070954386680114e+03
1.408099230384021666e+03
1.490081459461085160e+03
1.360418704678356335e+03
1.433399237595685008e+03
1.358362842031667469e+03
1.039029967351154028e+03
1.439138530231741470e+03
1.172689032702648092e+03
1.374213489899729439e+03
1.103007686364095889e+03
1.418377781125871707e+03
1.472999553689138565e+03
1.328915285067814921e+03
1.208812127423758284e+03
1.263340319287314060e+03
1.308125820547307285e+03
1.191803674983131941e+03
1.523214489984698275e+03
1.394416234187445070e+03
1.342146011895923948e+03
1.250182021657097494e+03
1.557107625032271244e+03
1.233585994205109273e+03
1.489859227558010843e+03
1.267038047691151860e+03
1.311639670693579092e+03
1.561709480479557214e+03
1.274815051921310214e+03
1.192866017362639013e+03
1.401345272475240790e+03
1.397342663753154739e+03
1.234693408255288205e+03
1.633632021971666290e+03
1.428651172196988227e+03
1.411341741724985695e+03
1.333192668056445200e+03
1.157249103143194361e+03
1.187882606361556782e+03
1.353422523143552098e+03
1.315041075153637848e+03
1.216473490790264123e+03
1.330911848626587016e+03
1.344964550816505380e+03
8.180331981377236161e+02
1.409692828446758085e+03
1.192808224262051908e+03
8.462611903418843440e+02
1.355733513921575423e+03
1.284030941615820666e+03
1.232067204968735268e+03
1.399463234678777781e+03
1.266083768377860679e+03
1.264468501886726017e+03
1.332880151096961526e+03
1.366419192743727308e+03
1.319424632113114285e+03
1.502626132540043272e+03
1.470291504702526481e+03
1.373212397260636862e+03
1.305132019044148137e+03
1.303975291559997913e+03
1.379060794789664897e+03
9.579923563619610150e+02
1.246914214003853658e+03
1.509946462156326334e+03
1.444458635990675930e+03
1.294471474061586605e+03
1.323979278248086985e+03
1.478588738888612625e+03
1.461641595148538727e+03
1.351405911380506950e+03
1.407261997862608041e+03
1.460063907673608810e+03
1.299835249324083861e+03
1.379807624113228940e+03
1.475235131742496151e+03
1.277229835521071209e+03
1.420024738105133338e+03
1.497636928698343809e+03
1.244989717304349597e+03
1.316933999841118293e+03
1.410096307447149911e+03
1.428193008392420552e+03
1.413766051302947517e+03
1.407895368777700696e+03
1.356914882398137024e+03
1.429985498889731389e+03
1.370139060637493913e+03
1.440973518744645844e+03
1.360874130764986376e+03
1.446230266540982484e+03
1.316430116456450378e+03
1.236793392514141487e+03
1.216180230810785361e+03
1.432719567402759367e+03
1.847161725115757463e+03
1.278348083973419762e+03
1.435559273943482822e+03
1.367938679260593062e+03
1.640020945279813304e+03
1.344714758303903864e+03
1.576807581448370911e+03
1.502059821367178529e+03
1.296308014638344275e+03
1.425034933954345206e+03
1.482814756251797235e+03
1.464502663883761898e+03
1.244573985534559142e+03
1.306569288850364501e+03
1.374961962161301471e+03
1.419926235188714600e+03
1.331260225403058030e+03
1.470189384975783014e+03
1.364690465287911138e+03
1.278759351966837585e+03
1.432603196978479446e+03
1.307725804928202479e+03
1.396333664138720451e+03
1.283408287905618181e+03
1.778417691487059528e+03
1.493794501769454428e+03
1.253340545533063050e+03
1.294995263782917618e+03
1.280394257658511833e+03
1.445763241978776250e+03
1.562515159474573920e+03
1.117546381301508063e+03
1.404190943198777404e+03
1.318770662883693376e+03
1.328135967710574505e+03
1.255729820428029143e+03
1.161735316135546327e+03
1.351539666319467415e+03
1.352571302428907757e+03
1.388648211477202949e+03
1.284233024485266469e+03
1.257668991198967205e+03
1.332254194578116540e+03
1.258457459755581112e+03
1.397978928378032379e+03
1.484071688212785375e+03
1.328545934044086607e+03
1.319747370341440728e+03
1.302686395411736612e+03
1.168696331102569502e+03
1.348363138120455687e+03
1.280963955075234935e+03
1.375980863703499836e+03
1.346788271603718385e+03
1.250472918893457518e+03
1.256229102474403135e+03
1.519775635403498200e+03
1.446916179270293924e+03
1.493253573077306555e+03
1.517531278033722629e+03
1.355168854095204324e+03
1.354574914315545357e+03
1.367497550335780488e+03
1.450071690684433406e+03
1.285453821075239603e+03
1.328952949642570957e+03
1.512570182332117611e+03
1.463116074118765255e+03
1.552274159748675629e+03
1.365040225728095947e+03
1.471694816396962096e+03
1.256660715027317792e+03
1.459176751720857737e+03
1.495972920215692966e+03
1.335355051124116244e+03
1.476086947665292655e+03
1.499605172800967694e+03
1.521493823267477865e+03
1.258845326881799338e+03
1.459318335218225002e+03
1.474397099917320475e+03
1.475650026222781435e+03
1.555197557380530952e+03
1.492636144833519211e+03
1.603623490877939957e+03
1.467167489039603879e+03
1.544282017709290358e+03
1.607278410689832754e+03
1.679363489920513530e+03
1.552457076472555400e+03
1.308625621538782980e+03
1.500843195201850222e+03
1.515814669100181391e+03
1.471161876380907188e+03
1.561973247486248056e+03
1.506371505982663621e+03
1.384755293123409047e+03
1.600119166426186439e+03
1.448622030717523103e+03
1.592760635862684012e+03
1.104408551693418531e+03
1.487769991441555476e+03
1.634867551874144283e+03
1.548706333929263565e+03
1.423769698132874964e+03
1.627153170099616773e+03
1.537874097147141129e+03
1.416004124056465344e+03
1.608743769127467203e+03
1.174369366049286327e+03
1.350774148319308097e+03
1.484525050103537751e+03
1.468835971997541947e+03
1.522853548204781418e+03
1.278154903218781783e+03
1.234273145278663833e+03
1.324065621518852595e+03
1.378778879524361400e+03
1.409195143772991969e+03
1.190793655144398599e+03
1.275272221011576903e+03
1.269429518084995379e+03
1.541392841621783873e+03
1.351819446516402422e+03
1.497223120939656837e+03
1.473052336891193590e+03
1.279528193214972589e+03
1.310413226056730764e+03
1.385603025873621618e+03
1.456162892318012155e+03
1.409185992288815214e+03
1.405843021011083920e+03
1.345195033908023788e+03
1.352842843536741839e+03
1.432285172412719930e+03
1.385358001688220384e+03
1.385631400163414810e+03
1.400156779975280642e+03
1.293395116491632052e+03
1.519645106406167770e+03
1.250264261086598481e+03
1.323286076257735203e+03
1.347618218443709338e+03
1.407675492803194402e+03
1.214113612632955210e+03
1.318121747776681559e+03
1.332360811261447907e+03
1.417491828694145624e+03
1.359580435623021913e+03
1.316039917920825701e+03
1.198329504564539775e+03
1.496355466312047611e+03
1.279401302398679491e+03
1.400760607319331484e+03
1.501954508518884268e+03
1.290684338264600001e+03
1.211328670749822322e+03
1.438904048654881080e+03
1.415726558703684304e+03
1.564931358314672934e+03
1.302857437579766611e+03
1.469474766163463300e+03
1.204443724507622619e+03
1.395470917909382706e+03
1.363242696729670115e+03
1.365668249879582163e+03
1.344038570401029119e+03
1.164820152262816009e+03
1.308683804606889680e+03
1.241934448048188870e+03
1.368522029547583315e+03
1.347009587695373284e+03
1.253515310034275899e+03
1.551680714648947969e+03
1.305453441636252592e+03
1.243885285238038705e+03
1.386211666488122319e+03
1.406394702235650129e+03
1.412076945667690325e+03
1.447332700351737913e+03
1.184846278113810286e+03
1.190187086499204725e+03
1.400878606965380186e+03
1.392624560770726021e+03
1.297075620087134439e+03
1.161243729463437830e+03
1.449292733294299069e+03
1.426016739645203188e+03
1.246043874031070345e+03
1.375439863878719507e+03
1.245310217619779905e+03
1.231428132302752601e+03
1.188069681868764746e+03
1.311623103015534070e+03
1.303963617128132682e+03
1.395582390626826054e+03
1.319687509719125728e+03
1.287112670918244476e+03
1.352789610706324993e+03
1.324194564040684327e+03
1.271824478472316514e+03
1.257459036409006558e+03
1.190054110519585038e+03
1.255317348252115380e+03
1.360423112172410129e+03
1.332123267345111572e+03
1.503096559419182086e+03
1.246226964099261750e+03
1.426253278275270077e+03
1.511011261786853083e+03
1.129332817608906680e+03
1.305486230468224221e+03
1.281689743499681981e+03
1.404664908081422482e+03
1.440872506501625367e+03
1.255612381973022821e+03
1.446187993767710168e+03
1.401381150974394814e+03
1.426803535683499149e+03
1.265443637449401422e+03
1.384343055164213411e+03
1.432344327741343022e+03
1.211692066083866393e+03
1.278049697409673172e+03
1.485587847947589353e+03
1.305565283562707009e+03
1.321036829942246641e+03
1.572116019701288678e+03
1.294354558257172130e+03
1.325208167777432664e+03
1.209009365687991476e+03
1.447572710826446382e+03
1.356616539861183810e+03
1.139379389364595454e+03
1.035204107869647714e+03
1.372637423943345311e+03
1.264148923561208903e+03
1.254848134368404544e+03
1.264182734227175388e+03
1.486064132879960198e+03
1.666649450800707882e+03
1.420754175947454769e+03
1.355602965040393428e+03
1.484143918176725947e+03
1.312887945094295219e+03
1.368192543533730486e+03
1.431749636567524703e+03
1.333835238173097423e+03
5.447195898987019973e+02
1.215600617860962529e+03
1.236737240594993182e+03
1.198620033746784202e+03
1.441802342636412050e+03
1.270989602682771192e+03
1.338726207014513875e+03
1.549950000141606097e+03
1.365188176474186548e+03
1.333787472548272717e+03
1.306707652679679768e+03
1.454723639435129826e+03
1.392386987629542091e+03
1.199582267220073845e+03
1.513973888402687862e+03
1.415012133798645891e+03
1.282415426487002605e+03
1.218654007758583930e+03
1.323245789743735713e+03
1.465415548907516950e+03
1.267613566562089090e+03
1.346420242346757504e+03
1.533398083280729452e+03
1.289567256052298035e+03
1.310049849649895805e+03
1.274684742843625372e+03
1.380129251199161899e+03
1.311442542195191891e+03
1.491432474583074963e+03
1.230985355783286195e+03
1.492715147321869154e+03
1.560773669976916381e+03
1.424450725375183310e+03
1.381732897360528113e+03
1.530575180450998459e+03
1.138979886115495447e+03
1.462384224175650616e+03
1.349673966375529972e+03
1.231087801432415290e+03
1.327173788449764970e+03
1.388243362264398456e+03
1.201550935625098646e+03
1.275591524733464439e+03
1.341524650072897430e+03
1.409072813561100020e+03
1.204320091671211458e+03
1.503380025924344864e+03
1.387594163282023601e+03
1.297269822345117063e+03
1.234611352908944582e+03
1.197919118316323420e+03
1.482533015953866652e+03
1.470212147826927321e+03
1.224311433039405301e+03
1.314895480703977910e+03
1.444648620736860721e+03
1.295922303744919418e+03
1.270044007264829588e+03
1.268065303000490303e+03
1.387521267715874501e+03
1.280453141449166651e+03
1.289824876854618651e+03
1.223559479768534857e+03
1.191854303585522302e+03
1.375540091242481822e+03
1.299618076134167040e+03
1.287837360534280833e+03
1.236542119475455820e+03
1.371695251200266739e+03
1.500598324368015938e+03
1.219646247387327094e+03
1.485697478611424231e+03
1.359780431038167080e+03
1.371293698821822090e+03
1.386680385237816381e+03
1.368037822403626706e+03
1.290153368046588639e+03
1.294468116018412502e+03
1.453376609592007298e+03
1.152583756058427070e+03
1.275506075936661546e+03
1.473312292978939468e+03
1.285133035534144938e+03
1.300318366972469903e+03
1.414491753410670526e+03
1.365524249684531696e+03
1.343971002603744182e+03
1.312195406775659876e+03
1.335651962209393332e+03
1.301828808972587922e+03
1.256235667258175454e+03
1.562297593453981790e+03
1.334408758032371907e+03
1.532588794542702090e+03
1.360620327652305377e+03
1.217929511799189413e+03
1.268500637297730691e+03
1.400278226273034306e+03
1.346510168192653282e+03
1.188299234447834579e+03
1.383652976658367152e+03
1.281159143378542012e+03
1.457093373791769636e+03
1.323698035556099057e+03
1.318586800391575707e+03
1.379209656210445246e+03
1.254736690775243915e+03
1.213042881228408532e+03
1.366553270515337999e+03
1.128345650383893144e+03
1.250109188126248910e+03
1.190691344483223020e+03
1.263154646165383383e+03
1.279532240957090153e+03
1.274951739389499608e+03
1.409285486428868353e+03
1.232489250961292555e+03
1.438295824740615672e+03
1.326069255217195632e+03
1.217731435214382373e+03
1.291701027478134392e+03
1.339938985092592930e+03
1.211373932863294385e+03
1.499106035043242400e+03
1.253731137188555977e+03
1.308392299425045621e+03
1.406063192607980909e+03
1.308891163313660400e+03
1.208532173618724528e+03
1.365835572597489772e+03
1.377859323945515825e+03
1.425297999773058109e+03
1.219737890961112271e+03
1.224760969076686251e+03
1.368698935957037293e+03
1.349192313186916863e+03
1.502734375878025958e+03
1.483692168236829048e+03
1.293872236697379549e+03
1.372287108157573584e+03
1.242878396641873451e+03
1.357001286322317583e+03
1.345958734076683641e+03
1.455614474462333874e+03
1.421105924021489500e+03
1.373742550068886203e+03
1.294679670099794976e+03
1.268666220560813827e+03
1.231795775041463457e+03
1.457357259905862065e+03
1.377289889839310717e+03
1.399507534778235367e+03
1.403919190953724637e+03
1.296135088633985106e+03
1.154874159724839501e+03
1.425382784064347561e+03
1.502139834900562164e+03
1.334146363595333241e+03
1.373034191932479189e+03
1.209266388974340543e+03
1.344350389321903776e+03
1.410468716665714282e+03
1.253862846160918252e+03
1.457177372099452214e+03
1.471496981635201337e+03
1.503879814176547598e+03
1.577627085026678969e+03
1.498373997037444724e+03
1.462792273012801843e+03
1.249320292765963586e+03
1.390518509730402911e+03
1.211397263191857974e+03
1.443800349190957149e+03
1.449583993565782066e+03
1.381787010604877423e+03
1.486996396197156628e+03
1.448605949889502199e+03
1.455260340480491550e+03
1.466328040720293302e+03
1.440779276824459885e+03
1.350316186717641813e+03
1.474261416225867379e+03
1.471404428637994670e+03
1.430067044760917724e+03
1.458016609612428283e+03
1.395427898252529985e+03
1.523410089331788186e+03
1.521862431367008412e+03
1.500502807954609352e+03
1.508937885830545611e+03
1.553041844313232332e+03
1.436030416063697885e+03
1.593907855585734978e+03
1.433229433422367492e+03
1.423181129828760277e+03
1.373182175937703278e+03
1.563222714130739178e+03
1.447569672915439696e+03
1.453693860688792483e+03
1.529318986901873586e+03
1.493088062633943537e+03
1.342789564646952840e+03
1.435568990086371514e+03
1.541161793638394329e+03
1.517290159831045457e+03
1.502396584454330423e+03
1.506416496291814838e+03
1.370521495094065813e+03
1.526583634286238521e+03
1.396173143018027986e+03
1.386552121214532917e+03
1.592679473841071740e+03
1.543603369156846838e+03
1.539300260447583014e+03
1.591349530696184274e+03
1.384319261198394770e+03
1.519290456858703692e+03
1.479194202833607733e+03
1.325971368499640448e+03
1.416482842998600972e+03
1.509157882135185446e+03
1.480212558365501536e+03
1.579120642503690078e+03
1.491847101183053155e+03
1.698107183104717024e+03
1.565161779480156383e+03
1.553331934348552750e+03
1.461311463680154930e+03
1.676768114616974572e+03
1.496843373146902650e+03
1.657612497942676782e+03
1.472045679167564231e+03
1.625485984061268937e+03
1.479577921549979237e+03
1.580989742279550455e+03
1.529709648671648210e+03
1.595678313771622697e+03
1.486806094188755878e+03
1.500342374806533371e+03
1.573765371073850702e+03
1.533634267965035406e+03
1.516357175154981178e+03
1.524973333223419104e+03
1.495698225743225748e+03
1.509819836745105476e+03
1.530903379776804513e+03
1.466245889898430505e+03
1.427111239343322495e+03
1.488400161471304727e+03
1.508250838897112317e+03
1.571253794150526346e+03
1.664628100943648860e+03
1.547702094874139448e+03
1.569709972209040416e+03
1.604195061611526626e+03
1.389313248193233449e+03
1.610915755752857422e+03
1.340700737157886124e+03
1.581367618941922728e+03
1.602480637759226056e+03
1.474618461250002838e+03
1.364958243944518244e+03
1.498931091805237884e+03
1.443646016028374106e+03
1.529235811952585891e+03
1.335953269057901252e+03
1.435903190698522167e+03
1.487411102903371784e+03
1.436687150858648693e+03
1.558666761452710034e+03
1.590827036699051632e+03
1.431650243393004303e+03
1.410843792023913920e+03
1.453202853762562881e+03
1.493870191933188607e+03
1.431478763811945555e+03
1.487282603151712919e+03
1.464380477614177380e+03
1.590645868120123851e+03
1.628956763306018956e+03
1.485627991380382355e+03
1.420856174514851318e+03
1.495075142359876963e+03
1.510189701099876856e+03
1.701504865418350619e+03
1.522972849009840957e+03
1.587772765079975215e+03
1.536049222761036162e+03
1.479000452682529385e+03
1.473253231403874224e+03
1.749832771633089578e+03
1.559258588472185011e+03
1.383120547606753235e+03
1.534718602284492590e+03
1.356517775125990511e+03
1.530775581186548834e+03
1.564581212703400752e+03
1.530042962480379856e+03
1.554805828277913633e+03
1.492857593744548240e+03
1.622816332464057041e+03
1.555409534740829940e+03
1.510387803798899768e+03
1.480859244651174095e+03
1.538786866623853939e+03
1.645978466030987875e+03
1.535434142256595123e+03
1.570495527672790331e+03
1.557322214268906009e+03
1.517339702960664908e+03
1.513140177390055669e+03
1.506991281159193250e+03
1.488118379912804130e+03
1.476039289911644119e+03
1.459658685896842599e+03
1.501275231780598460e+03
1.517109929371288672e+03
1.522391255596684914e+03
1.431836616271818912e+03
1.593367816702205801e+03
1.462241477535960712e+03
1.519751446596307233e+03
1.470013881612456544e+03
1.405005855405338025e+03
1.544952967061822847e+03
1.530932490663088174e+03
1.405912567430348872e+03
1.516245574390155298e+03
1.705571638208298054e+03
1.486272641398589712e+03
1.619589090456833219e+03
1.395750607383187798e+03
1.559031079334009746e+03
1.423872005076007554e+03
1.542677871193310466e+03
1.583914103584838813e+03
1.537658634080421052e+03
1.441695982476855079e+03
1.574518962382846439e+03
1.417795889897632378e+03
1.537854118514578659e+03
1.520777669509807538e+03
1.584380243443053587e+03
1.452456844859742432e+03
1.545347273037538798e+03
1.510813337534721995e+03
1.551162654576128716e+03
1.464343557106817798e+03
1.364728584501673140e+03
1.359322605037073345e+03
1.547631595558051231e+03
1.438977669304449137e+03
1.472764830595030162e+03
1.484723468563713595e+03
1.475948273121581224e+03
1.547596463133940006e+03
1.694494768096754342e+03
1.489688491446946955e+03
1.573544330277893778e+03
1.715890888314178710e+03
1.572394628856701047e+03
1.626193561485785494e+03
1.547477526738838833e+03
1.528292072445839494e+03
1.675415334985151048e+03
1.464481058316170675e+03
1.429954423079411072e+03
1.499099435823988642e+03
1.431852381665647499e+03
1.581136814847433470e+03
1.528977849511918748e+03
1.641816634569298003e+03
1.503166049091509649e+03
1.658228720904861348e+03
1.516361171147172627e+03
1.487079366459580342e+03
1.654441289148304804e+03
1.475489238252979703e+03
1.478315077578549790e+03
1.558395658808923827e+03
1.544752166274297224e+03
1.674194338045060704e+03
1.664483800947269174e+03
1.531493014000266612e+03
1.496910997668417622e+03
1.630071175721767759e+03
1.647080385694067672e+03
1.620021332369437459e+03
1.588366890331979903e+03
1.677209589084591926e+03
1.542757893481105839e+03
1.580305087564215228e+03
1.597768253551595762e+03
1.634949367127671849e+03
1.509846128401426995e+03
1.561425758852117951e+03
1.490667303669335524e+03
1.542506553811037975e+03
1.587093037882214503e+03
1.567953849377844563e+03
1.640371544486572247e+03
1.699061300554596073e+03
1.548736255229059225e+03
1.734881924292715667e+03
1.563361451224878010e+03
1.589831652810375999e+03
1.617221874649278107e+03
1.500440136425489982e+03
1.538709077973624517e+03
1.537608644761747428e+03
1.355346915599067415e+03
1.675169169458760962e+03
1.559932627413847285e+03
1.512927146028579273e+03
1.568200809001799371e+03
1.531870208083527132e+03
1.648175814023195244e+03
1.587328376431543347e+03
1.611852579934440655e+03
1.590379284945834115e+03
1.612475006924635863e+03
1.750361460959957640e+03
1.627665860437788979e+03
1.572504191504322534e+03
1.546557827601783174e+03
1.742549235837392416e+03
1.476682203992486620e+03
1.501765991482029222e+03
1.601760077457192438e+03
1.508116792498022278e+03
1.558951337480443044e+03
1.710115225291529896e+03
1.480266474712837180e+03
1.522114933793164255e+03
1.688217159445541256e+03
1.593362455310710629e+03
1.610352651964454481e+03
1.662547345123191008e+03
1.540954053688117256e+03
1.561052636340970139e+03
1.617560107518565246e+03
1.549202063861119086e+03
1.556371083046941067e+03
1.764830864782631579e+03
1.735089704241160916e+03
1.645727743571249903e+03
1.666491866239102819e+03
1.615315473859372105e+03
1.540395257834051790e+03
1.509908597815085159e+03
1.610587385110855848e+03
1.528384583118208866e+03
1.654594787646705754e+03
1.581167567778110651e+03
1.765955829159174073e+03
1.567441651443081810e+03
1.737155597486377701e+03
1.702362639897497274e+03
1.557902571533215905e+03
1.582831495418107352e+03
1.578245351462917142e+03
1.670972147678800184e+03
1.620074578288420298e+03
1.622813036638274070e+03
1.375548900766041243e+03
1.655236845545653523e+03
1.581676575769658257e+03
1.679414176935376190e+03
1.619301211549254049e+03
1.647117277869782583e+03
1.629076272300387473e+03
1.556205202657725749e+03
1.685608345972322240e+03
1.390018280790785411e+03
1.750055883917011442e+03
1.494414236919233645e+03
1.545685986597311285e+03
1.574615806051446953e+03
1.754053226920560064e+03
1.712316205671280841e+03
1.604626495705040043e+03
1.283164766950387275e+03
1.729363719158806816e+03
1.621802741104253528e+03
1.574832971983162906e+03
1.589388414600599617e+03
1.692411558513039836e+03
1.621103459179187894e+03
1.630568707602542645e+03
1.628431295277652225e+03
1.625500679406894733e+03
1.681474537512446432e+03
1.516395523308581915e+03
1.475971001801326565e+03
1.677124433148999287e+03
1.603947339461328284e+03
1.474637174037493196e+03
1.727267582100001619e+03
1.557972039799157301e+03
1.580222662867394320e+03
1.466986948151413799e+03
1.644524563583050849e+03
1.583046796410131947e+03
1.513968327962186095e+03
1.457327737436070493e+03
1.487001853954666785e+03
1.419400947234362775e+03
1.377512256295189445e+03
1.458935736623795265e+03
1.349180994707029868e+03
1.476058420250043127e+03
1.610487622929272675e+03
1.640184465526144777e+03
1.452730660960829937e+03
1.523003313361468827e+03
1.538115247645454474e+03
1.519349466667582874e+03
1.476510307935671335e+03
1.332096863790479574e+03
1.644136677663284900e+03
1.662094857434558435e+03
1.336033925565527625e+03
1.581019471554177244e+03
1.302685273850775275e+03
1.475311193332773200e+03
1.593061915215677345e+03
1.693510706095997648e+03
1.494839928877951479e+03
1.393645420991524588e+03
1.457302006764534326e+03
1.674374835963888700e+03
1.253384327221246622e+03
1.500685436963293569e+03
1.412973082363408821e+03
1.536227485136839732e+03
1.281997958387033123e+03
1.549700011934499344e+03
1.589790362088429447e+03
1.459995166950470775e+03
1.527765213420308783e+03
1.387917470512793216e+03
1.384252974169012077e+03
1.456495920620340030e+03
1.423826599775814884e+03
1.595647247792309827e+03
1.469726495023151529e+03
1.469715253551895330e+03
1.461560016996779723e+03
1.235725238250201073e+03
1.505387304892640941e+03
1.411609706082446110e+03
1.463845131582744898e+03
1.227865555572299854e+03
1.454784913692005375e+03
1.594527656841932185e+03
1.620732785908853657e+03
1.453236640184774615e+03
1.239514360329372266e+03
1.509059371889175736e+03
1.451869318787469638e+03
1.481013664338155195e+03
1.523234707599413014e+03
1.560523356945149089e+03
1.475268910514495474e+03
1.464537826702025086e+03
1.512948016897917569e+03
1.591088623941454216e+03
1.485001985266140082e+03
1.530252158831262932e+03
1.381010440252148328e+03
1.542963886948300569e+03
1.431467096626590774e+03
1.414193408700136843e+03
1.544815820225681819e+03
1.471034625621297664e+03
1.486716530839546749e+03
1.452884845853328216e+03
1.457904957976997139e+03
1.411271632138438235e+03
1.294981466268749500e+03
1.573230664952168809e+03
1.602895457451999391e+03
1.498271100107639995e+03
1.354474756905485265e+03
