-2.317926996074724684e+03
-6.691536383618113177e+02
-6.462473929167932738e+02
-5.986568995758252640e+02
-8.901915717841355900e+02
-6.438920271879320580e+02
-5.741805276930172113e+02
-6.991276515427380218e+02
-7.482146842902349135e+02
-6.411248933660571083e+02
-5.876740592987894161e+02
-5.767621380271718863e+02
-5.692294843035613212e+02
-6.798456308178166410e+02
-7.549896773170986535e+02
-5.173962799511556341e+02
-4.525081470222144731e+02
-4.783265682679308384e+02
-3.073718227550667166e+02
-3.286647223568161280e+02
-6.554808941952560417e+02
-5.442560682646981149e+02
-3.247075351197819373e+02
-5.895727749742518427e+02
-5.669321738277374152e+02
-9.746710665762309418e+02
-6.031759351996398664e+02
-6.060239265259010608e+02
-5.974796970092561423e+02
-8.394656693111749064e+02
-6.566113879771451138e+02
-6.320248971920233316e+02
-8.465223762431509158e+02
-6.375555073175288499e+02
-6.939454284933937060e+02
-6.685595641597174108e+02
-1.348526359279818280e+03
-5.711780657494434763e+02
-7.875201583311138620e+02
-6.399339627211367088e+02
-3.810006713915023511e+02
-6.039182177264819984e+02
-7.078901683668311762e+02
-4.031951501040629182e+02
-2.672726680454538268e+02
-1.479426138110239663e+03
-1.492612974595376727e+03
-5.945691410866344313e+02
-3.295224308093552281e+02
-4.252611759223593708e+02
-5.777826277712424599e+02
-6.160187203304905097e+02
-4.675245177820337403e+02
-1.477163230510738913e+03
-4.180818590162862165e+02
-6.460681848827356362e+02
-3.596129346671147573e+02
8.958496643250498437e+00
-1.382651224716772504e+03
7.561457993771632573e+02
-1.382415865699046662e+03
-5.653552611647162394e+02
-1.422286607610267311e+02
-5.900830159927118075e+02
-2.027346148929359515e+02
-4.621565722023750595e+02
-6.999835172064347262e+02
-9.885563534475051028e+02
-3.073836049882995667e+02
-4.628479446252011940e+02
-4.997222223112791539e+02
-3.690681759821515016e+02
-1.023296879234196922e+03
-7.213142163821145232e+02
-6.099708455195110446e+02
-2.218420031844247660e+03
-6.852087410774361160e+02
-8.353754766679742261e+02
-8.767672131887076148e+02
-9.191253450553642779e+02
-9.397366341073334297e+02
-6.323645112386653864e+02
-7.458356413591543514e+02
-8.225226646386049651e+02
-8.158982903107564653e+02
-6.218238800763915606e+02
-6.912919443122962093e+02
-6.726613275852652123e+02
-5.501949266384682460e+02
-5.659400921367573574e+02
-5.955257075890749547e+02
-5.732456206944239057e+02
-5.506990033199951995e+02
-1.074042316162804582e+03
-2.963740189639029268e+02
-3.602477197641397879e+02
-3.063164297774186480e+02
-8.775504865514080848e+02
-2.628765512847824084e+02
-4.111754250770821955e+02
-6.884187345438854209e+02
-7.429457747747344456e+02
-8.919425643661069216e+02
-8.550685445546038181e+02
3.301243298339304602e+02
-4.100610241396646529e+02
-5.945218530245143711e+02
-5.143118696436474693e+02
-7.788161301649754478e+02
-1.786729269201007924e+02
-7.392131853262245613e+02
-6.885726789704959856e+02
-3.586694215176359535e+02
-5.266560377536111446e+02
-7.328392276894285828e+01
-1.329123451786185228e+02
-1.400546078667309075e+03
-1.295214776894941224e+03
-6.261780594870075447e+02
-5.072338162170081546e+02
-1.476614029363754071e+03
9.301310825024060023e+02
-6.911963983533777309e+02
5.579045480171771487e+02
-2.745830693616766212e+02
-5.772797188795875627e+02
-3.006910233601056461e+02
-5.689306893343151614e+02
-4.834227168395390208e+02
-2.815859857264393327e+02
-4.350447077660495552e+02
-2.070723869720304720e+02
-3.405135531154654700e+02
-5.526454823703339798e+02
-4.031631405632880387e+02
-6.120710761887324907e+02
-3.062551294408960985e+02
-3.683143829927050206e+02
-2.261177352597832737e+02
-1.243326377339796380e+02
-3.204889624343559262e+02
1.174059550519593245e+02
3.700475423110718793e+02
-5.710216115117061690e+02
-4.555313395586966294e+02
8.125277271675628299e+02
-8.435508769120249326e+02
-7.581154009202223278e+02
-3.266087515109164201e+02
-3.309218841825963864e+02
-1.339440560161293888e+03
-3.089777355019946299e+02
-2.502209955250822588e+02
-2.978089107772884745e+02
-2.989214357487246048e+02
-4.789582009789516519e+02
-6.593910744107280379e+02
-3.533345496757500541e+02
8.544503736808802330e+01
1.023056389940922031e+03
-1.917036557913715455e+02
6.113803816041487380e+02
-7.620240943916890330e+00
-2.288142889544546392e+02
-3.887340016032295580e+02
-3.818319545488330959e+02
4.927284904088312487e+02
-5.153942088226338001e+02
7.573644517468461572e+02
-8.194024785878626744e+02
-8.888403451273328528e+02
-2.950531523417090440e+01
7.430954673695185875e+01
-1.053485726331575052e+03
-3.117456926652852189e+02
-5.982043131064139061e+02
1.013621802103349978e+03
1.368104119901110607e+03
9.562326273191322343e+02
-1.029068648710481739e+03
7.720696642620755483e+02
-2.129780634267052619e+02
4.560234716190860240e+02
3.473426871658259643e+02
-1.970018167555256241e+02
3.272798956253964775e+02
2.426157924334042093e+02
-5.865605109283092133e+02
4.236422399874271036e+02
-3.952571225771921490e+02
3.299858134639996479e+02
8.148565298441229743e+02
3.411015202064444338e+02
-4.135534641958267912e+02
6.152713510599654683e+02
2.508646091903113700e+02
5.106444107140850974e+02
3.826856248305647057e+01
1.400842975827100076e+02
7.812052449629068178e+02
-8.523723567436649091e+02
-3.799659183749178055e+02
-9.262874564447285763e+01
-4.715839712769752623e+02
-1.939859943114196597e+02
5.237599888297924622e+01
-3.499258793804525567e+02
3.592221254071888552e+02
-2.139563486996379993e+02
6.021653490041759369e+02
6.138259646192442460e+02
3.284577481773627028e+02
-1.528539403834670054e+02
-2.827375749873555151e+02
-3.406824127747115085e+02
4.901337258389277736e+02
6.265296508511689808e+02
-5.363069705031130070e+02
-2.689952606991496964e+02
5.636417021983850191e+02
-4.392308301001118025e+02
4.513931434669139549e+02
-6.193954826703675280e+02
1.139680113456701747e+03
6.011280791360741205e+02
-6.698260128124534276e+02
9.851029804679731114e+02
-4.293882366355471731e+02
4.372293639546524560e+02
9.449818086648501776e+02
6.895776403511862327e+02
1.846864468702124213e+02
1.004878762355026083e+03
6.222466822558110380e+02
7.826703157213603390e+02
-1.272080001750493210e+02
7.098218286745108117e+02
-5.595494688981381159e+02
5.225338529449991256e+02
5.055944262570263277e+02
5.386948074875010661e+01
4.256951882548704589e+02
-4.050771945183754497e+02
4.457462022463499807e+02
3.205326586808737375e+02
1.271970355975527127e+02
4.851090075054752333e+02
3.945789588535604935e+02
1.994559742644441371e+02
5.361061228733066173e+02
2.757937910943019233e+02
4.279941688495287053e+02
6.278370824110243120e+02
7.251529009888292876e+02
4.567575363177560916e+02
-1.071229996323823116e+03
6.465321531478931547e+02
6.030285693244422873e+02
3.524360383403389392e+02
3.896420807783313194e+02
4.366123814531564449e+02
-8.481788769887982653e+02
5.643432883393882094e+02
5.789310048513061702e+02
5.245900315535991467e+02
7.307601418660829040e+02
1.228772027517081398e+02
4.469697164259938518e+02
5.029207886586432323e+02
4.896538969532457486e+00
6.871263959366956442e+01
3.913723830919895477e+02
7.215855445627227027e+01
7.834863986228765498e+02
8.045656236224567692e+02
5.417807402337101621e+02
2.000352749261748500e+02
9.205045836979720661e+02
5.446130311534461725e+02
3.398630937097325386e+02
1.106564321759261020e+03
-7.372131046847582638e+02
7.961278011989088554e+02
-7.592554323002287902e+02
-5.325064679473115348e+01
1.365573048496945148e+03
-1.307782638896453591e+02
5.341714491621130492e+02
4.747426218202897417e+02
1.310954951211509183e+02
-4.523806233033326407e+02
-3.992258143415082827e+02
3.849039465038174512e+02
4.186184565849763999e+02
2.448667596410483895e+02
-1.649390154287839891e+02
-8.663703436997932386e+02
3.989675809721221640e+02
-2.436745644076717383e+02
-5.394231392921966517e+01
-1.145011392701163686e+03
-5.646808520225849861e+02
-2.382312999129308650e+02
-1.354570729809340719e+02
-1.783840651169161333e+02
-1.994265681647607096e+02
-1.770074233921100699e+02
-1.254043400537689621e+02
-7.468458893751496817e+02
-7.989653592848729886e+02
-9.426575181332077591e+01
-8.427548204115137196e+02
-2.867654784831366896e+02
-4.230984813430881530e+01
-5.021580513565446608e+02
-1.427395978143042328e+02
3.458072419212215323e+02
1.783592836977204001e+02
1.071378711250355309e+03
1.135008620162852822e+03
8.162015436269889506e+02
7.171845230121597297e+02
8.199306169400799718e+02
6.104347931616588312e+02
4.350317263053196370e+02
9.644476701449988241e+02
8.477644214463894059e+02
8.111173703268468671e+02
9.132017053406771083e+02
7.906794237243302632e+02
1.317325276587505869e+03
1.198740488750560417e+03
8.603400043319647921e+02
1.011126586375049897e+03
1.167314660615532148e+03
1.583721293112895637e+03
1.951817177907309997e+02
1.506966322266716361e+03
1.709861585761087099e+03
2.929962712348587957e+02
2.004281875001635171e+01
1.528559054488525817e+03
3.338896094194682291e+02
1.729317665680857772e+03
1.344972218811446282e+03
1.404213048502971787e+03
4.871298259965902844e+02
5.872298086511568727e+02
1.302979203702966061e+03
1.084650960045642478e+03
1.664545634157454970e+03
6.472950215680846213e+02
1.238332131160427707e+03
6.160847935253942751e+02
1.737464550612363155e+03
-7.397015289596768071e+02
6.352979652059376576e+02
8.251140622872791255e+02
6.272056719323849165e+02
1.362251663130822635e+03
1.965420505630864341e+02
8.757207673925737481e+02
6.744429265829227234e+02
6.035181636969164174e+02
1.362167622889620361e+03
3.877201738758101328e+02
5.916229344135792871e+02
1.344898097477613646e+03
6.222113713107230524e+02
1.271495954246426891e+03
6.438157747029481470e+02
1.001010186482876748e+03
3.501758714208684751e+02
7.041310450077826317e+02
6.631623069767247216e+02
1.116049943049387593e+03
1.124312510580361277e+03
1.071655565843497016e+03
8.157905690228913045e+02
5.901714886966440190e+02
1.267452128370135597e+03
-9.797370020669660562e+02
1.117460251804574455e+03
1.230889007059534833e+03
-1.743827541058769270e+02
9.404213762501112797e+02
5.839989334589918144e+02
1.148627486048681476e+03
-7.743956770386300832e+02
-1.013431326553908093e+03
1.137964267308497256e+03
-8.516937491642549958e+02
-1.806638839018455883e+03
1.085637391638218332e+03
1.413834771856345469e+03
1.340776586445300836e+03
-1.402823552880241550e+03
1.399647028802061413e+03
1.323072672559518196e+03
1.318291755000994272e+03
8.920296219971277196e+02
1.353773241651712397e+03
1.075948792052989575e+03
1.318945076356976642e+03
1.038749619067752974e+03
1.364421289569465443e+03
1.266800904297222814e+03
1.185475365327514510e+03
1.072843332695004165e+03
1.292427554168707047e+03
1.157811036087011644e+03
1.055692176910826674e+03
9.716782931401919541e+02
1.085212044875379434e+03
1.187219060975542106e+03
1.067442438775212850e+03
1.172909988498922530e+03
5.834983764564710782e+02
7.459967503819804051e+02
8.791093454484436052e+02
7.697416954288927400e+02
1.280327245483130582e+03
1.099583851333681878e+03
1.312745224772018901e+03
1.175534329327730575e+03
1.088029265788559769e+03
1.082035677142107488e+03
1.148952780534603562e+03
1.309621665708938281e+03
1.116690866212736637e+03
1.058511361659434897e+03
1.351801978570210167e+03
1.436678740151296552e+03
1.673897519926017594e+03
1.438977978257939412e+03
1.810453659204560154e+03
2.042634897423319217e+03
1.038520294529652347e+03
1.623281067161984538e+03
1.295055798704152494e+03
1.054247880812785525e+03
1.055426980655975967e+03
9.307508834667918336e+02
7.211394115149298614e+02
7.456763893136119350e+02
8.893877552628816829e+02
1.172483019087498860e+03
1.017385045263838833e+03
1.074669720135265379e+03
1.083474622750652316e+03
1.279390317534710675e+03
1.174173512381960336e+03
1.247633375284471413e+03
1.149688489830169146e+03
7.696394178717921477e+02
1.023794336318434489e+03
8.514407830839228382e+02
7.627594169778496962e+02
9.766291071883352970e+02
9.224100619638087437e+02
8.688667752475982979e+02
8.487863699717548798e+02
8.122406278634368846e+02
8.915541606348017467e+02
7.299062038790725637e+02
9.088858664405794343e+02
8.423565173555923593e+02
7.392256772155232056e+02
9.377939435550522376e+02
1.023539012178201801e+03
9.261848068857706266e+02
8.786816311943019855e+02
9.009059554856224850e+02
6.710128440642241685e+02
1.008285456208031292e+03
7.346959642338140384e+02
1.053386880317687201e+03
9.055562640870407449e+02
1.015034338986816010e+03
9.599019978458770765e+02
8.440691411670024991e+02
9.536683144353419266e+02
1.070942978942642640e+03
1.057477133682011299e+03
9.991539674218478240e+02
1.111120267996766870e+03
1.002961075728069545e+03
1.029902446237760159e+03
9.603592629691315778e+02
9.782556723737934590e+02
1.008650975385925335e+03
1.001792804524615576e+03
1.099335756046249571e+03
1.056479632116921493e+03
1.182426623100604957e+03
9.589224153355864928e+02
1.153542186615027276e+03
1.174877693749210721e+03
1.038879991136417630e+03
1.250433342771956177e+03
1.159832984061707521e+03
1.139167166026369159e+03
1.009895775504710059e+03
1.227085326618599993e+03
1.231038579931934692e+03
1.051380768284326450e+03
1.095117160185766807e+03
1.266757607085293557e+03
1.168030768174105560e+03
1.216333122854706971e+03
1.264711781857497954e+03
9.675091948486291358e+02
1.253573779616518550e+03
1.170963547347859731e+03
1.131141339957274340e+03
9.498434770909004783e+02
1.274053824293927164e+03
1.146272664625016205e+03
1.039864763907066163e+03
1.201388906013165069e+03
1.108929600813848083e+03
1.051734714683306720e+03
1.199796851403344817e+03
1.348000383667515962e+03
1.112683864001266556e+03
1.221864921303405026e+03
1.097606807663834843e+03
1.297639191936538964e+03
1.070021342517079347e+03
1.024333090011135482e+03
1.136716079477992253e+03
9.417977204749450948e+02
1.034387805250960582e+03
1.146027527876811291e+03
1.161878877177459799e+03
9.352236267077859111e+02
9.820335418647198367e+02
1.085439085365413348e+03
1.073829303078809744e+03
1.279521935698050129e+03
1.216353097459446872e+03
1.004639166681511938e+03
1.034404395621682852e+03
1.163829431871063207e+03
1.143848812179494871e+03
1.221455253452899569e+03
1.140146334934040169e+03
9.828958460969596445e+02
9.826581449543975850e+02
1.152273730740420433e+03
1.027502828442450891e+03
1.362133522727669742e+03
1.185941246375394257e+03
1.476136627352250343e+03
1.357417220638003755e+03
1.267178041612575726e+03
1.228725502226409162e+03
1.167005816965781605e+03
1.238865541962823727e+03
1.104550591248480259e+03
1.422853707307081777e+03
1.326142382857077564e+03
1.210297663889949490e+03
1.317142504913643734e+03
1.296903184968588675e+03
1.072533406880132816e+03
1.155765695973516586e+03
1.398600595116871546e+03
1.020918116632399347e+03
1.012043289081081411e+03
1.371165173048503220e+03
1.105212740443154644e+03
1.376112279217502191e+03
1.237737472562063431e+03
1.009670824843545574e+03
1.270682201281081461e+03
1.139947386112216691e+03
1.223562284881101277e+03
1.199224015611214782e+03
1.023835490540037995e+03
1.107520122067905731e+03
1.409527377050152609e+03
1.239182603955936884e+03
1.264496091082949079e+03
1.192199991422378844e+03
6.045348866019010075e+02
1.094746991957248156e+03
1.389623992080576727e+03
1.060534127717888850e+03
1.114060104515719786e+03
1.026462062401967387e+03
1.409298258172907936e+03
1.210600304438608191e+03
1.122580417255571774e+03
1.173582313998471818e+03
1.253388278126019031e+03
1.130865161864512856e+03
1.215655997132713082e+03
1.087112520252089553e+03
1.151945354893040530e+03
1.069327694932793065e+03
1.145069394116838112e+03
1.093410120519987231e+03
7.800832597139273048e+02
1.115724809609826707e+03
9.210051689771892143e+02
8.688710147957712024e+02
1.070739037627482503e+03
1.108279657997444474e+03
1.039556484214864668e+03
9.713795421095921938e+02
9.254393719470333508e+02
1.100049403001772589e+03
1.146278700791769097e+03
1.089794786886927795e+03
1.143015056914357956e+03
1.374934578582917311e+03
1.393497305363625401e+03
1.472796817051209928e+03
1.370509283358492212e+03
9.817814100146957799e+02
1.239716722910669887e+03
1.068463492456083713e+03
1.067294783118843952e+03
9.976883709545810461e+02
9.791536470269093115e+02
1.309620705263460422e+03
1.227042668615770708e+03
1.227407635951316479e+03
1.351912719107474686e+03
1.471936914007312680e+03
1.439546116066128889e+03
1.321521240215994112e+03
1.261400472060494621e+03
1.351095014845414880e+03
1.466898379150375376e+03
1.505589207748529134e+03
1.408572999100351581e+03
1.386254563545154951e+03
1.322265921249356097e+03
1.413356713284097395e+03
1.425700988081961896e+03
1.401773009170736941e+03
1.399518435317432477e+03
1.469080853790964738e+03
1.569947921454555399e+03
-7.840727666645079807e+01
1.358150850183340253e+03
1.293318726834581639e+03
1.338780750409021493e+03
1.376850261850003335e+03
1.293647099607406290e+03
1.378217877529871430e+03
1.422183866989473017e+03
1.344317870726612909e+03
1.602140378988979819e+03
1.393301126044410239e+03
1.276125942099470194e+03
1.370129227942433772e+03
1.201290899335004724e+03
1.078843858743948658e+03
1.066280052609911763e+03
1.044278293800738084e+03
1.195611467094066256e+03
1.319428357366538421e+03
1.123420449442862719e+03
9.148153359674181502e+02
1.161516642719574520e+03
1.015434685521415417e+03
1.260992784920716531e+03
1.212147138538022546e+03
1.097666197244270961e+03
1.119310020421120953e+03
1.168703610106096448e+03
1.037195351203037262e+03
1.259699980924303418e+03
9.898720705989509270e+02
1.299871536781342002e+03
1.221650982213972611e+03
1.164504538160374523e+03
1.155121598842031290e+03
1.175811050503317347e+03
1.044821233495702018e+03
1.721283707534515543e+03
1.585343103903358497e+03
1.158861841775507401e+03
1.582692729921660884e+03
1.572242698692226440e+03
1.217002752403151135e+03
1.586770512318177680e+03
1.475768539469105235e+03
1.740401135058529917e+03
1.796177244386098664e+03
1.541374752994729533e+03
1.702918472956885580e+03
1.764866542054631736e+03
1.903729331683832697e+03
1.742344640593842541e+03
1.661882802137693261e+03
1.713510345121199634e+03
1.541002919795762864e+03
1.790344080233785917e+03
1.537684226229229580e+03
1.774179055039891864e+03
2.110416569047468727e+01
1.675482054056855759e+03
1.627705019134624308e+03
1.593823637886372808e+03
1.601006089860915154e+03
1.596842437829219989e+03
1.147250725269389022e+03
1.276794169517088676e+03
1.455298535154910496e+03
8.497328596337388262e+02
1.453470257120570977e+03
1.460334785868959898e+03
1.113444988216331012e+03
1.256112507922151053e+03
1.424821591794065625e+03
1.479593218313316811e+03
1.156261947571941619e+03
8.386307477084895936e+02
1.283996573713303633e+03
1.208177626198846383e+03
1.379338030110662203e+03
1.392057362892194760e+03
1.219267324168697769e+03
1.239265974784320406e+03
1.334888705630312188e+03
1.502012376876944472e+03
1.494969250730454860e+03
1.430460171946220498e+03
1.387879635581295361e+03
1.336586182397441235e+03
1.389636732395140598e+03
1.264393113981589977e+03
1.395649473217145669e+03
1.365555745343156559e+03
1.295995012735895898e+03
1.369556656629869394e+03
1.319947888029727892e+03
1.181141675364913908e+03
1.245071659441734482e+03
1.439853872113104671e+03
1.234536160009447258e+03
1.376036778572779440e+03
1.337584726200042269e+03
1.441309196664672072e+03
1.496554098203747799e+03
1.426878273889353522e+03
1.336011553087435004e+03
1.367187134030201150e+03
1.613319368268721746e+03
1.442306072552007663e+03
1.613023880212370841e+03
1.402890901352046740e+03
1.352993330388326058e+03
1.435597314166454680e+03
1.451808828722800854e+03
1.604173157760146751e+03
1.417365950428795486e+03
1.495156522425013009e+03
1.417483856059752270e+03
1.612393024986972478e+03
1.159247031563854080e+03
1.341206259449288837e+03
1.461291835398724970e+03
1.524005391169323275e+03
1.336018291653447932e+03
1.331474786069218908e+03
1.356752911690859946e+03
1.380775875915611550e+03
1.316300118019540378e+03
1.526056111592119805e+03
1.526881853561209255e+03
1.245111323633666643e+03
1.510600015378935041e+03
1.514658661676402062e+03
1.570704680699948085e+03
1.554008853014099714e+03
1.559270254805555851e+03
1.354411362509527862e+03
1.687745063277504869e+03
1.563329517598639313e+03
1.432139571831040485e+03
1.558750509758883027e+03
1.498761139967643430e+03
1.556970931736924513e+03
1.564171848191605250e+03
1.550383197490684779e+03
1.494579283562229193e+03
1.446553584346136859e+03
1.535171594863881182e+03
1.515739469420634350e+03
1.500250647907727398e+03
1.554910585071920195e+03
1.524991864913979043e+03
1.609202697083503153e+03
1.682022210726282538e+03
1.654508680456941420e+03
1.577188778120907500e+03
1.520009613410223210e+03
1.620650864764801327e+03
1.338380695063370467e+03
1.469125589934634490e+03
1.561524144331247044e+03
1.768740864165254607e+03
1.628686073863563024e+03
1.631986344246404997e+03
8.848324755693818133e+01
1.730492318028064346e+03
1.478463324368717622e+03
1.621271966158595205e+03
1.323420730059217476e+03
1.188856677248934147e+03
1.509610210553256366e+03
1.379337229057214699e+03
1.631693569237416796e+03
1.294573439137745254e+03
1.585832924554090141e+03
-1.206886829903637590e+03
-9.825753887782335596e+02
-2.342196766901863157e+03
1.613298109843067778e+03
1.634387116596361921e+03
-1.511855171506917259e+03
1.401603203058258487e+03
1.080504287295222412e+03
1.308559086089258926e+03
1.534690302721089665e+03
1.616745485754381207e+03
1.991996548411397725e+03
2.263600809004577059e+03
1.807166928857254334e+03
1.975372583108825893e+03
1.380608289150039582e+03
2.139740748379568231e+03
2.098767340432971650e+03
1.977294003960771988e+03
1.596291800169855605e+03
1.765072013109004047e+03
1.229568448974831426e+03
1.555598767701557335e+03
1.479064265414340525e+03
1.510980112746091891e+03
1.488569970573205637e+03
1.298705977109155356e+03
1.356483676067499118e+03
1.237397318087688518e+03
1.785522038407810896e+03
1.393021525424705487e+03
1.486275948830304969e+03
1.606117114446326241e+03
1.489687656297492595e+03
1.578032684433057966e+03
1.406357143830686482e+03
1.529560878851072630e+03
1.340216711679811851e+03
1.666582488881136214e+03
1.493890815240163420e+03
1.361210708227570876e+03
1.515147901914088152e+03
1.474641792302440081e+03
1.479421764583863705e+03
1.653699199044566967e+03
1.621207024142777982e+03
1.605559360982467069e+03
1.408652825854887396e+03
1.492958897959761089e+03
1.565432194357187655e+03
1.500943992718602658e+03
1.567070091266886493e+03
1.638025250875884467e+03
1.588961821374139618e+03
1.601036556592348916e+03
1.482764724484520684e+03
1.559838220178894517e+03
1.696258130835673001e+03
1.510812076888219963e+03
1.652548979009878167e+03
1.455130972417811563e+03
1.449341047365580152e+03
1.588536216983068925e+03
1.476387488497772665e+03
1.579515460081473520e+03
1.591663640648176624e+03
1.716385886460631355e+03
1.533208089736305737e+03
1.533001797739200128e+03
1.232746872158764290e+03
1.467771139880903775e+03
1.623377913503868058e+03
1.271958972122246678e+03
1.459786965495518643e+03
1.499852978279919625e+03
1.492329599279549484e+03
1.143247338620626579e+03
1.465428365221099057e+03
1.565133963997948285e+03
1.411540243960213502e+03
1.615248983752025197e+03
1.538069324300730386e+03
1.442635713128098587e+03
1.480882231149388872e+03
1.391056894420963545e+03
1.457446094892650308e+03
1.493503558764750323e+03
1.533402031284751047e+03
1.666058079283216102e+03
1.666007539569477103e+03
1.700650450508026097e+03
1.530054221272629547e+03
1.655702100718703832e+03
1.508226672992324211e+03
1.691281345685541055e+03
1.586320435950401134e+03
1.494016319981703418e+03
1.500590456925702711e+03
1.429352597686547597e+03
1.485438015418769737e+03
1.515152088039737237e+03
1.384329962599518694e+03
1.557324250145637052e+03
6.093963602824601367e+02
1.654341197123530719e+03
1.617663454178287793e+03
1.432069581884094760e+03
1.700091887967154207e+03
1.468461543755233379e+03
1.502781573409194152e+03
1.385976423024939777e+03
9.017932168603088030e+02
1.289398038538157834e+03
1.400869548638238257e+03
1.464850551792802435e+03
1.499482689932028507e+03
1.351480935739618872e+03
1.346464935411951501e+03
1.416354748296460230e+03
1.421015348585558513e+03
1.536847626925693930e+03
1.403345960548180756e+03
1.474069137525125370e+03
1.562313118635679984e+03
1.656459983226962322e+03
1.551902829169975803e+03
1.479545047920319348e+03
1.453155100109682962e+03
1.455528898547155450e+03
1.500092560007369229e+03
1.676490795447292385e+03
1.458014867069221282e+03
1.553943213722059454e+03
1.510873925678307614e+03
1.602663433666156607e+03
1.833046273516136353e+03
-1.069300437531875104e+03
1.597101488269471247e+03
1.624467623157149319e+03
1.560797776855083384e+03
-8.185752891404612228e+02
1.566877052942177215e+03
1.644510253252171196e+03
1.634401682302293011e+03
1.741644094805676559e+03
1.652135097548053636e+03
-8.218418676883637772e+02
1.545216752384711071e+03
1.623520718661519140e+03
1.357854922380346125e+03
-8.710362121178347934e+02
-7.643906580654142999e+02
1.483460824121436417e+03
1.624517879363562997e+03
1.413674149531460671e+03
1.453742991078102023e+03
1.596765469589112399e+03
1.435039543437103021e+03
1.490018904679820935e+03
1.531826424847088447e+03
1.519671137445870500e+03
1.518875175487718479e+03
1.568349403259032442e+03
1.571915615250609108e+03
1.462288728504930305e+03
1.519558403718406908e+03
1.622733277511933011e+03
1.719488487177701700e+03
1.663578298837631337e+03
1.466757691538472727e+03
1.552135306528623460e+03
1.530308313702824989e+03
1.550823821613282462e+03
1.383874586103403090e+03
1.388383356079750911e+03
1.691701093724254179e+03
1.587156533404945094e+03
1.290117227200447132e+03
1.523454994381213055e+03
1.565464904356829948e+03
1.482057583128989108e+03
1.443772858855782715e+03
1.331523319503865650e+03
1.449816060703600215e+03
1.355617830942841920e+03
1.513437027544729972e+03
1.416893910905315579e+03
1.434250162581171026e+03
1.614587134323011469e+03
1.476042742533086312e+03
1.512165068194170317e+03
1.457321347258857259e+03
1.338461116527899321e+03
1.430047796860916606e+03
1.364553242284545604e+03
1.578865871206313841e+03
1.503885933303123920e+03
1.549223955666327129e+03
1.559031367193730603e+03
1.611543358339788028e+03
1.683008148642213428e+03
1.525631991343902882e+03
1.592871215845346796e+03
1.569445516884866265e+03
1.522598776846942656e+03
1.705130259129963406e+03
1.525772130444122013e+03
1.480642149201044049e+03
1.471627546651399598e+03
1.509469141087826983e+03
1.569452810544311433e+03
1.521415207691739624e+03
1.609729346404707940e+03
1.568651245504333929e+03
1.409637414993058201e+03
1.671022372017616817e+03
1.652315074306769247e+03
1.555195244240642523e+03
1.498061987831665192e+03
1.429076761481687299e+03
1.591126575683279498e+03
1.572120345640742016e+03
1.536863080536151529e+03
1.498269678960146166e+03
1.442522572007578219e+03
1.694669139589067527e+03
1.468062757651276115e+03
1.434436620489167353e+03
1.447673250309472678e+03
1.458020452992300534e+03
1.360159724118328540e+03
1.555858856430965716e+03
1.526730639901309814e+03
1.527896224401552672e+03
1.636846350349369686e+03
1.418823905438784095e+03
1.412790872567433325e+03
1.765067213225743672e+03
1.511461538238320827e+03
1.621696828070610081e+03
1.615004617440316224e+03
1.560231620310735934e+03
1.562295016474635531e+03
1.640836760736751557e+03
1.571108451532370736e+03
1.496260295134879016e+03
1.516441265131814362e+03
1.600758626490884126e+03
1.653536840417068561e+03
1.597048054111658985e+03
1.430676970261215274e+03
1.535211593706224448e+03
1.681555637834558183e+03
1.557892600631892037e+03
1.677640634595232768e+03
1.555724233236249802e+03
1.649672719242497351e+03
1.760119515179546852e+03
1.781331502615676982e+03
1.830427953085229547e+03
1.723825568737596768e+03
1.770835689056682895e+03
1.707781420190883409e+03
1.777137962561980203e+03
1.732381170796415063e+03
1.647263587743342441e+03
1.736912455780772461e+03
1.518449668176131809e+03
1.748044873829715470e+03
1.616277299619642235e+03
1.646275052987623894e+03
1.777934388164731217e+03
1.707890131622319132e+03
1.745107870037075827e+03
1.798233545349559336e+03
1.714711555927534619e+03
1.810273064824021731e+03
1.700559767175985598e+03
1.729659592548696082e+03
1.581305267451435611e+03
1.759295300935583327e+03
1.779511084616148082e+03
1.799308111715214181e+03
1.736190831559727940e+03
1.602879415748770498e+03
1.751409065466551738e+03
1.724922389237334301e+03
1.628031695591566631e+03
1.753196535126359322e+03
1.568833789631289847e+03
1.572856430213739486e+03
1.838372551922424918e+03
1.627606577678815256e+03
1.692778730127405424e+03
1.581301077290880812e+03
1.557961533859571773e+03
1.552706084481045536e+03
1.546016131485257574e+03
1.519743558088807731e+03
1.739629804148051335e+03
1.465799542676053989e+03
1.555286158983892847e+03
1.407051894947078836e+03
1.583031378755292963e+03
1.383410629993889870e+03
1.410613654109233721e+03
1.291176536569874543e+03
1.424469178953624350e+03
1.551694714579218044e+03
1.412753317628006243e+03
1.494534968982341525e+03
1.272117767075528036e+03
1.388113520699376295e+03
1.420774762360136037e+03
1.454037014319440004e+03
1.439675385743841389e+03
1.460965085820394734e+03
1.565580903235845653e+03
1.416774739691019477e+03
1.471370746847842156e+03
1.442250948279318663e+03
1.631360146772816961e+03
1.414912507736925136e+03
1.352760006369551547e+03
1.626485534266751756e+03
1.624227202602064608e+03
1.617307554915282935e+03
1.542014614992812312e+03
1.557891406956119226e+03
1.681690397046351109e+03
1.409046722763435355e+03
1.540034459852311556e+03
1.519006412904945591e+03
1.648771715055471304e+03
1.510269145523216821e+03
1.472820523346662640e+03
1.675823681744220494e+03
1.590787130527945237e+03
1.573639629116674769e+03
1.573369454249128694e+03
1.540053040066473159e+03
1.690152933648159433e+03
1.575272644607755410e+03
1.534237328801602644e+03
1.450880408433871025e+03
1.576187375628754580e+03
1.593107667467504143e+03
1.587575874285088275e+03
1.685203563606990883e+03
1.567408280629785168e+03
1.464100067949400000e+03
1.392311027519669551e+03
1.401941358388118033e+03
1.449594960224477745e+03
1.613548472136532610e+03
1.554867550325252523e+03
1.512795217435775157e+03
1.577121970597032941e+03
1.473316285332756024e+03
1.517897537332867614e+03
1.620597640984335840e+03
1.372191581025435880e+03
1.634042343958572246e+03
1.652388762117927627e+03
1.600529366529754725e+03
1.597324477892730556e+03
1.694234128807570414e+03
1.611032796414146105e+03
1.425147857379067318e+03
1.516229494872297892e+03
1.567428161999682288e+03
1.396863547945005166e+03
1.548240218375117365e+03
1.529269399266543132e+03
1.383861512341736670e+03
1.616412540767301834e+03
1.339163089866363407e+03
1.441585168645822250e+03
1.596503558200897032e+03
1.567189136549819068e+03
1.437136763475234829e+03
1.530901827576842834e+03
1.712737784296882637e+03
1.621149104639187044e+03
1.528756578113878732e+03
1.447417234654546291e+03
1.526429513897192919e+03
1.652149465713780046e+03
1.656917130602992984e+03
1.479080926910524340e+03
1.624512742982996997e+03
1.433822613846998820e+03
1.491103797722754052e+03
1.454484572542120986e+03
1.433670271716404841e+03
1.404395961640583664e+03
1.461422533864505340e+03
1.547320014497513284e+03
1.501849786067117293e+03
1.480092582990830579e+03
1.372563359435391931e+03
1.520647787626870013e+03
1.666807168942365024e+03
1.545952689178132687e+03
1.455923124490587497e+03
1.530668064341570471e+03
1.550151288281559573e+03
1.435088187284377227e+03
1.593925466107954207e+03
1.264262658718086868e+03
1.492843766665514522e+03
1.500671962811285312e+03
1.302392360964829322e+03
1.396786639518317088e+03
1.404179653818085171e+03
1.605180588454740473e+03
1.400816929090270150e+03
1.511263151004023712e+03
1.383680381737677635e+03
1.547353989165061876e+03
1.265188847602546502e+03
1.543750531292679625e+03
1.563550486755593283e+03
1.444560684526084515e+03
1.321736627742835935e+03
1.522630846783660218e+03
1.403801590738341247e+03
1.407290575973700697e+03
1.474850076114695412e+03
1.504472973465850373e+03
1.437920255632346425e+03
1.545564385542745185e+03
1.434383331310531048e+03
1.670829785162044118e+03
1.592722461443479006e+03
1.434413477670380644e+03
1.391185149326758847e+03
1.385627317303180462e+03
1.362321474805878324e+03
1.605968757701973118e+03
1.536379893001014807e+03
1.455631896497328626e+03
1.597164445197557598e+03
1.525070267262224206e+03
1.669007330034779443e+03
1.572039985845533238e+03
1.444008092578421156e+03
1.582651024414084532e+03
1.420435555800034535e+03
1.515436242066628438e+03
1.640201022169829002e+03
1.728152286769651937e+03
1.679858608074859603e+03
1.399075065790412509e+03
1.483524986191825519e+03
1.609675148799818089e+03
1.560149799233982094e+03
1.429469538467744314e+03
1.525853478751769899e+03
1.567069197774364739e+03
1.517122330950041714e+03
1.496108015761029037e+03
1.572550216826064343e+03
1.434158746435581861e+03
1.467878533272170216e+03
1.464493570529930821e+03
1.342294400746841802e+03
1.603606293739043167e+03
1.587024028796645325e+03
1.638074516796918942e+03
1.606228790501374078e+03
1.477601704125494280e+03
1.710421803568087398e+03
1.641432241517969487e+03
1.549757661305455713e+03
1.313271744789973582e+03
1.439829737533097841e+03
1.483844143349122078e+03
1.441523377001846256e+03
1.521444073865972314e+03
1.505376132476287466e+03
1.481900893803651343e+03
1.740428979011087449e+03
1.503680181145179404e+03
1.459160211917592733e+03
1.482228560774399284e+03
1.459640921698900002e+03
1.366608115206831826e+03
1.653883820612831414e+03
1.459688668774041616e+03
1.594868008572851522e+03
1.546858174446678504e+03
1.479449612397789679e+03
1.509787129275132429e+03
1.624173980812883428e+03
1.576537085024828002e+03
1.733841054859205997e+03
1.491450660960543701e+03
1.552486379385638429e+03
1.485811150079371828e+03
1.718587649281136237e+03
1.541918171822290560e+03
1.781270178069602935e+03
1.568528962057862373e+03
1.658419352390133099e+03
1.435916027158376210e+03
1.456955147134002345e+03
1.545272492841954545e+03
1.476710452632508805e+03
1.549784258869123960e+03
1.509172901107084499e+03
1.585643827729673831e+03
1.528608377933525844e+03
1.682489745607613486e+03
1.588510660362660929e+03
1.668506759669989606e+03
1.593384941364132374e+03
1.547094024312959164e+03
1.528224723065690341e+03
1.429785283159717892e+03
1.517404683173054082e+03
1.399591218156170953e+03
1.486657897272902801e+03
1.533655562084416715e+03
1.707190308798988553e+03
1.610951744670772996e+03
1.431842140174974929e+03
1.128865493542797822e+03
1.489179157243956070e+03
1.568803322507489838e+03
1.513509808753381549e+03
1.615244893897841393e+03
1.342997534911518869e+03
1.658106957433370098e+03
1.270703299401395043e+03
1.497693149165627574e+03
1.393210862261489865e+03
1.557381729454555398e+03
1.566191878639874631e+03
1.430938252601913746e+03
1.524838916797979437e+03
1.364827851903150986e+03
1.568932527274832182e+03
1.716202363376506355e+03
1.634272345099021095e+03
1.565249610314022675e+03
1.488235894460087366e+03
1.401873700043498047e+03
1.449232703069702893e+03
5.806956033874388368e+02
1.669461106929711377e+03
1.574456963594592935e+03
-5.118662229380159374e+02
1.408042409061954459e+03
1.619146215569907326e+03
1.577350832943143132e+03
1.482771923520947439e+03
1.678369889911465407e+03
1.808898390272214328e+03
1.527480741770828672e+03
1.822545024086986814e+03
1.638935211879264898e+03
1.642420591327918828e+03
1.708377884976752966e+03
1.551003421159420213e+03
1.544278197762790569e+03
1.559841219725969040e+03
1.412215687976343361e+03
1.832363583246788266e+03
1.583829458106038146e+03
1.560197330095111283e+03
1.763013284610560277e+03
1.454377919839088463e+03
1.602662359389358926e+03
1.749189989350538099e+03
1.598113270412447264e+03
1.633299196869846128e+03
1.520701819064031724e+03
1.510419962250136450e+03
1.473063327960092010e+03
1.637109679123938804e+03
1.634947754864798299e+03
1.525033097076234753e+03
1.700546884600871181e+03
1.602041800235194842e+03
1.841632991091668828e+03
1.754111095707817867e+03
1.599158950880468637e+03
1.814742779996603531e+03
1.388523669276747796e+03
1.711638773405634083e+03
1.785508570400343615e+03
1.562803314731754199e+03
1.627948221892072979e+03
1.758952608987142185e+03
1.851869190457400236e+03
1.682525506006070145e+03
1.576389019989897406e+03
1.635968413716556370e+03
1.489265090822973661e+03
1.577463631784360587e+03
1.814445841748114162e+03
1.658564995354357961e+03
1.697566965159408255e+03
1.744673434960694067e+03
1.668109311377017548e+03
1.485622566011704976e+03
1.702689230301359203e+03
1.663996308478107494e+03
1.743373321973110478e+03
1.699296987081891984e+03
1.674313946093787308e+03
1.601118749640368378e+03
1.783670302331277753e+03
1.607710917697943387e+03
1.718719896883346792e+03
1.684341935049916628e+03
1.500433616325606636e+03
1.622740094441570363e+03
1.695143399308042262e+03
1.615416635155381300e+03
1.517167781139289218e+03
1.551393819761184432e+03
1.579534776741739279e+03
1.639281756026113499e+03
1.508909065504662976e+03
1.661519507508115112e+03
1.614368776005801010e+03
1.616824703199748683e+03
1.497270160969548215e+03
1.601468751264749699e+03
1.681510718684252424e+03
1.493669124379154482e+03
1.630752928760723535e+03
1.673321254234643220e+03
1.482021721000696289e+03
1.603663017377251208e+03
1.543220619247484819e+03
1.558718265405426791e+03
1.626398370909370442e+03
1.645202551519186272e+03
1.404383764334933630e+03
1.645524083624578907e+03
1.647561244519258253e+03
1.560488400843101317e+03
1.751460214389352586e+03
1.691044374014508776e+03
1.844275085672307796e+03
1.623104657259566466e+03
1.746644881583538790e+03
1.850023596322096182e+03
1.667138033062303748e+03
1.852119074940460905e+03
1.824358353933518629e+03
1.745120874531839263e+03
1.814601080794424433e+03
1.744488267067174093e+03
1.651907712538166606e+03
1.619547846456428942e+03
1.766921353539170468e+03
1.798597240312245731e+03
1.756500827826366049e+03
1.712974294460683723e+03
1.671895660218923013e+03
1.663171191973149007e+03
1.671494035784703556e+03
1.668650221719223737e+03
1.731763877106257951e+03
1.739373124375540556e+03
1.615911778345186804e+03
1.611078887651870446e+03
1.767181310933776786e+03
1.733780996979244264e+03
1.913832060968756196e+03
1.702166306357153417e+03
1.610807440112460426e+03
1.620384083099683494e+03
1.748507111263214938e+03
1.464646044429152425e+03
1.777740218731056302e+03
1.761746437607193457e+03
1.613052682904615267e+03
1.559377458585234990e+03
1.763433730885374644e+03
1.507614908432986567e+03
1.765633637838107234e+03
1.556721804148849969e+03
1.642260451572425836e+03
1.642747776742364749e+03
1.547375740493667081e+03
1.604024560667637616e+03
1.521882569422951519e+03
1.633051911721858687e+03
1.563887293326813051e+03
1.460279898262862389e+03
1.544232689348103349e+03
1.741953712011367315e+03
1.453708021968969433e+03
1.464215857236198872e+03
1.482780192148974038e+03
1.474708855416845836e+03
1.697881815455571541e+03
1.543340728536668394e+03
1.526738271871266079e+03
1.648190651176688334e+03
1.470130419079941021e+03
1.578731910385830815e+03
1.581574278987524394e+03
1.447622357556332645e+03
1.570594154533498113e+03
1.630236848098748169e+03
1.400309528438211828e+03
1.608083454331939265e+03
1.515213747845180933e+03
1.434159707769032366e+03
1.516448704702992700e+03
1.430163562483236319e+03
1.664433705989958526e+03
1.514224412457712788e+03
1.612636447170459633e+03
1.516266040988552277e+03
1.423490998803690445e+03
1.652837815166503333e+03
1.500144361553305316e+03
1.505608067465130944e+03
1.634559145045052901e+03
1.641997373487350160e+03
1.657665761495839888e+03
1.670550211552436167e+03
1.582618441464113857e+03
1.483183177693001880e+03
1.569372489444850544e+03
1.437754285392096335e+03
1.562083184201656650e+03
1.575572976909133331e+03
1.674872628219465014e+03
1.579897410850461029e+03
1.488809830965427864e+03
1.595618476656632993e+03
1.555195453645222187e+03
1.381605543136817460e+03
1.552023063384436909e+03
1.503950821077088904e+03
1.383181551578689550e+03
1.523037999261683353e+03
1.670156163662427389e+03
1.487242431742338795e+03
1.441621567886940966e+03
1.547604606510433314e+03
1.515280952572017213e+03
1.609853530721512243e+03
1.615136348795553886e+03
1.445921905121344935e+03
1.572327766657331949e+03
1.630148663809096888e+03
1.559536567220247662e+03
1.596960464448280845e+03
1.532941087377988879e+03
1.492290563284431528e+03
1.743171938194788027e+03
1.519805009564937336e+03
1.550131937392896361e+03
1.304888454832041589e+03
1.447294432493103841e+03
1.474987266170763178e+03
1.523121270290082066e+03
1.412194701461962040e+03
1.463047586056982254e+03
1.504753152330721377e+03
1.569859632586129010e+03
1.713399813063366310e+03
1.543624613061543641e+03
1.379174725870478824e+03
1.415452926716279535e+03
1.556120311470555635e+03
1.459922767086822887e+03
1.291160186567361279e+03
1.212882286890830756e+03
1.514296377830086385e+03
1.305968142077615312e+03
1.571781980293800189e+03
1.511668709535562812e+03
1.465519365174722680e+03
1.446811036533800234e+03
1.440574003958028243e+03
1.234388522909468065e+03
1.344286722894285276e+03
1.286959766140178090e+03
1.551297098095188176e+03
1.380682415346539756e+03
1.404079186410813691e+03
1.437549268536617546e+03
1.451771321701220131e+03
1.274516590215983115e+03
1.361605081021061096e+03
1.445490404756619228e+03
1.483532298987879813e+03
1.427468708369731758e+03
1.234303358568379508e+03
1.557650417930784897e+03
1.193441709585790022e+03
1.396196449126909556e+03
1.494474938903394332e+03
1.242195163355091154e+03
1.425794928233104201e+03
1.345777595089860370e+03
1.480294052114986243e+03
1.430614412044782966e+03
1.389239884687326821e+03
1.492552341792136531e+03
1.273472781941890844e+03
1.618694970695594520e+03
1.501857675690276665e+03
1.561978991706315355e+03
1.395145550580658437e+03
1.454261380688345071e+03
1.558410056045677720e+03
1.409278753361129702e+03
1.385554629803501484e+03
1.304304384097521961e+03
1.460589031230487990e+03
1.572908510815863337e+03
1.521670218256126418e+03
1.439381719741696088e+03
1.286089021258399725e+03
1.480333881725440051e+03
1.454558052029204873e+03
1.555469345523127231e+03
1.445461236355928349e+03
1.605769119374199363e+03
1.473317817628099874e+03
1.491158808867066682e+03
1.566017624493954145e+03
1.550552208916714335e+03
1.651043504165290415e+03
1.525324131080875532e+03
1.647114181903747976e+03
1.546906523730105619e+03
1.404639842267068389e+03
1.473278112980424567e+03
1.327851097821359872e+03
1.431586382284010142e+03
1.416237817193426963e+03
1.426812146764254067e+03
1.488811276775626993e+03
1.256681451028840002e+03
1.470966379493609338e+03
1.439444541232083338e+03
1.505485793932970410e+03
1.423084223860876136e+03
1.537741668737535065e+03
1.424348868973036360e+03
1.432440353456359617e+03
1.316634606813536948e+03
1.398434546064325104e+03
1.433478896279010769e+03
1.379492728755981489e+03
1.352648326647614113e+03
1.532916945555332404e+03
1.227237767860392978e+03
1.476142419170205358e+03
1.389408929012819954e+03
1.425137840495460750e+03
1.221180498826337725e+03
1.427499896118792549e+03
1.368359896449772123e+03
1.412795162682293267e+03
1.289976139803105070e+03
1.314293353250259315e+03
1.286977648711155553e+03
1.327606642736581307e+03
1.429949372566002467e+03
1.312418771349674444e+03
1.340242282654053270e+03
1.434667246620012065e+03
1.366763537056760924e+03
1.456827333267374570e+03
1.498144083994121047e+03
1.361787256796251086e+03
1.338438148743950705e+03
1.464031335303101741e+03
1.465512682172226050e+03
1.474085262664639004e+03
1.410515891367688482e+03
1.424658828400074299e+03
-9.316655567820105261e+02
1.723111921135871853e+03
1.661122198176922893e+03
1.481756748937962129e+03
1.474183225537295812e+03
1.521975961561776785e+03
1.467983020268846758e+03
1.423204769687482440e+03
1.524769189404196823e+03
1.608059548078952275e+03
1.550069305169049585e+03
1.681083819193132967e+03
1.501007147053537437e+03
1.404378484017162009e+03
1.297839377622524125e+03
1.461955925298433385e+03
1.658296649308145334e+03
1.364674034103013582e+03
1.620504135081421055e+03
1.474860230315558510e+03
1.534459541177218853e+03
1.489196009468907732e+03
1.426631296352622940e+03
1.408628142610499935e+03
1.413895124490088392e+03
1.502858649464838891e+03
1.403002681459311816e+03
1.440061466410907542e+03
1.503227848821223688e+03
1.413264205403651886e+03
1.604148897280753090e+03
1.501491740393374357e+03
1.484855241382280383e+03
1.456931543055791053e+03
1.405986235526638666e+03
1.456603343572352060e+03
1.349706212996905833e+03
1.421501639989274736e+03
1.525267338895513376e+03
1.528510872315852566e+03
1.567605796307584569e+03
1.380812032000475028e+03
1.377324536289132539e+03
1.502143065144783122e+03
1.486491684807730053e+03
1.552967311005749934e+03
1.368243430850074219e+03
1.349081000980691215e+03
1.478809408523646653e+03
1.463540197312210921e+03
1.384329139766952949e+03
1.623567739548339887e+03
1.488030222619603364e+03
1.363655642795678659e+03
1.477340864793972969e+03
1.394244925208413861e+03
1.349346582177338632e+03
1.532428210600414786e+03
1.601874315341548481e+03
1.581083651651279069e+03
1.556881697950940406e+03
1.464762623628803112e+03
1.603641506897067529e+03
1.487821625180552701e+03
1.472719533534887205e+03
1.519529234442386723e+03
1.324123546718672742e+03
1.630430174617722514e+03
1.747559972887868526e+03
1.499454854037044015e+03
1.937031900021211641e+03
1.441692174587954014e+03
1.461950923659081354e+03
1.780878700469444311e+03
1.524806929977434265e+03
1.707919456976668471e+03
1.590992849506964603e+03
1.643857473282781029e+03
1.440279662338410617e+03
1.529272058894297516e+03
1.603495976631953454e+03
1.499454423898911500e+03
1.440693672860188826e+03
1.463460956702581370e+03
1.498630479681896986e+03
1.509475919021265099e+03
1.411036676372503962e+03
1.369249355285651745e+03
1.512072257824142525e+03
1.500476825404007968e+03
1.383394269367832294e+03
1.377537677772159441e+03
1.529674439860713846e+03
1.325239490141747865e+03
1.423394982513646028e+03
1.323752873336542052e+03
1.314094692399914948e+03
1.599300418204749349e+03
1.422534956604987428e+03
1.568050387202031743e+03
1.315100089143769992e+03
1.507879146548755443e+03
1.479966172598919684e+03
1.512504429336864632e+03
1.394856475934579521e+03
1.529467075804573597e+03
1.270738309888016602e+03
1.384097092988678924e+03
1.457356585488147402e+03
1.483191424457884750e+03
1.536467756227774316e+03
1.403663056503288317e+03
1.361179544381867345e+03
1.277241603708596131e+03
1.382108870929880595e+03
1.475824123593196873e+03
1.573577954609634162e+03
1.462191377517356159e+03
1.498101534133803170e+03
1.568516476010377573e+03
1.673405960987574645e+03
1.497844676136853195e+03
1.616708140901766910e+03
1.388677252742967767e+03
1.423986766061135086e+03
1.688574691176190299e+03
1.587003378149393029e+03
1.422279562628360964e+03
1.520167975748457138e+03
1.653964688117188416e+03
1.468636108328958926e+03
1.586329079217322942e+03
1.607708764748691920e+03
1.460246893609490144e+03
1.555724995903961371e+03
1.559299172343819009e+03
1.555512423452915073e+03
1.429424660913725120e+03
1.479875413120180838e+03
1.539437070518151813e+03
1.721485976721353609e+03
1.494654535390457568e+03
1.654712030130569246e+03
1.481369400224688661e+03
1.481556378472426331e+03
1.676753361104760870e+03
1.633700130108899884e+03
1.621679741267401369e+03
1.497575429432497458e+03
1.610996596573189890e+03
1.418126443002485530e+03
1.534683300886028746e+03
1.592704790435202767e+03
1.636313211242342959e+03
1.450734844766402603e+03
1.731550054816247666e+03
1.644718539029812518e+03
1.644299199348464526e+03
1.544277134129174101e+03
1.469781148163987154e+03
1.544152464525305049e+03
1.575567817074879258e+03
1.541262753696091067e+03
1.657123999205170776e+03
1.365828303642045967e+03
1.574803197710370796e+03
1.569343428351550301e+03
1.440232812849784523e+03
1.430174306655404052e+03
1.570257717722321559e+03
1.326261586261649427e+03
1.514248610299056281e+03
1.542102161289139531e+03
1.537531540618722829e+03
1.651451087247614396e+03
1.602327056127311153e+03
1.453452196996751809e+03
1.765076218170176162e+03
1.551074440473218601e+03
1.657600876954328896e+03
1.483993110538182464e+03
1.373155667647256905e+03
1.549540046430777693e+03
1.521262784029151589e+03
1.519369081806352824e+03
1.545901056529881998e+03
1.553820947071687215e+03
1.527078935997706139e+03
1.544297495863843324e+03
1.473464942750345017e+03
1.573368630358256723e+03
1.634356450483382787e+03
1.516468091328641776e+03
1.459072619963439138e+03
1.401329504814196298e+03
1.414663317819043186e+03
1.469167401847498695e+03
1.423286314111048341e+03
1.337829293752599142e+03
1.568344822379590823e+03
1.606268897051094882e+03
1.533681826301294450e+03
1.579685371250783646e+03
1.407739323608820541e+03
1.586119881147212709e+03
1.470909192535037846e+03
1.447861864145769687e+03
1.251218796283080792e+03
1.595640349282597072e+03
1.363699694590210356e+03
1.565778151072310266e+03
1.703400729894021197e+03
1.652025341342746515e+03
1.577252709950399094e+03
1.510558618444416425e+03
1.493878665118758363e+03
1.552903469707048544e+03
1.667164235201899828e+03
1.459200765396170709e+03
1.441544645173398067e+03
1.605815279448180718e+03
1.838478733791912418e+03
1.471778170156423130e+03
1.656393608241916354e+03
1.592683145582878296e+03
1.753319905841738546e+03
1.684456818390533272e+03
1.585030757202608356e+03
1.692413323465982558e+03
1.493820771634874745e+03
1.448258531970932381e+03
1.459392307973807192e+03
1.598696898859602243e+03
1.581544522503480721e+03
1.583113995575591389e+03
1.744256121301181565e+03
1.660191008039119879e+03
1.524272977776011885e+03
1.590000272286451718e+03
1.559065383214353915e+03
1.443876685742128075e+03
1.350643332082988309e+03
1.641855065653967358e+03
1.605733325333487301e+03
1.558376070936526958e+03
1.533478757319377110e+03
1.577468353740132670e+03
1.620783690889137461e+03
1.595187341671460672e+03
1.731240452969171656e+03
1.460737481961106823e+03
1.582695977156357003e+03
1.658659549577158032e+03
1.552045171255758532e+03
1.552151540129452542e+03
1.545695450291169891e+03
1.715616908136299799e+03
1.442061709655572031e+03
1.465748104328987665e+03
1.509202862384450327e+03
1.564214897353391279e+03
1.464965767631344306e+03
1.580761149477120398e+03
1.476968006662058997e+03
1.523400291392333202e+03
1.478096612179104795e+03
1.465292662818704684e+03
1.439788847090540457e+03
1.552200873699579915e+03
1.567530239640624131e+03
1.452931265855065931e+03
1.384050003460448806e+03
1.552529991475428687e+03
1.410283643673877123e+03
1.657189148054647376e+03
1.633834515542485406e+03
1.660347834981423603e+03
1.547082323395506819e+03
1.578555907520239543e+03
1.555235682733240310e+03
1.512447411358730733e+03
1.558148265597837508e+03
1.516387157174208369e+03
1.564939048606079041e+03
1.564591702401304929e+03
1.603077411914938011e+03
1.486059873915940670e+03
1.419657582558808599e+03
1.647583694050770873e+03
1.534873616502502955e+03
1.547851145616615440e+03
1.562235618293753760e+03
1.732131833724102535e+03
1.563160033191912589e+03
1.585083383685198442e+03
1.413962479581829257e+03
1.517677612323595440e+03
1.554510694999221641e+03
1.552307550512800844e+03
1.508905509603249129e+03
1.502095053166161506e+03
1.613505379525891840e+03
1.510427419512939196e+03
1.548699341564833276e+03
1.499283938792128083e+03
1.562906663250594193e+03
1.620023780811979350e+03
1.544941371716849062e+03
1.434135755922792441e+03
1.632604975510392705e+03
1.553502233290888853e+03
1.594155057216548812e+03
1.592615154333066812e+03
1.467431499537357467e+03
1.556581595851107977e+03
1.531684144211843659e+03
1.472229174483731185e+03
1.761707284296443731e+03
1.504787787335531902e+03
1.672572730214766125e+03
1.574923468760424385e+03
1.703133892769589920e+03
1.741817142065141979e+03
1.642273461433770308e+03
1.532630224595301343e+03
1.589099101884575020e+03
1.591570196870882683e+03
1.680917351585423148e+03
1.566279719218256105e+03
1.654058299436506786e+03
1.842512142182858952e+03
1.640960808459498367e+03
1.610386703402290323e+03
1.617690860997933669e+03
1.687401094980838479e+03
1.809509639864098290e+03
1.532658195322579331e+03
1.605264055111150356e+03
1.755777340280676981e+03
1.657464861403237819e+03
1.773357374990941480e+03
1.616877034595907162e+03
1.702158379857533873e+03
1.850154698669509798e+03
1.761073695357412589e+03
1.861365969785892503e+03
1.664826778170375292e+03
1.966993862360741332e+03
1.900387697131647656e+03
1.580245614516215028e+03
1.645009239901430874e+03
1.568591653892917066e+03
1.706089124706739312e+03
1.743233098659809002e+03
1.689055102740129541e+03
1.766624484705810573e+03
1.722401289642401935e+03
1.726771224082465778e+03
1.696871111702306280e+03
1.676051519495861385e+03
1.679314632334889893e+03
1.643403791904931040e+03
1.869725602124322450e+03
1.774191332783908820e+03
1.832623557068403898e+03
1.769057363798613778e+03
1.701647075849349676e+03
1.640395861433731170e+03
1.687892987351387319e+03
1.827743351884055301e+03
1.661052839138387526e+03
1.675529615523769507e+03
1.725081433655218689e+03
1.692566611342802844e+03
1.635415543916089973e+03
1.868629266232017017e+03
1.669728084524026599e+03
1.742475119475783231e+03
1.771303244401716029e+03
1.832027992735187809e+03
1.757771660028648967e+03
1.540687863584396382e+03
1.554868330054559010e+03
1.692213055866640389e+03
1.644370378726666331e+03
1.853021323373979158e+03
1.711490455269124595e+03
1.628616002635166979e+03
1.599961858495068554e+03
1.696015349349185044e+03
1.865010346547682275e+03
1.729828722934971438e+03
1.813020664889874297e+03
1.720813272880232716e+03
1.807790149977040073e+03
1.788067760136505967e+03
1.828123717065668416e+03
1.747551420419629721e+03
1.776800608339033033e+03
1.717001039860761466e+03
1.804491469920074223e+03
1.728953946534566057e+03
1.780492250398252281e+03
1.948256240608114467e+03
1.738568403088544073e+03
1.729441195367278624e+03
1.855743109952649775e+03
1.663601872367966052e+03
1.681016992725719319e+03
1.778484410123750195e+03
1.930369330118414382e+03
1.796458782618620944e+03
1.873181866193843234e+03
1.665320870563333756e+03
1.716003056410569570e+03
1.721306215483457891e+03
1.702097153877602523e+03
1.726617265304456851e+03
1.818201659022199692e+03
1.792197921790575947e+03
1.815450897150037235e+03
1.669058360527284322e+03
1.732751473980525589e+03
1.737003004529876762e+03
1.667249336050407464e+03
1.851272084288328642e+03
1.594412302022243466e+03
1.632942772081546991e+03
1.677343070975618048e+03
1.867759674729765493e+03
1.610903814787531473e+03
1.782900404821541542e+03
1.788404490474192471e+03
1.542111040501392836e+03
1.739447034866800323e+03
1.639591446086932365e+03
1.747543242296525477e+03
1.808763646402099994e+03
1.819004298597771367e+03
1.658633448949356534e+03
1.657861193433958306e+03
1.597415452515941070e+03
1.820869090508116642e+03
1.842906835809780432e+03
1.619848190651553296e+03
1.715240441736419598e+03
1.546823136202904152e+03
1.720408350401469534e+03
1.508722176612373232e+03
1.566646622702468903e+03
1.508516180387890245e+03
1.678082941450621320e+03
1.616742228222243739e+03
1.596136026167136379e+03
1.576101957328398385e+03
1.561420194860951824e+03
1.603169333898981677e+03
1.567428863114866544e+03
1.556065690053935668e+03
1.618989465037903528e+03
1.588675603133494860e+03
1.602677528688630673e+03
1.448602627012862968e+03
1.434602501040663810e+03
1.605981684902200413e+03
1.553636649883698738e+03
1.442680294020426345e+03
1.655580601042149965e+03
1.488117825044195570e+03
1.595560685813897635e+03
1.419363734819972933e+03
1.414395484261247930e+03
1.596847369501385856e+03
1.556242374386655229e+03
1.594035892619297556e+03
1.594616709341154319e+03
1.700513018717425666e+03
1.673420000280986187e+03
1.422757710366061474e+03
1.521465187282817169e+03
1.452221238025416824e+03
1.557751356059349973e+03
1.559618557273916167e+03
1.460093110084380896e+03
1.451326941250797063e+03
1.431332192219313811e+03
1.408745252056190566e+03
1.614806370359507355e+03
1.423168857570425644e+03
1.462624222895871071e+03
1.466103517604577519e+03
1.533652464781002209e+03
1.652815560794278099e+03
1.422302197716227056e+03
1.603367967905648356e+03
1.528876067057791715e+03
1.425015622700682798e+03
1.523656628144563001e+03
1.482687049841930047e+03
1.421835232630868859e+03
1.492645817232538775e+03
1.552195432405071415e+03
1.555907201928256427e+03
1.463315343932164069e+03
1.500090342710669347e+03
1.661537230470652958e+03
1.656041554406309388e+03
1.533534113410264126e+03
1.612638696225127205e+03
1.469964467801780074e+03
1.597952993763545692e+03
1.527212511540091327e+03
1.705526778418563936e+03
1.674780523201864526e+03
1.590195269641886398e+03
1.434421377069910250e+03
1.608141005427951313e+03
1.700489587511975287e+03
1.566292481343925374e+03
1.617176745833865425e+03
1.573054961604432037e+03
1.682271978701197440e+03
1.619985660060151986e+03
1.690988598588471177e+03
1.488691751895771176e+03
1.594751731160575218e+03
1.610778950667492154e+03
1.540523326265495598e+03
1.467960174404914142e+03
1.588060066708838576e+03
1.600827050756396829e+03
1.563422254427782036e+03
1.696799827119157271e+03
1.599007664414612009e+03
1.540119356159647850e+03
1.454967268927659006e+03
1.708439592498600632e+03
1.462068880691532286e+03
1.617941590626884135e+03
1.467767751894587263e+03
1.584775290295084005e+03
1.555562763342007884e+03
1.529503379826990113e+03
1.586642857949012296e+03
1.741980067941944526e+03
1.576625508288494075e+03
1.743691430205075676e+03
1.668785708952514142e+03
1.767849220974530454e+03
1.723962749596299545e+03
1.705120848283903115e+03
1.788081339960572222e+03
1.759187634576709115e+03
1.849788890692960649e+03
1.613542481388523356e+03
1.804997032063658253e+03
1.685824078217991200e+03
1.700178373832416128e+03
1.803553135745252348e+03
1.685759224755027390e+03
1.618857973310410216e+03
1.574891473452839136e+03
1.615839725455874941e+03
1.781649304095287107e+03
1.656242731116330560e+03
1.641797671471856574e+03
1.705660717256611406e+03
1.606078144322861363e+03
1.840066603249592163e+03
1.647643524659619288e+03
1.515168117846277937e+03
1.774160010899285680e+03
1.695622809958588732e+03
1.585661193765643475e+03
1.573905872101889827e+03
1.482147318553101741e+03
1.625931875679960740e+03
1.659348630589656295e+03
1.622543051729105855e+03
1.685006188009128437e+03
1.598962664201878624e+03
1.476461700400695236e+03
1.655434411437921881e+03
1.519446878904770756e+03
1.550729585822937452e+03
1.628795535352110392e+03
1.478010984343523432e+03
1.663132274287002929e+03
1.562543313686325746e+03
1.555862570002805569e+03
1.685130493312494764e+03
1.673773985089203052e+03
1.623933028663088862e+03
1.648317921113153716e+03
1.681735205866549450e+03
1.681046360797604621e+03
1.720508698658600679e+03
1.640570977001706524e+03
1.563011771765629874e+03
1.560483007927777635e+03
1.604548738660758318e+03
1.642709626687013269e+03
1.475718436708218633e+03
1.624463135649076094e+03
1.676990124750097948e+03
1.552067598638069512e+03
1.529042161874372823e+03
1.478821589286860217e+03
1.504478708677723262e+03
1.680590070132571782e+03
1.640094056430425098e+03
1.574374592679989746e+03
1.627448394840956325e+03
1.211706675641873744e+03
1.633060764318689735e+03
1.601835696354129141e+03
1.686310012478111730e+03
1.708230030647266631e+03
1.587723048586030018e+03
1.527937340609667217e+03
1.784146276158136743e+03
1.550194009303381790e+03
1.593463916479683121e+03
1.577961582459070996e+03
1.646008258537808388e+03
1.532267375866083967e+03
1.585795514448292579e+03
1.724067708569615434e+03
1.677911932923749191e+03
1.492876851182632663e+03
1.609411649740926123e+03
1.618485373071731146e+03
1.589544216820485417e+03
1.726191351057183510e+03
1.561697752466502834e+03
1.619979734775813085e+03
1.348686445533505321e+03
1.635728182530664526e+03
1.595396798212824251e+03
1.479890136464855459e+03
1.575332577889712411e+03
1.407054654978074723e+03
1.555376919543002032e+03
1.524068575090858303e+03
1.569835267427881490e+03
1.565992117231338852e+03
1.619460790465941955e+03
1.606184345442960421e+03
1.559064312765668092e+03
1.706634991253039971e+03
1.722946008656608910e+03
1.598152546263734621e+03
1.600556757271082006e+03
1.728163375460568204e+03
1.627465505227508402e+03
1.656658784040589808e+03
1.765487251983984379e+03
1.524825385195218360e+03
1.696336050241033718e+03
1.643360941455588545e+03
1.658174048995699422e+03
1.646334084703433746e+03
1.620528014727818800e+03
1.659818678044742228e+03
1.654664463908000471e+03
1.655952748798933044e+03
1.608476243239794712e+03
1.645166764066291989e+03
1.716036655771747746e+03
1.597777568135888487e+03
1.704893964843437288e+03
1.656818348671041804e+03
1.571562172716922305e+03
1.700332387446238499e+03
1.676742456556740763e+03
1.742606683276938384e+03
1.731981948925422330e+03
1.602918562964558532e+03
1.642808210391683815e+03
1.740091079270541059e+03
1.533106271417713515e+03
1.503243039575398825e+03
1.836739820774616419e+03
1.729326474957739038e+03
1.584299537788879661e+03
1.766641749902005813e+03
1.653884451508387883e+03
1.659758156533840520e+03
1.698751044900957140e+03
1.694415426614408034e+03
1.644922992720708635e+03
1.799149904477824293e+03
1.691893863470099859e+03
1.591889682643385868e+03
1.571021981545221024e+03
1.794746529010475115e+03
1.605624898253975516e+03
1.598081292989471422e+03
1.685390429752963428e+03
1.631496019371676311e+03
1.725948360728333682e+03
1.686584522854531997e+03
1.692250976118667950e+03
1.753640748672609334e+03
1.689919364034258706e+03
1.769945602185505322e+03
1.781412545614000464e+03
1.726074205307780176e+03
1.752961002529437565e+03
1.765141091678416387e+03
1.669332159180038616e+03
1.758977760540198688e+03
1.675644819251217086e+03
1.730632861529170668e+03
1.753615289058909184e+03
1.795209713057864292e+03
1.750869026754464812e+03
1.856976480084650120e+03
1.829990160422683175e+03
1.736721406665961240e+03
1.732471881039059554e+03
1.759569841125618723e+03
1.930729269211265773e+03
1.685373722151877018e+03
1.631838033343335837e+03
1.837409386682634477e+03
1.679176409565450285e+03
1.762587896795620054e+03
1.706652720601935243e+03
1.667970066498146252e+03
1.577174265433437313e+03
1.752895722420437778e+03
1.786939467852372672e+03
1.598100122621663559e+03
1.658409344024526490e+03
1.669477406385450649e+03
1.718360047599858945e+03
1.695481231685260354e+03
1.781797636025936981e+03
1.659123788585598732e+03
1.779252372380646193e+03
1.719153989204821528e+03
1.719537945690241941e+03
1.658220343062967913e+03
1.733638750089067344e+03
1.612187791667148531e+03
1.706647999925040494e+03
1.561796676457358672e+03
1.691049010096113307e+03
1.675779135593938463e+03
1.638520929613652243e+03
1.594111527690899948e+03
1.733871190081672012e+03
1.694300890629175228e+03
1.707044704372597607e+03
1.705321816052141230e+03
1.743260470645132273e+03
1.668524172105941489e+03
1.823480830214455636e+03
1.598186181942615804e+03
1.690767881173924934e+03
1.697332275946414484e+03
1.484474754581587604e+03
1.698589077984933056e+03
1.636108119772801729e+03
1.710833323672659844e+03
1.318263104634220099e+03
1.608196519567562973e+03
1.560640905789822682e+03
1.610692522847976534e+03
1.606667587468127294e+03
1.444392721622516547e+03
1.690548085304378446e+03
1.516286647871129617e+03
1.628185314002307678e+03
1.540878639614405529e+03
1.506842256049438902e+03
1.516978920914117225e+03
1.557922222718790408e+03
1.496447379371887109e+03
1.558586152412733099e+03
1.548562650040375274e+03
1.647889062706997038e+03
1.620812672633240254e+03
1.458292350892857485e+03
1.556338783100499768e+03
1.492409318633126986e+03
1.720662717169210509e+03
1.596617112419250361e+03
1.488236442845232204e+03
1.490169981386927248e+03
1.600944154347235553e+03
1.742481768196809071e+03
1.477216011354390957e+03
1.501724965343184522e+03
