-2.317926996074724684e+03
-6.691538347244049874e+02
-6.462473917032708641e+02
-6.028584809307177466e+02
-6.447736343915028101e+02
-7.655934962006876958e+02
-6.317273871231245721e+02
-7.414284370893561800e+02
-6.152920143027174618e+02
-7.100936192409035357e+02
-6.712996401686170884e+02
-5.263148832365094449e+02
-6.557317009162673003e+02
-7.823242309744930481e+02
-6.110933829727214288e+02
-7.761733167674767628e+02
-1.039049925983758385e+03
-5.518020176007569262e+02
-7.828083288516816083e+02
-5.590846005339251406e+02
-7.575764813615496678e+02
-6.982266966752563349e+02
-7.613121570962066471e+02
-6.003136963774418291e+02
-6.166656298906485745e+02
-8.220166891628666690e+02
-6.263376268867402814e+02
-6.577587021655698436e+02
-6.092454568696127808e+02
-5.463154794231147662e+02
-6.972517376290954871e+02
-6.274105084875112652e+02
-6.350032130579886598e+02
-7.878256374499612775e+02
-6.344363730859211046e+02
-6.108975919167341999e+02
-7.429173622832621504e+02
-7.218213068725762014e+02
-7.552679878337143009e+02
-7.064402130890705394e+02
-6.427908164822008530e+02
-9.864506018041820425e+02
-7.712696501827920201e+02
-7.065688908908057329e+02
-7.090585302863482866e+02
-7.741642810222816706e+02
-7.137629709020909559e+02
-7.923323945282243130e+02
-8.170501028620429906e+02
-7.101305469974234938e+02
-8.566561895852431689e+02
-6.587910859974995219e+02
-7.090773033539686594e+02
-7.665893955600067784e+02
-7.188641066005109224e+02
-7.802584402936957986e+02
-7.833624537024373922e+02
-7.265360408246230008e+02
-8.577057510134949325e+02
-7.422497215815352547e+02
-7.124945922454035099e+02
-8.183021287980373017e+02
-6.807275067304871072e+02
-6.716662477587891544e+02
-7.144304418978516651e+02
-6.740835681191992990e+02
-7.482672929467253198e+02
-8.937647589417819063e+02
-4.825622717320015909e+02
-6.533087481632387608e+02
-1.474019027590751193e+03
-6.503094680144449740e+02
-5.873299467475895881e+02
-6.838569023537371550e+02
-7.197336799455727032e+02
-5.682669846112913774e+02
-6.218384527157077173e+02
-8.866373428591409720e+02
-8.484415692403707681e+02
-5.757151138850639427e+02
-8.152588523914776033e+02
-8.955725698805421189e+02
-6.349506388272642425e+02
-6.676153238972544841e+02
-6.547206650431625121e+02
-6.265682384315052786e+02
-5.731387190024742040e+02
-7.173704528550780424e+02
-6.600411314256419928e+02
-4.621794553634939007e+02
-4.839247644932443109e+02
-6.074508586349528514e+02
-5.438769254122491930e+02
-5.643364959657432109e+02
-6.740413269161664402e+02
-7.046331677746366040e+02
-6.877232060981298218e+02
-4.726583257361986625e+02
-5.381323915551009804e+02
-6.653457075845675490e+02
-6.766237586108436517e+02
-5.985562374421265304e+02
-6.158053209410726367e+02
-5.453963794896262698e+02
-6.674911432212106774e+02
-6.509469275337405634e+02
-8.558166546389883251e+02
-6.019126540801248666e+02
-6.033231657516903397e+02
-5.212552825667218031e+02
-5.802865659614554943e+02
-7.127798187230520170e+02
-7.072919440945657925e+02
-6.237374830999581263e+02
-6.963997813888928476e+02
-7.924671430636730065e+02
-7.035429750194157350e+02
-7.237729469379171405e+02
-1.088136166167923420e+03
-6.466014433985494634e+02
-7.221301362312083256e+02
-7.291058368225598088e+02
-1.059994395937750824e+03
-8.690159278656158222e+02
-1.497395775726949523e+03
-1.104272555507907327e+03
-5.601311446209173255e+02
-8.338136517922636131e+02
-1.223422464801947626e+03
-1.313193635932229427e+03
-7.988257886988224072e+02
-7.573197657042635456e+02
-1.208674311537222593e+03
-1.039553377642017949e+03
-8.751042546477880251e+02
-8.260924366412459676e+02
-7.122635081608738119e+02
-1.035529032277898068e+03
-1.994197598312375021e+03
-4.667383680173238076e+02
-5.010101937949277158e+02
-4.040708551617778426e+02
-3.664629956498635011e+02
-2.796100660811250691e+02
-5.071807803874607430e+02
-2.597357369270091567e+02
-4.098151648815779140e+02
-5.249871487003924813e+02
-3.661150544559195055e+02
-8.927921709333531908e+01
-4.919449628745794598e+02
-2.381299905447924630e+02
-3.855023063732390369e+02
-7.973117515540438944e+02
-4.121509777643502730e+02
-3.038435450032039284e+02
-4.320659892657118917e+02
-3.194272062573321591e+02
-5.428459997911692199e+02
-4.250177048030263904e+02
-3.857324052936305065e+02
-3.836569441974332335e+02
-7.932558509667014732e+02
-5.118843228576550928e+02
-1.161501635656719145e+03
-5.640799440934348468e+02
-4.799178348958068341e+02
-5.183599609412635800e+02
-3.785069528080923078e+02
-6.148881813054639451e+02
-4.190597616778143220e+02
-3.270480667923370675e+02
-2.879065297732972795e+02
-4.242790343276129192e+02
-4.465842185908961142e+02
-2.469375283552865596e+02
-4.009729070496623535e+02
-3.341927060304438442e+02
-4.390500349129468987e+02
-1.058642074284974115e+03
-1.348793734654493164e+03
-3.438828128662467520e+02
-3.040366068877950170e+02
-6.948888055321052661e+02
-3.388088899090121231e+02
-2.143486582643306065e+03
-6.087857105087102809e+02
-2.667614363347734638e+02
-4.750581204675884237e+02
-3.101242015098324600e+02
-3.604116513124761809e+02
-1.067806704153742885e+03
-3.905221335015534123e+02
-5.512206860139649507e+02
-3.408395337754822663e+02
-2.936488036038155656e+02
-3.491283005228610250e+02
-5.546488584578451082e+02
-4.144944078799710496e+02
-4.046516289779572162e+02
-9.996867420265270994e+02
-1.198708188122479442e+03
-4.324508505507959626e+02
-1.089517576875801751e+03
-1.890740079718912057e+02
-4.606109216727565467e+02
-5.507745679102565646e+02
-9.669884560073301145e+02
-4.933996270045528831e+02
-6.716875828982340408e+02
-4.256880501195446982e+02
-1.233747807427680300e+03
-1.594860131876010200e+03
-1.953818077587225162e+03
-7.308720537485719433e+02
-1.239326062331033654e+03
-1.354416052782630231e+03
-1.558478403183785758e+03
-3.039338751446533479e+03
-5.427741135285933751e+02
-3.599009878643030333e+02
-1.990857264950690819e+02
-3.568222192887509436e+02
-7.797583917081493610e+02
-1.284634370007407142e+03
-9.191547440684767025e+02
-4.467443204705219841e+02
-3.954166802649731949e+02
-1.046425218872402866e+03
-2.215663730651048695e+02
-2.374920430473354713e+02
-9.685255585270472523e+01
-5.506620486771867036e+02
-2.029761900132149890e+02
-2.237870560918231604e+02
-2.024065671750944375e+02
-4.366464711105101060e+02
-8.785536660041001369e+02
-2.313722123770414782e+02
-2.643440703070021414e+02
-1.295036723116540088e+03
-8.139159346042815457e+01
-3.288286739324462928e+02
-1.167223004199161778e+03
-2.105995809894414492e+02
1.652005354695626238e+01
-1.778237496171751104e+02
-1.141030865107139789e+03
-1.250475934955900129e+03
-8.531954709099715046e+02
-1.000090445623182234e+02
9.678372688321856288e+01
1.113957466438638733e+02
-6.510166720448909246e+02
-5.618983090313925004e+02
-1.756705829592820237e+03
-1.587873928448202832e+03
-1.788927583002956681e+02
-5.407031259867528661e+02
-3.667299405238367740e+02
-1.350922629595232820e+02
-2.364528880302674736e+02
-4.514707558626978425e+02
-1.482892023515410926e+02
9.562152026353874135e+02
-6.944466902051752299e+01
1.444473969167575831e+02
1.185047131992046843e+03
-5.153432222790008836e+02
-4.289669269165380570e+02
-3.909319910003580958e+02
-2.518982313581220751e+02
3.078992232993689981e+02
-1.344155746972587622e+03
6.933679407379343047e+02
7.671724272188889699e+02
-2.903861504483510316e+02
-2.883645424034033908e+02
-3.234347868802232711e+02
5.726024332196324167e+02
-2.952198700285755422e+02
-3.230079981322934373e+02
1.099314434490405006e+02
-1.068217314084434690e+02
-2.046581579968840572e+02
-1.857437896426177417e+02
-1.731424028098746817e+02
9.745462036201387264e+02
1.153368766096785407e+02
-3.407096581148500150e+02
-3.267092075122165511e+02
-6.160151671616272324e+02
-3.124462927834687207e+02
3.764929888568196930e+02
6.248227226672954657e+02
-9.422190262977260318e+02
-5.071106139558502264e+02
2.811719731603977834e+01
1.179485465384439976e+03
1.147757937719944948e+03
8.900108281665831100e+02
2.315404922656959172e+02
9.817478146454692478e+02
-1.026365745917602652e+02
7.461253266148590910e+02
3.658499303220810361e+01
-1.864643019869436102e+02
1.252135019322175594e+03
1.115895857764309085e+03
1.383564540059679757e+02
1.082800874960140163e+03
5.734977762440472588e+02
7.114653622944503013e+02
2.373482258367831150e+02
1.151330563758224571e+03
8.020260479131188731e+02
6.411945911804860998e+02
-1.845348781289342810e+02
6.814529865556129380e+02
5.089812452331275949e+01
-1.950162054581088569e+02
8.977368521177222505e+00
-8.664870164568724249e+02
-1.062445335690437787e+03
-4.173124486583774342e+02
-9.202791668560925018e+02
-8.189743756250552451e+02
-5.229904370306139754e+02
-2.369396016894885406e+02
-8.315610494099628625e+01
-1.466609827476267469e+02
-1.820756410569196646e+02
-1.063906138324263253e+02
-5.451450641855026191e+01
-8.457637407756297421e+01
-9.647739410316613373e+01
-1.379901589490079061e+02
-1.050112391761524293e+02
-9.559663204193601871e+01
-2.374557257874451466e+01
-1.394952546157169763e+03
-3.717743201635272499e+00
-1.097670908331401506e+03
3.684291295794238863e+01
-1.163278376083887053e+02
4.282934806152100293e+01
8.662046582915105830e+01
-2.071380449129021883e+01
7.423206927155420942e+01
-4.633375991592668441e+01
-1.140327526891238108e+02
-9.185450972190058394e+01
-4.890142738949443668e+01
3.705375611357008836e+01
6.016051445764745154e+00
-1.386421544318942551e+03
5.039973387296143414e+00
-1.823723979009180596e+02
-3.861816410663751640e+02
-2.618206654427726789e+02
4.194998508245100766e+01
4.397921085487716937e+02
2.106340870423196066e+01
3.684736391758414698e+02
2.974046394321144362e+02
5.661015183861813966e+02
4.726351854169288913e+02
5.967906369090992484e+02
3.895634315446875462e+02
2.036824153891257083e+02
7.161412307908818775e+01
6.935140209991391202e+02
2.047334107317432768e+02
-7.115368517528145276e+01
1.765985428656036049e+02
3.090974706288944276e+02
3.646347948551182867e+02
3.544471886352429237e+02
2.002477189968687128e+02
5.855195716196253670e+02
6.698225122962436444e+02
6.183978458618474860e+02
4.546367530086366742e+02
8.475669546876742970e+02
1.070277922655209295e+03
6.977275035079836698e+02
7.228924168452990671e+02
8.018278873720680622e+02
9.349771637935325543e+02
1.141503388697741002e+03
1.331578740730243226e+03
9.675226698667624987e+02
8.226414316328954328e+02
1.104003772716823505e+03
1.340715463526674966e+03
9.621836706348003645e+02
-7.749864917124078829e+02
6.644250875757504673e+02
8.042462236945831364e+02
5.351363127563007538e+02
1.183684380617550005e+03
1.171096763110560232e+03
4.660917219205435345e+02
5.860178826578827511e+02
8.266429118315630831e+02
7.719690177030864788e+02
9.356988301402233219e+02
7.493798753793322476e+02
4.806690399944980072e+02
6.676959967274863175e+02
6.532928756953534730e+02
7.983138504610910786e+02
8.914479683103013485e+02
8.316133201241589177e+02
1.018563082892269676e+03
7.078371623268777739e+02
9.268163444895405974e+02
9.835676995166807046e+02
1.126972152778303553e+03
8.584228171374910517e+02
7.426603340582629471e+02
7.746336849157945608e+02
7.092596912180356412e+02
7.111120220215298104e+02
9.334117512769713585e+02
6.597420826411794224e+02
9.453068611316354009e+02
8.427070568494432337e+02
6.050745293414611297e+02
7.211197477443231492e+02
8.773411300145376117e+02
9.531433799936830837e+02
8.744334897817026331e+02
8.063606277894988352e+02
9.085822123007154687e+02
7.905769373570465177e+02
8.266580738231784835e+02
7.273845740666173469e+02
6.318393403103913215e+02
6.724681490503060104e+02
6.634836702309871725e+02
7.946472771088594982e+02
5.581068614159876233e+02
3.816278893955530975e+02
4.477235408693870795e+02
4.327845320919312826e+02
5.150979454579054391e+02
3.461935546912881136e+02
2.966774580713092746e+02
2.727381608248213638e+02
3.939453657483303459e+02
3.284886473788516241e+02
1.351538812482897356e+02
3.020090257118138766e+02
3.709896130587933385e+02
3.489994115482293751e+02
1.350961263029078054e+02
2.734224674334941483e+02
2.709226777671310629e+02
2.976478539241135195e+02
1.167377145202457172e+02
2.116188955034610899e+02
3.704660247794835186e+02
3.671226090778677644e+02
2.005903985752518679e+02
9.335641171832943996e+01
2.598024895304017150e+02
7.108346585452903810e+01
2.481331995477126213e+02
2.711250707827103383e+02
-8.855222667853638541e+01
2.256038521287281355e+02
1.254931841593412827e+02
2.720600358085634980e+02
3.610177279002801924e+02
6.801560933256266708e+02
9.992064175351433732e+02
7.549035808208177514e+02
1.006880401144882399e+03
9.560197839275882643e+02
1.115042844882887039e+03
1.081444053293059596e+03
1.194551215266462805e+03
1.116686976824100611e+03
1.230982969987297110e+03
1.198745432459823633e+03
1.019631730866725547e+03
9.298214551422692011e+02
8.051271932434179917e+02
9.220801937795777121e+02
7.797053537920486406e+02
7.574617772735593917e+02
7.765603599235053025e+02
1.206424640710829863e+03
6.462447961853375773e+02
8.177721841429467986e+02
1.188669444721180298e+03
8.922934164815060285e+02
7.733547503536441354e+02
9.957218247769370691e+02
6.169955285771028457e+02
9.905172869090184804e+02
1.228335027300914817e+03
1.032437709713663708e+03
1.025553555153934440e+03
1.252646533071738759e+03
9.261573356449262064e+02
1.282419142134705226e+03
1.075291294734458916e+03
1.110703506779922691e+03
8.322436394212573987e+02
1.356637078198908057e+03
1.272460668545073077e+03
1.161020733588500207e+03
1.209479462948205992e+03
1.484346618881276299e+03
1.572486998320363909e+03
1.251761566312476816e+03
1.134705245053781937e+03
1.248354041661562860e+03
1.064655044857733628e+03
1.057129073577049894e+03
9.697659005204633331e+02
1.350822751366785724e+03
9.107150385550474994e+02
1.350726585338664108e+03
1.153795794799021223e+03
1.140175332439609974e+03
1.153271669727963854e+03
1.205625216651769506e+03
8.923410429385505722e+02
1.017509934688140788e+03
1.027487891909349401e+03
1.137781409364985166e+03
8.981296163105026835e+02
7.944939736660287508e+02
1.079620599857697243e+03
9.947295564342689431e+02
9.764717430198630836e+02
1.016428336644606816e+03
1.046424105020289971e+03
1.032732699140218756e+03
8.908259510059136801e+02
1.027920016040353630e+03
1.302146855236830561e+03
9.701868444912744280e+02
1.070347657817186700e+03
1.293719939862424781e+03
8.502068232151337952e+02
1.650746859418024997e+03
1.061768770471158177e+03
1.434319760172277938e+03
8.625175250832111260e+02
1.106468746862273520e+03
8.764892335139591069e+02
1.527018058754029425e+03
1.283276520948026700e+03
7.977085059700317515e+02
1.059502935756451279e+03
9.564925382408013093e+02
9.434030867878382196e+02
9.574134325937875474e+02
1.225776459688450359e+03
6.069268160391185347e+02
9.073261431712243166e+02
9.727187198763568858e+02
6.925311520655436652e+02
9.240878579914586908e+02
2.014844134132291344e+02
-6.392635240047459320e+02
6.886121329954855810e+02
1.047216983384277455e+03
6.073599478288676892e+02
1.095826357436094895e+03
1.023758544377539693e+03
1.032401381699922695e+03
6.718830968814371545e+02
1.016772251127145751e+03
1.060172121615709329e+03
1.106722039997006959e+03
9.680207436796805496e+02
8.887173040539321391e+02
1.531559638314401468e+02
4.609485142297359062e+02
1.218925443800346784e+03
5.228011998652912098e+02
9.864838960754867685e+02
8.752961712838753101e+02
2.624226234584433541e+02
1.371144475560830415e+03
1.423129316430377230e+03
1.433073232292727198e+03
2.101722487882931034e+02
1.467856450221899649e+03
1.722181196346351271e+03
1.747595140655507748e+03
1.384103252587933639e+03
9.285531928809854207e+02
1.555350078410058813e+03
1.309843465820937581e+03
1.171494944397017434e+03
1.194235621801632078e+03
4.466775704185139944e+02
9.386827952273259825e+02
1.575251630459895296e+03
1.840065310442381360e+03
1.225894065017218054e+03
1.516212366451051821e+03
1.595276967916777267e+03
1.318717083731427692e+03
1.682573051022148775e+03
1.557933902653439191e+03
1.376421880494716333e+03
1.030189551717030099e+03
1.488334455773388981e+03
1.087000734573888622e+03
1.271251269439551379e+03
1.855088498532891663e+03
1.284764769984932855e+03
1.063898976845853440e+03
1.353238338678844912e+03
1.594989373199693091e+03
1.546096278331988287e+03
1.629224919807801598e+03
1.261652611637833161e+03
1.283593582255270121e+03
8.516158586455781005e+02
1.275408969619384152e+03
1.027455510610218198e+03
1.723718788435945044e+03
1.495283477070458957e+03
1.496277898901572371e+03
1.201266123655595493e+03
1.281342003247910952e+03
1.283145473469549870e+03
1.508984521272164102e+03
1.329443208720407483e+03
1.172941449466866743e+03
1.446283294816091711e+03
1.749552015911297531e+03
1.522888560727740696e+03
1.088734949999004812e+03
1.334228859252796610e+03
1.213873898956957646e+03
9.603889998281240423e+02
8.789998617332482809e+02
1.262932585428662151e+03
1.429225526450376492e+03
1.484351739212015673e+03
1.197402663403351198e+03
1.238642979018446113e+03
1.259187520167756702e+03
1.346846749204543130e+03
1.225022303404259446e+03
6.197658446400033654e+02
8.614513215568372289e+02
6.866956603602644691e+02
7.440392604355031381e+02
8.617732093378241416e+02
5.383836224064414182e+02
1.042540243752952620e+03
9.171799982350048595e+02
8.022808749580339054e+02
1.267392807955023500e+03
9.414473353898752066e+02
1.165150873688322690e+03
5.566351956562050418e+02
1.065619152061212617e+03
7.577954633679146355e+02
7.801199903230171913e+02
9.668127241356271497e+02
1.309958714400682993e+03
7.808848677725100060e+02
1.065753660091598476e+03
1.284464067984391932e+03
1.061949802061973060e+03
1.199797697740711101e+03
1.068021161763486134e+03
1.234700717899235769e+03
8.976554407662035828e+02
1.114920661062270028e+03
1.242565272797306761e+03
1.294002548864090841e+03
1.085665932013554539e+03
1.081187799432551174e+03
1.199218428197325466e+03
1.444684852490514459e+03
1.122107127251234033e+03
1.266436447279446611e+03
1.322699408500478057e+03
1.103264925294608247e+03
1.049014974084619325e+03
1.151011254682479830e+03
1.230595829145456719e+03
1.244238579371295600e+03
1.165716227799213129e+03
1.323897587724706227e+03
1.045715431503303535e+03
1.032233957527008670e+03
1.085693070045778541e+03
1.227204038789494689e+03
1.058680169284587919e+03
1.074022150864177547e+03
1.020572460575908281e+03
1.090467728206847141e+03
1.021184719079671140e+03
8.262740212473363499e+02
8.506704815367088486e+02
7.259082345664910463e+02
9.338008090954396039e+02
7.913962317101751296e+02
1.064010151359516613e+03
9.853093991662445887e+02
1.021413998599386105e+03
7.068771768320118554e+02
6.588919034917138333e+02
6.202672142664138164e+02
8.681091033331920244e+02
9.929518736238153451e+02
7.475147796259170718e+02
8.888728425852385726e+02
7.385859386854955346e+02
8.373787196746927748e+02
9.779153973808798810e+02
1.002696452190654668e+03
7.754743716352900265e+02
9.285798736649737748e+02
1.040467338743772189e+03
1.146353323055670671e+03
1.148143584051382732e+03
1.059042523958229822e+03
8.742501166936330037e+02
1.391724810822910058e+03
1.043054760843940585e+03
1.466547611467625757e+03
1.227207582302247829e+03
9.647887098730680009e+02
1.165343268559907074e+03
1.393764288019013293e+03
1.151583879922306096e+03
1.365560345963520376e+03
1.152659508716236360e+03
1.272091755353296321e+03
9.016345125100112909e+02
1.180611291686966297e+03
1.190489204710002468e+03
1.434631480379038294e+03
1.223748949594893020e+03
1.234331982692915517e+03
1.380145690695004760e+03
1.230390668224369847e+03
1.359095384632240211e+03
1.026409061526077949e+03
1.026442362991823302e+03
1.347136416729636039e+03
1.230060985956467903e+03
1.075089665556126874e+03
9.547399784602105228e+02
1.203906111889857357e+03
9.683948736624724916e+02
1.205912601455782578e+03
1.077081647780494905e+03
1.072458906112548448e+03
1.168856265523660113e+03
1.071024642473336826e+03
1.196581479240040608e+03
1.221179856838280557e+03
1.198527069254575053e+03
9.936306183067899838e+02
1.138534051468418284e+03
1.098085670505215376e+03
1.468138173217324947e+03
1.067384966428087409e+03
1.237967655843821376e+03
1.159279033563065241e+03
1.265746694723028668e+03
1.265287821461681233e+03
1.469028836025587225e+03
1.267607966106515960e+03
1.594427923945836028e+03
1.349565057026623663e+03
1.582804835553128214e+03
1.733501476557860315e+03
1.596433922939276044e+03
1.671710267784287907e+03
1.387918091493603697e+03
1.632424999896734334e+03
1.403228633613650345e+03
1.643453359074013861e+03
1.734789765647395825e+03
1.443945255356229154e+03
1.616409761773805712e+03
1.529328155161789027e+03
1.327067490719589841e+03
1.244469008231606040e+03
1.444718990602766326e+03
1.211236476808683165e+03
1.356230339539335546e+03
1.493261759883594550e+03
1.352242050757397237e+03
1.322652768081797831e+03
1.150366736114161768e+03
1.347727283559986518e+03
1.326083264019571743e+03
1.253456555005108385e+03
1.338853619679159237e+03
1.283645030447757108e+03
1.080430139044227872e+03
1.426921191101554768e+03
1.124736430056246945e+03
1.149408145609724215e+03
1.261084046668167503e+03
1.153263863501307696e+03
1.351658131493339624e+03
1.354923981141479544e+03
1.375952788782574544e+03
1.344525528385540156e+03
1.298578410452894332e+03
1.385362988965277054e+03
1.314675297971301461e+03
1.288040731994049793e+03
1.431392035957162307e+03
1.737221214770867846e+03
1.487519453824416587e+03
1.287077787175178401e+03
1.371968569452476686e+03
1.427362264124391231e+03
1.449401525513470006e+03
1.366413421591604902e+03
1.280765033965782095e+03
1.290742319699020300e+03
1.002427804392389589e+03
1.277354323510795666e+03
1.325788265502710601e+03
1.248084175281619309e+03
1.345260691025453525e+03
1.516769093538956895e+03
1.053579513277531078e+03
1.189596980322387481e+03
1.241798014901612078e+03
1.426369338982975933e+03
1.323958681465452173e+03
1.490018784440438594e+03
1.250635835609626156e+03
1.347963241795492195e+03
1.425916711801045039e+03
1.570810343572611373e+03
1.432467782921537491e+03
1.238833491727372120e+03
1.406377981915034979e+03
1.333044579910559605e+03
1.183491927691625051e+03
1.386746486480621343e+03
1.405644406670446187e+03
1.242807531951969850e+03
1.273218847473769983e+03
1.270773458170001504e+03
1.447833572925265116e+03
1.480904354463569462e+03
1.550464606881527516e+03
1.427339897980200249e+03
1.234897992546221303e+03
1.580210253781959182e+03
1.252858340910304833e+03
1.335080385043805336e+03
1.436200956764435205e+03
1.503109745118270439e+03
1.470692971593183302e+03
1.367494608569054890e+03
1.080942124994101732e+03
1.060957645902662989e+03
8.611017463466665731e+02
-1.448384229530661287e+02
1.333156380256276179e+03
1.137055945662062641e+03
9.841161956561381885e+02
1.314449735814543828e+03
1.292707356674578932e+03
1.159551330980089915e+03
1.092412981267148325e+03
1.395163955829068300e+03
1.437922862373616681e+03
1.305761468653567135e+03
1.468793417475414572e+03
1.283616032149392822e+03
1.545742698083472533e+03
1.319143566422455024e+03
1.570129021115957585e+03
1.318329157392312709e+03
1.528538174663886139e+03
1.356759121097537445e+03
1.579901434473808195e+03
1.471891487753809315e+03
1.436815493509707267e+03
1.646789080033730897e+03
1.421014349450836562e+03
1.416964548140150782e+03
1.397325673536402292e+03
1.542205090649437125e+03
1.610050403679529836e+03
1.453402574408314422e+03
1.531719019263973678e+03
1.627505445732488624e+03
1.603237152796038572e+03
1.529168263181468774e+03
1.589640181200438292e+03
1.427366201854549445e+03
1.416355042034602320e+03
1.549414095055232792e+03
1.477143059291352984e+03
1.507604581241820142e+03
1.443112884851111630e+03
1.523464136267064987e+03
1.482305045998597734e+03
1.474558524587946977e+03
1.474997578410139567e+03
1.463536036272629190e+03
1.540261854681687282e+03
1.574646802018600511e+03
1.464419649404977463e+03
1.341837960010178449e+03
1.238342420831737627e+03
1.314501837745295234e+03
1.206429417645455942e+03
1.538531111135413994e+03
1.438101793583366543e+03
1.359709501597127655e+03
1.475444914174380983e+03
1.344979319607981097e+03
1.374238015685741402e+03
1.803338181305649186e+03
1.683474263914532912e+03
1.588201433927606558e+03
1.838939500928284360e+03
1.625287541093348182e+03
2.030996766333738833e+03
2.364397540935260622e+03
1.783675063986468103e+03
2.028432650655513044e+03
2.181752167789344639e+03
2.034657251349936814e+03
1.940630998076609330e+03
2.305776022805432149e+03
1.861091891076548563e+03
1.760973666367755868e+03
1.707778815424986306e+03
2.138295604536689552e+03
1.754225469912013750e+03
1.947803603144297540e+03
2.083756408269426629e+03
1.828724954026306250e+03
1.842916650474728385e+03
1.668431124906083824e+03
1.849295321372258059e+03
1.839615590119339004e+03
1.804495318940038942e+03
2.142752360738480093e+03
1.749875517088189099e+03
1.829793460358092489e+03
1.792131568677680661e+03
1.764577680208864422e+03
1.561890849093347242e+03
1.773057895458279518e+03
1.841591472738929042e+03
1.823139338524708364e+03
1.705337031670742590e+03
1.691869832990611485e+03
1.754813600199247048e+03
1.722089319950466233e+03
1.630234288037479473e+03
1.857289334122977607e+03
1.718477492045474719e+03
1.732311123996804099e+03
1.671098706006433076e+03
1.724732027095896228e+03
1.789637458972062632e+03
1.869998332437576664e+03
1.746901937995733078e+03
2.000331006048423205e+03
1.515829383928060679e+03
1.941550723850362829e+03
1.789191169512100714e+03
2.003440704872882634e+03
1.966381826559290857e+03
1.506023809365128500e+03
1.786738936068085877e+03
1.647687544217219511e+03
1.584015566945443425e+03
1.713756626777913425e+03
1.454191491449831119e+03
1.633511754218192891e+03
1.653730604942726359e+03
1.629569127695449424e+03
1.848033814556034940e+03
1.954028045432913132e+03
1.643092775555428943e+03
1.792255612067066295e+03
1.993475172635367926e+03
2.495378570325581222e+03
1.961511941033267249e+03
1.781922374772901094e+03
1.743361720143419916e+03
1.076228001970845526e+03
2.150882840683598261e+03
1.927035655419694194e+03
1.829077086855069865e+03
1.865135514067943404e+03
1.935505814392475259e+03
1.900835862610026652e+03
1.855103368306263292e+03
1.914115195284488891e+03
2.022989799713416232e+03
1.984066758977117388e+03
2.033728745122499276e+03
2.036536654849648130e+03
1.857273733151821261e+03
1.816426458903200000e+03
1.810004036788356188e+03
1.803910826297427775e+03
1.993232984892686545e+03
1.720734371788145609e+03
1.919227633920997050e+03
1.646819315329308210e+03
1.708784620352626916e+03
1.928598476487801918e+03
1.895865831591663209e+03
1.870817633615120030e+03
1.755939190533998499e+03
1.821449936172425168e+03
1.836745249511430757e+03
1.807448450591462461e+03
1.783524610376983446e+03
1.708437199843077906e+03
1.641627417298689807e+03
1.821356920790285130e+03
1.877186260277898327e+03
1.692412085813877638e+03
1.633957382236095327e+03
1.652632041623389796e+03
1.592486304502118628e+03
1.705544522924195462e+03
1.482825784205702803e+03
1.705143632814594639e+03
1.946724116683406692e+03
2.091147210676565464e+03
1.945801330553767457e+03
1.914416220365937079e+03
2.072944498407247011e+03
2.213375316603641295e+03
1.853258331912841641e+03
1.952658136009507871e+03
2.096019291164595415e+03
1.957356743728621950e+03
2.461350433990182864e+03
2.170689026893880509e+03
1.925557531973475761e+03
1.741252541980264368e+03
1.871493325399534569e+03
1.892817051801363959e+03
1.989917894964402421e+03
1.858888588914600405e+03
1.867466997042502499e+03
1.859055683584154167e+03
1.938746609915751151e+03
1.974679793136727767e+03
1.858007447660355410e+03
1.704613901097292228e+03
1.544167526803831151e+03
1.713851068233978140e+03
1.268738076240921600e+03
1.784573823807013923e+03
1.881827050079898299e+03
1.846643290401634658e+03
1.397504715047086393e+03
1.938189284249034699e+03
1.921098825666919311e+03
1.715806756050855711e+03
1.414477207747929469e+03
1.772829041165657600e+03
1.685723573997005587e+03
1.779011328882528687e+03
2.008843893886184560e+03
1.935780676532326197e+03
2.020359872241338053e+03
2.582113744146765839e+03
1.507314045532254568e+03
1.916964553775566173e+03
2.341682462554897029e+03
2.144803086835550403e+03
1.990643513148688726e+03
2.067338869792276000e+03
2.116220561124667256e+03
1.986665131740153129e+03
2.092180807734821428e+03
2.105912381625105809e+03
2.146938577724545212e+03
1.932935933238034977e+03
2.172576395701002184e+03
2.165007001843750913e+03
1.891068182137577878e+03
1.977818690443221840e+03
1.976536224650428039e+03
1.585580730873881748e+03
1.882793422756310974e+03
1.649560722587759756e+03
1.576050772999038827e+03
1.714163107001171056e+03
1.771161446056994464e+03
1.579099835832264944e+03
1.647783677671542591e+03
1.614964527978675051e+03
1.561343469424008617e+03
1.672844348353665737e+03
1.799693604157795562e+03
1.423445192144414250e+03
1.477273266465945426e+03
1.661412956568486379e+03
1.698882510973552598e+03
1.616241006402101220e+03
1.810379008007720813e+03
1.867145829883979559e+03
1.868241082903097777e+03
1.742057870594092492e+03
1.887716849439120324e+03
1.629138041218694980e+03
1.716391371720658753e+03
1.819211919213965757e+03
1.757119883388344533e+03
1.812072799370469284e+03
1.905837476012095294e+03
1.864465079734083702e+03
1.616917018036584523e+03
1.912932244978069548e+03
1.492128931895041660e+03
1.763340732208992904e+03
2.029478056762594406e+03
1.845312843540579706e+03
1.575102356242007318e+03
1.696399765705537675e+03
1.654600528370627671e+03
2.025772212279806126e+03
1.856779976344582337e+03
1.800073433217063211e+03
1.725636519535630669e+03
1.909259134361429460e+03
1.939120875077506298e+03
1.705596953501343251e+03
1.921554040612424615e+03
1.789758563614943341e+03
1.760086491339504846e+03
1.969288535368690418e+03
2.081205543612582005e+03
1.786737608534987885e+03
1.881723485007329145e+03
1.759783102933233295e+03
2.058751495250483003e+03
1.763832866425436805e+03
1.813767408956539839e+03
1.916516834935705447e+03
1.871617701651188781e+03
1.937092192685996906e+03
1.865335578226544840e+03
1.626219704461929041e+03
1.845318036708205454e+03
2.538595675473704432e+03
1.866393890460915372e+03
1.994227107654045540e+03
1.901109580518681923e+03
1.742022956622816764e+03
1.981799853125280151e+03
2.021549454825230441e+03
2.020402137433120970e+03
1.854537869067267366e+03
2.030428177274552581e+03
1.951235175272279321e+03
1.934280471055817543e+03
1.925159370865203073e+03
2.030333638081919162e+03
2.110549423840339841e+03
1.953770765530475501e+03
1.842359714283787525e+03
2.008229341213636417e+03
2.035160557937542762e+03
2.005834714630365170e+03
1.769255897681714714e+03
1.910965276096594835e+03
2.130834677132849265e+03
1.902104842602235294e+03
1.927561718798028778e+03
1.783943333698895231e+03
2.137278350796468658e+03
1.898025686555934499e+03
1.991705132519246490e+03
1.778913406696543007e+03
1.974690819525928646e+03
1.850764685275596094e+03
1.808806822503127478e+03
1.865093798228366722e+03
1.796587622415479018e+03
1.931777468254391579e+03
1.826400686911896855e+03
1.802237805435332575e+03
1.886562702501179956e+03
2.034739548730668503e+03
1.940433392880189331e+03
1.975964410806208434e+03
1.864765617035389596e+03
1.888276836134501082e+03
1.901288001125273695e+03
1.720043060957452553e+03
1.937275743490788955e+03
1.931761405829884325e+03
1.989146289405400694e+03
1.973818552419553271e+03
2.116602220503581975e+03
1.964899089563291682e+03
1.976686677891280851e+03
1.937169631459210450e+03
2.176298112705811036e+03
1.931640512847908440e+03
1.958929483365386659e+03
1.958419583150901190e+03
1.965418752939005117e+03
1.780522878467927967e+03
1.930947486872531499e+03
1.808279304387960792e+03
1.674501888451616878e+03
2.048003028388685834e+03
1.551658118718522019e+03
2.078072158841273904e+03
2.023119189358208814e+03
1.910617246388231933e+03
1.662904123012746368e+03
1.777434763863777789e+03
1.852921775067554790e+03
1.690251270609293442e+03
1.823463305367357862e+03
1.677781444040501356e+03
1.773214737228505555e+03
1.713945514570559226e+03
1.723166235852176669e+03
1.618150195718117402e+03
1.737293921244038984e+03
1.927141808795041015e+03
1.879934989466539264e+03
1.586845087051267228e+03
1.752321614170023622e+03
1.590732576690628775e+03
1.827054554031458338e+03
1.854436295928032223e+03
1.819900697842950649e+03
1.946427704962879943e+03
1.845829000624690707e+03
2.009155422456208498e+03
1.733760538414434905e+03
1.869366187349782876e+03
1.894423886736666418e+03
2.018509931831511949e+03
1.828210828277999553e+03
2.014758701153509264e+03
1.915418596213215096e+03
1.836556547701453383e+03
1.903894984115964689e+03
1.965342250338010672e+03
1.902051789300252267e+03
1.928212031560417927e+03
1.651988925394594617e+03
1.895281876536485242e+03
1.796581506678227015e+03
1.708345632397442387e+03
1.779238772692576504e+03
1.680111714994072372e+03
1.941152231584797391e+03
1.839312093992431301e+03
1.785086187978687576e+03
1.826364236685189326e+03
1.785429670018572779e+03
1.759211506150090827e+03
1.790826351799783652e+03
1.824283072454184094e+03
1.723797271810923576e+03
1.726014400620057359e+03
1.766347534394634067e+03
1.656530933146801090e+03
1.835608204830171871e+03
1.733845887368151125e+03
1.666105441823808405e+03
1.745765547765801330e+03
1.739093459955006210e+03
1.806699486841135922e+03
2.074769332532153385e+03
1.750896598896735895e+03
1.898248729571456806e+03
2.042952935910906945e+03
2.104233748887178990e+03
1.845936290349101910e+03
2.307791342565951709e+03
2.085778561407879351e+03
2.169272571327458536e+03
2.743342710133857054e+03
2.697496895963057796e+03
2.871182409209540765e+03
2.197418599776624433e+03
2.843577796193331778e+03
2.804250688903510309e+03
2.569838704097585378e+03
2.257735624051797458e+03
2.598226611115660489e+03
2.439804640290887164e+03
2.401497939181528636e+03
2.525859902293146206e+03
2.207394802616208835e+03
2.465876532410669824e+03
2.473286063613972146e+03
1.886249133086658276e+03
2.504380504077831574e+03
2.362361319233305039e+03
1.675414144694540028e+03
1.553405013403909606e+03
1.974264940795084840e+03
2.183557115876237276e+03
2.214381837682315563e+03
1.877754486601847248e+03
2.609078359175058722e+03
1.917788620317944378e+03
2.090949093794932651e+03
2.138753121565514903e+03
2.225966771158716256e+03
2.100187725907952426e+03
2.641155083686725447e+03
2.536417159405372786e+03
2.338560993120047897e+03
1.872311432530302000e+03
2.245259003392479826e+03
1.953865260112151873e+03
1.954545984405673607e+03
2.072868824855777348e+03
2.609434794647198032e+03
1.946885244293433743e+03
2.330480224080932203e+03
2.086722699051880682e+03
2.093101687888711240e+03
2.258522725334638380e+03
2.002361664930560437e+03
2.269391515357124263e+03
2.247554607464940091e+03
1.880754679240703808e+03
2.297039169852213490e+03
2.055953008786529608e+03
2.037627893744664107e+03
2.111773693666229065e+03
3.097581808340918542e+03
2.674889778246822971e+03
2.069748803011941618e+03
2.048347648682134604e+03
2.573153104060235819e+03
1.820009761034267285e+03
2.158138755264738393e+03
2.231007622039881880e+03
2.020605102394733876e+03
1.930765277158339813e+03
2.075733719132196711e+03
1.717627868029866931e+03
1.836301681633372482e+03
1.938290440771508202e+03
2.409098786424193804e+03
1.795152733860228864e+03
1.726672808851175205e+03
2.015983972384728531e+03
2.120736692547336133e+03
2.436962772775724261e+03
2.356022853768381992e+03
1.833086111402205006e+03
2.107627042048225576e+03
2.011687706027455988e+03
1.810701435115924141e+03
2.099194410394172337e+03
2.271643468421824764e+03
2.043961747744301192e+03
2.211293021533526826e+03
2.008934306747980145e+03
2.280686831396926664e+03
2.126671588957721269e+03
1.986765720828275107e+03
2.228378482611098207e+03
2.359200457359435404e+03
1.968126494511891906e+03
2.760599164939093498e+03
2.091084774524281784e+03
2.300019142608070524e+03
2.135801423172906198e+03
1.991767340743649811e+03
3.303849065428607901e+03
1.555812169834397764e+03
1.922940113756412075e+03
2.327390264740495695e+03
2.568777340669905698e+03
2.355443044759977965e+03
2.466749632440914866e+03
1.936565958049596702e+03
2.102675698587821444e+03
1.949102542821200586e+03
1.459790580697884025e+03
1.273967376612851695e+03
2.343815511159011294e+03
2.325885136992291791e+03
2.201386140105242248e+03
1.490021350667102752e+03
2.257843106274045113e+03
2.054235375353670861e+03
1.603876857886862354e+03
1.719081961797487111e+03
2.077932140936393353e+03
2.363734709013784141e+03
1.803526113903724990e+03
1.950262180834102082e+03
1.867484812735003516e+03
1.781694145978084634e+03
1.991056704901300691e+03
2.118866710189041441e+03
2.193889078648088798e+03
1.960160221234986238e+03
2.130795828590789370e+03
2.039941866563647409e+03
1.648092320109577031e+03
1.916021993682616539e+03
2.149990767905092980e+03
2.119980467878325726e+03
2.199034346676611676e+03
2.069690102173620289e+03
1.946957240985323324e+03
1.979968197233639330e+03
2.224395772798376584e+03
2.174027188908758944e+03
2.222417594513352924e+03
1.982019042075780135e+03
1.996333818728508732e+03
1.704696475795638435e+03
2.300035969716277577e+03
2.076181320312584376e+03
2.307623067215092306e+03
2.034997348620008324e+03
2.224342395308421601e+03
2.365495311170732748e+03
2.198901601895406202e+03
2.150481631712279068e+03
2.202153682563521670e+03
2.367055884834968310e+03
1.844526378027689589e+03
2.383565853985302510e+03
2.054331690194687326e+03
2.404273622716063983e+03
2.051031854064330673e+03
2.049178076704620253e+03
2.305249195922391209e+03
1.811190852816060897e+03
1.884628600562528391e+03
1.822764078863913483e+03
1.985787554050216841e+03
2.334015986294849426e+03
1.977098438946414490e+03
2.111143710949614160e+03
1.973318551684214526e+03
2.099763117773180511e+03
2.179778849041434114e+03
2.078219050480371152e+03
1.997371646017775447e+03
2.126647075018738178e+03
2.083408381357921371e+03
2.150003079228979914e+03
2.200964968796854464e+03
1.956896712909826419e+03
2.132273685844726970e+03
2.263302963625200846e+03
2.005719507058632189e+03
1.937382083062387210e+03
2.065929760502602676e+03
2.140022094002889389e+03
2.105698268244271276e+03
1.934926373273124000e+03
2.067202867219355994e+03
2.030816310552708273e+03
1.963962628412738468e+03
1.841551843561951046e+03
2.107154374522242506e+03
2.012821452043941008e+03
2.088616062128470730e+03
2.222081608430480628e+03
2.210246216373235256e+03
2.161577217073053816e+03
2.000293833245303404e+03
1.898499946955791074e+03
1.846897279239379941e+03
1.801589890661831532e+03
1.881839475076316148e+03
2.002908652592908766e+03
1.634483301097350250e+03
1.569241458324306677e+03
1.648080813356635417e+03
1.745267366125926401e+03
1.375572145252114069e+03
1.439449806910685083e+03
1.585598250273368194e+03
1.472622960081652536e+03
1.577476079195375860e+03
1.581484251770393257e+03
1.365710591959968951e+03
1.490002096456051504e+03
1.573718136727826959e+03
1.321420672646933326e+03
1.352189071436881704e+03
1.723700153364790822e+03
1.502273087689281283e+03
1.481564442614095469e+03
1.401185123232855858e+03
1.681983244239706664e+03
1.539649522042546323e+03
1.556669614787205546e+03
1.294372012963102861e+03
1.738543463666684374e+03
1.631338975391924805e+03
1.689595999053141441e+03
1.694338712681074639e+03
1.755889904877890331e+03
1.664163192441742694e+03
1.840327445171762974e+03
1.869224869747198454e+03
1.762077815978046601e+03
1.823972359667502815e+03
1.677707045750789803e+03
1.801174820461589661e+03
1.556038707018131618e+03
1.710147411987229816e+03
1.693266291956587565e+03
1.529783377551173317e+03
1.637893073267368663e+03
1.703405973260134942e+03
1.596427047106886448e+03
1.554016369054950246e+03
1.755356298503388643e+03
1.469438955097865119e+03
1.708345842378733096e+03
1.703947099366638440e+03
1.708985616580000851e+03
1.503822438944487658e+03
1.576377752543923407e+03
1.543650338980586639e+03
1.487483939234537729e+03
1.515949679144503989e+03
1.522495617409191027e+03
1.721737709218858981e+03
2.004075155585635457e+03
1.650402135711921801e+03
1.503472760741747607e+03
1.792137786749717407e+03
1.754411307223471567e+03
1.783492447581085344e+03
1.740246266001756794e+03
1.803323323241218759e+03
1.975771122164009739e+03
1.944133452504024490e+03
1.768527606690711082e+03
1.726069685317602307e+03
1.827076740945884922e+03
2.081011566068167667e+03
1.922360131919970854e+03
1.623230328867968410e+03
1.626311519581715402e+03
1.636376993107229282e+03
1.604221440789458029e+03
1.711724423532937863e+03
1.858616255221211986e+03
1.711675176980947754e+03
1.880096054390752670e+03
1.592944969461472738e+03
1.558196493256422400e+03
1.621287113063713832e+03
1.629684543335253920e+03
1.695466521363211996e+03
1.565809703665743655e+03
1.845377229653496670e+03
1.658350411135530976e+03
1.562790385704324081e+03
1.685946684043899722e+03
1.892510470172831674e+03
1.902968262292476311e+03
1.673721333777359860e+03
1.811117724365041340e+03
1.725764384962963049e+03
1.618599249642319364e+03
1.830950090736344691e+03
1.743599288866451161e+03
1.855275594828544854e+03
1.911188056580935381e+03
1.944437157044957985e+03
1.985048659305381989e+03
1.775703363033208916e+03
1.732258614484679583e+03
1.596439313793912788e+03
1.763261735978202069e+03
1.548750477956481745e+03
1.722982354890674742e+03
1.496266122330393728e+03
1.512143059467498006e+03
1.710229422569702137e+03
1.680629888038031368e+03
1.544402454751573714e+03
1.536384446047092752e+03
1.706367161535169771e+03
1.692273231905680632e+03
1.598192127939707234e+03
1.407957194197833815e+03
1.597615401185461224e+03
1.652246788743125080e+03
1.760124870526068662e+03
1.798107226602272931e+03
1.760768515595037798e+03
1.704896851141870229e+03
1.044901753256679740e+03
1.870593868718229260e+03
1.967576230875621832e+03
1.792578495049157027e+03
1.648262879336782817e+03
1.777362856853087578e+03
1.759239825690731095e+03
1.709382432559609697e+03
1.480274283451773272e+03
1.370002855285637452e+03
1.488674972341024386e+03
1.593036680141404304e+03
1.494741848268889044e+03
1.763616260127725127e+03
1.724671483591406741e+03
1.486259012998220669e+03
1.309284004514573098e+03
1.578224615659048141e+03
1.492187575363078395e+03
1.732832492886613409e+03
1.585631385636816276e+03
1.530452391574278408e+03
1.591986934236743309e+03
1.731214787127489672e+03
1.495297318046446208e+03
1.826741275415683504e+03
1.545735040888532239e+03
1.560785307311188262e+03
1.303703985213748183e+03
1.433396800532310181e+03
1.788025540429789771e+03
1.382593211678255557e+03
1.242175163492598358e+03
1.516983973311344243e+03
1.442384192718751137e+03
1.802642383916707786e+03
1.650649924877323883e+03
1.446143255592684227e+03
1.579903769769520750e+03
1.588671439067954680e+03
1.325366948463133667e+03
1.647848785824207880e+03
1.861915834013918584e+03
1.981215613570798268e+03
1.722060671647472418e+03
1.875310592367145546e+03
1.994129245658027912e+03
1.844953688965438687e+03
1.514564755220162851e+03
1.873067867321973836e+03
1.511737515155837400e+03
1.752845097563810668e+03
1.984683397955170904e+03
1.794083287951068314e+03
1.884050382181306986e+03
1.871996955516737216e+03
1.791287192176384451e+03
-1.067689265254244219e+03
2.040914396661693218e+03
1.765072784957125577e+03
1.411062163385001440e+03
1.645375199227675239e+03
1.403695561029770261e+03
1.711596456536118012e+03
1.780932892618531241e+03
1.753043102446187277e+03
1.820000899361696838e+03
1.781124055069435599e+03
1.403040561687744912e+03
1.660361899139479647e+03
1.671906991340911418e+03
1.235264098323451435e+03
1.802988526149051268e+03
1.610809005982229110e+03
1.449610510582147754e+03
1.432475835081938385e+03
1.447595146535988306e+03
1.497853706116186004e+03
1.426022389611251356e+03
1.287810492298159261e+03
1.396234537075775734e+03
1.269475489431196138e+03
1.365808810590761141e+03
1.617312463429241461e+03
2.043024054843963995e+03
1.420334820608921518e+03
2.055155977130016709e+03
1.673805107433784997e+03
1.299185409213795538e+03
1.296131407593037238e+03
1.591619644737055751e+03
1.562620785939613143e+03
2.032833291228109374e+03
1.336547675867680027e+03
1.641016467207526375e+03
1.618284737028670406e+03
1.434238702913923362e+03
1.158328458302312356e+03
1.433480769044130966e+03
1.350145489068385814e+03
1.609336356335644950e+03
1.495706890361434944e+03
1.862508131940319117e+03
1.662336914454794169e+03
2.090828295895347765e+03
1.144943583712965619e+03
1.755950212520107698e+03
1.551722406323580572e+03
1.478329822020885558e+03
1.396276075614232923e+03
2.316032652807067279e+03
2.101059501814322630e+03
1.239045756174860344e+03
1.289992253822821112e+03
1.996220492331987543e+03
2.392685655614812731e+03
2.336087333875208060e+03
2.181819009682295018e+03
2.300430726917501488e+03
2.535398667686567023e+03
2.365101228488726974e+03
2.122274464768062899e+03
2.279382438316070875e+03
1.687093769704932583e+03
1.516450584328701325e+03
1.553522545867342387e+03
2.106975469344353769e+03
1.639775736294017861e+03
1.761143496929157436e+03
1.553150621749761967e+03
1.647391931531623641e+03
1.654353187101265348e+03
1.326495352209283965e+03
2.268922587596205176e+03
1.854487956342936513e+03
2.060621711390735072e+03
1.477657466679479285e+03
1.395953842032782859e+03
1.860106321837079577e+03
1.752037225608046128e+03
1.906365532086512303e+03
2.206189654295399578e+03
1.966565574982707403e+03
2.095264538685710249e+03
2.135895621577178190e+03
1.836619143040795052e+03
2.210328164117303459e+03
1.953488530192681765e+03
2.027583020574503962e+03
1.800297131877039419e+03
1.364498896209978966e+03
1.951310677878406295e+03
1.352299719372943400e+03
1.157191678583785233e+03
1.894875609765537320e+03
1.984673862822310639e+03
2.017818727653008864e+03
1.870828369106040782e+03
1.087389844886073206e+03
1.961730516420134791e+03
1.318050111876357960e+03
1.175565170462343303e+03
2.081598972558132118e+03
1.994763650831573159e+03
1.416380594060995918e+03
1.261864390018880840e+03
1.710869462224199879e+03
1.421573153012693638e+03
1.954116634902997021e+03
1.962155523316642302e+03
1.943149074704691884e+03
2.037801460889533018e+03
1.786350463909008567e+03
1.950868643309222762e+03
2.059801863038536339e+03
1.886543074318028630e+03
1.872405914313828362e+03
2.010619184054724656e+03
1.833851412647507004e+03
1.859027648049334175e+03
1.765721061812220114e+03
1.844496960772133889e+03
1.996048913484899685e+03
2.096076967138103555e+03
2.141608350544643145e+03
2.198339340305887617e+03
2.081454949651094012e+03
2.114167198502976134e+03
1.944443577484044226e+03
2.131673080482877594e+03
2.297883760753367369e+03
2.117758024234089589e+03
2.241591698006314346e+03
2.018796243095010368e+03
2.130907604444875687e+03
2.275265617647648924e+03
2.012765691241808099e+03
1.968608013164918702e+03
2.050474839684789458e+03
2.058585920227394581e+03
2.238900216346805792e+03
2.141895266346041808e+03
1.786050829246807325e+03
2.098964374072985265e+03
2.075775548753658313e+03
1.928261365392327662e+03
2.168871892540391400e+03
2.014840998608965265e+03
2.358563422467073451e+03
2.397728076819801572e+03
2.142911562005411270e+03
2.490682831992012325e+03
2.211220714658718862e+03
2.193464156721906875e+03
2.255975762145626049e+03
2.138470947573894591e+03
2.222726165541646878e+03
2.248135356839719407e+03
2.331250596734669671e+03
2.373763396413839018e+03
2.063001892407269224e+03
2.319826340366727436e+03
2.372980200171497927e+03
1.840246902626998917e+03
2.239464845875966603e+03
2.121590176010643518e+03
2.355253743487079191e+03
2.146755097036694224e+03
2.081562717688282191e+03
2.013491985527692350e+03
2.035658154464571680e+03
1.988061649362675553e+03
2.162576785897562331e+03
2.016242455508318471e+03
2.184457800325310927e+03
2.123537384218581792e+03
2.240586306158262232e+03
2.084766891207166282e+03
1.988933958899939853e+03
1.868047998270440530e+03
1.943153135166988022e+03
1.898050368054671708e+03
1.944662218392203613e+03
1.826463838379823983e+03
1.928588695931630355e+03
1.961636706968618000e+03
2.133215529104011239e+03
2.234947455747522326e+03
2.641836160295762966e+03
1.931782130260418626e+03
2.233905030749056095e+03
2.212286960257685223e+03
2.127321117719884114e+03
2.087911714247771215e+03
1.874261204350757453e+03
2.387049884611311882e+03
1.951375681934713612e+03
1.909520315374202710e+03
1.987628283570868462e+03
2.187553539103834737e+03
2.167780712130876964e+03
2.120278243961900444e+03
2.122584960769535428e+03
2.121362579510906926e+03
1.911367599834673001e+03
2.045777444476070741e+03
7.406678417320574681e+01
2.088323506553290372e+03
1.751911002610064543e+03
2.013924842835323489e+03
1.931515679723021776e+03
2.061459530256127891e+03
1.920632061690779892e+03
2.107677924476888620e+03
2.353886070542518155e+03
2.831252424294751791e+02
2.151820730651072608e+03
2.140825283913000476e+03
2.226725914183788518e+03
2.137628023240900347e+03
2.220176433713621464e+03
2.255837664735600356e+03
2.195774463064689371e+03
2.094266446397072741e+03
2.077729638710439303e+03
2.194821884281967868e+03
2.255288023560311103e+03
2.463421306349442148e+03
2.255681685433091388e+03
2.222251622705868613e+03
2.132921063303499977e+03
2.607592453861940157e+03
2.112894214625049699e+03
2.587708623598236500e+03
2.284934039530880455e+03
2.145007359900435858e+03
2.140415116156115801e+03
2.020125758410221579e+03
2.262206803217814013e+03
2.268637358763166958e+03
2.253552654529742085e+03
2.092859175373428570e+03
2.020114303632139581e+03
2.369300967056906757e+03
2.060684185901787714e+03
2.118589947147267139e+03
2.098247034720787269e+03
2.153484431684345054e+03
2.240991594286895634e+03
2.194405992463521670e+03
2.325203743493896127e+03
2.346423150256851841e+03
2.181304964801756796e+03
2.092048167786062095e+03
2.267345842151741635e+03
2.182246497878661557e+03
2.323467260986396013e+03
2.250319100764597806e+03
2.151325711800674071e+03
2.032966819268974632e+03
2.140751897236903005e+03
2.135740182787451886e+03
2.153818481566550417e+03
2.046825837978247819e+03
2.282937853644309598e+03
2.036563330370329822e+03
2.203164568810500441e+03
2.037085130604539472e+03
2.194265327984348460e+03
2.277101283892022366e+03
2.293040158693500871e+03
2.137164060582148068e+03
2.070962195783261905e+03
2.072081851253821242e+03
2.063772949410644287e+03
2.100320565648231877e+03
2.263999790244813539e+03
2.187967694667425803e+03
2.347988960360820329e+03
2.351728863546123193e+03
2.098425682885469996e+03
1.675874370681289747e+03
1.960319535558780217e+03
2.130932438050058863e+03
2.179034347936973518e+03
1.997885641523761933e+03
2.139650484106124168e+03
1.916417409776584236e+03
1.703083733449768715e+03
2.186144140402196172e+03
1.930270528550379595e+03
1.968343104261193957e+03
2.053153930935252902e+03
2.015828375057370522e+03
1.983859049783953424e+03
2.417712197474171262e+03
2.386398815048878987e+03
1.960981782454957738e+03
1.873431054729657490e+03
1.895744438236376709e+03
2.172052986313188740e+03
1.837331855677517069e+03
2.193255864056246082e+03
1.755656214047321782e+03
1.631728568182692015e+03
1.986022106064650188e+03
1.706125297828644307e+03
2.011403219607014989e+03
1.940255058141140807e+03
1.884517920957229308e+03
1.992466003957092198e+03
1.859147438973524459e+03
2.184639742181986549e+03
2.186639657814198472e+03
2.060824532362446007e+03
1.987088637821132124e+03
1.916761831702567179e+03
2.122344490749471333e+03
2.119928076206732385e+03
1.814283673519648119e+03
1.998362692494401017e+03
1.881746343056329806e+03
1.984095113017428048e+03
2.060235597817587859e+03
2.000934616535594841e+03
1.966467406907971736e+03
2.164544045742660273e+03
2.136341024154889055e+03
2.021218791629783482e+03
1.993756505681346425e+03
2.258495847786180548e+03
2.116936356685825558e+03
2.084118475909668632e+03
2.085729433435171359e+03
2.041396947023974462e+03
2.280867303134773010e+03
2.135743791118962235e+03
2.032918518242265009e+03
1.777374026093633802e+03
1.924948889741694302e+03
2.002352191014909522e+03
1.909825346442469026e+03
1.959437175782343274e+03
2.224177442377882926e+03
2.232071469066054306e+03
2.161870432404281473e+03
2.081048062325045066e+03
2.126156084637682397e+03
2.091149414801407602e+03
2.129437009094991026e+03
2.138585481912239629e+03
2.033776520722817622e+03
2.073715487045122700e+03
2.155594911053535725e+03
2.441978574167436363e+03
2.224829539665224729e+03
2.025944869500907089e+03
2.092804731799464662e+03
2.161896969743663249e+03
2.296369054789611255e+03
1.917140201907795699e+03
2.178746735496732526e+03
2.311269987750134533e+03
2.233685470738501408e+03
2.366566801815833969e+03
2.271892487656304183e+03
2.129074976925065130e+03
1.996949523768977542e+03
2.322596497240470399e+03
1.995984939379424986e+03
2.109078466574592312e+03
2.211861650203335557e+03
2.028092803310270483e+03
2.089659869568896283e+03
2.180530270701907284e+03
2.253346320785169155e+03
2.050988759370331536e+03
1.903692350367558902e+03
2.054768593245981265e+03
1.828775845726542229e+03
1.638144402093346343e+03
2.022423371527185054e+03
1.800533770255766967e+03
1.707713105611083620e+03
1.791607531201423626e+03
1.930119645590633809e+03
1.814618578702960349e+03
1.864838340747170378e+03
1.862489199560416864e+03
2.096474088316858797e+03
2.069897092773047007e+03
2.160292494374597027e+03
1.783386934342589711e+03
2.204438521351919917e+03
1.990334524666301149e+03
2.290662642706674433e+03
1.702320660860782709e+03
1.976003740119765098e+03
2.154454139320276681e+03
1.687424263295844185e+03
2.065234510730193961e+03
2.218892928749127805e+03
1.903733484623046252e+03
1.895255309676834258e+03
2.353565357876796952e+03
1.940852975737586803e+03
2.169363811522716787e+03
2.219906338528762717e+03
2.129456759462369064e+03
2.251003194893892669e+03
2.059513259115760775e+03
2.080219222197400995e+03
2.105523095913327779e+03
2.057117304608896120e+03
2.301209154589194441e+03
2.004232084744913891e+03
2.397140225753526920e+03
2.177801987366573030e+03
2.140864601791883615e+03
2.040876343786167354e+03
2.774835283727738442e+03
2.159683999001554184e+03
2.160139321504298550e+03
2.231136857896277434e+03
2.633483140426772934e+03
2.388127615887581669e+03
2.368370557887616087e+03
2.182240408999426563e+03
2.259456742559273152e+03
2.007126532137629283e+03
1.940895387195332887e+03
2.153452119913139995e+03
2.077364734023316487e+03
2.043103624412207409e+03
1.924906345630808573e+03
1.996053436265595565e+03
1.873562667857685710e+03
2.111765615209044427e+03
2.217449330947787985e+03
2.039975104712045095e+03
2.240907925376851381e+03
1.959307333051832074e+03
1.808651230770935626e+03
2.103642116027829616e+03
1.919943970044074604e+03
2.134043308931488809e+03
2.067938195328058555e+03
2.118552249149652653e+03
1.994300244092721869e+03
2.201924776119660237e+03
1.994441912583349449e+03
1.925139440921179585e+03
2.090595872710174717e+03
1.958244291429944269e+03
1.974386099404118113e+03
2.056030371130761978e+03
1.722298153746928847e+03
2.026660124459507415e+03
2.329162416734070575e+03
1.915764033129439440e+03
1.916087526220279642e+03
2.228334245233254933e+03
1.969675293529305918e+03
2.009667762603148958e+03
1.870369381231010493e+03
1.915927798983578896e+03
1.897694086227593061e+03
1.814527257486594863e+03
1.643901234443237854e+03
1.855167321810356952e+03
2.201882061214615533e+03
1.971915936425351219e+03
1.792883522685408934e+03
2.029830896642296011e+03
1.973771567598707406e+03
2.033075693720313211e+03
2.382731407983702866e+03
1.812463041800832343e+03
1.892184014096622377e+03
2.100762978912095150e+03
2.115678248908197020e+03
1.981534301770289176e+03
2.041089051249584372e+03
1.997752497278277815e+03
2.043582808506843548e+03
1.985050912803372967e+03
1.805429162287702638e+03
1.995974008635430209e+03
1.967864117839691971e+03
2.023153751235710160e+03
2.007478805892470746e+03
2.060540425178027817e+03
2.079228964229186204e+03
2.079099312694876971e+03
2.059166467408386779e+03
1.919916653656935750e+03
2.272470594349320436e+03
2.287852668686650759e+03
2.058942335985206228e+03
2.172715744469418496e+03
2.072454751452322398e+03
2.527625497681561228e+03
2.147572340719381828e+03
1.993399209500119014e+03
1.828119349893265280e+03
2.084798239047582683e+03
2.295367565496112093e+03
2.112807840871914323e+03
2.039336359896313752e+03
2.055801287510492330e+03
2.033154795144694390e+03
2.161578647854018072e+03
2.159057924067043132e+03
1.955033379030937567e+03
2.120981923977087263e+03
2.191545843923466691e+03
1.873071373045791916e+03
1.763029560391493987e+03
2.194288409377743847e+03
1.936001218608357476e+03
2.209800819813186990e+03
2.076175979035248019e+03
1.878165625014906709e+03
1.842007303938193218e+03
2.229146686218884497e+03
2.119173377455630998e+03
1.839052111234292624e+03
1.944143725864482576e+03
1.828591057327828821e+03
1.815855276473094818e+03
2.213629719876050785e+03
1.908340626539031518e+03
2.048642411194582564e+03
2.089648872877392932e+03
1.885599020461467717e+03
2.067306490001502880e+03
1.975710148776323649e+03
1.959125381878486905e+03
1.695298133861325368e+03
1.827772450268451848e+03
1.662369802279457872e+03
1.856299216672285183e+03
1.693088884758810764e+03
1.825542211608519665e+03
1.931067285562368170e+03
1.956938361235349021e+03
1.854798248198981582e+03
1.823147911316519412e+03
1.796982877177465753e+03
1.768229823527467715e+03
1.798904429808889972e+03
1.734543317626597400e+03
1.960381669410578070e+03
2.070563318699357751e+03
1.986840264818865535e+03
2.041258629796173182e+03
1.858971719235296632e+03
2.078539340141770481e+03
2.061097544777644089e+03
1.701033313010121446e+03
1.750016576994702973e+03
1.719726561562401457e+03
1.780202474717415271e+03
2.118702352413105473e+03
2.072931581000404094e+03
2.173859298710641269e+03
1.883481517309755873e+03
1.992372292836408178e+03
1.980472453783245101e+03
1.625569719150761330e+03
1.848532065094183508e+03
2.031468223988934824e+03
1.673181850679167837e+03
1.929623398076871126e+03
1.858770091847493177e+03
1.808870241649818581e+03
1.779401728052951285e+03
1.767693554815407197e+03
1.970852839555843047e+03
1.865850428231985234e+03
1.933683473386115566e+03
1.789160149986814076e+03
1.950541207657396853e+03
1.971037054921453318e+03
1.911749170361294773e+03
2.126288800708069630e+03
1.863486027090564221e+03
1.975192523609583986e+03
1.980149888382813970e+03
1.407611610739867274e+03
1.817413432354640463e+03
2.043046089557193454e+03
1.742940701516910622e+03
1.988216558537133778e+03
1.948996395626056028e+03
1.738081771361332130e+03
1.962968458185456029e+03
1.927205662832792768e+03
1.804288549391121251e+03
1.890003337333991340e+03
1.814697123989880993e+03
2.194781238379800016e+03
1.758333279845240668e+03
1.933188927146485639e+03
2.104512889661541067e+03
2.197268257684174387e+03
1.422994054735115469e+03
1.822500131227167458e+03
1.869630340068339365e+03
1.676803658377107922e+03
1.795565270262708054e+03
1.767096440639577850e+03
2.044306716858407981e+03
1.701333682211874020e+03
1.981839484637645228e+03
2.222051316643613518e+03
2.024991143641815142e+03
1.677468027257426229e+03
1.769716460992421844e+03
1.863505315773002849e+03
1.893955261087640338e+03
1.896575115819057146e+03
1.725426464577478328e+03
1.684427988246413406e+03
1.752575561374040262e+03
1.770095780236787050e+03
1.677232679434288684e+03
1.722615104530467988e+03
1.965829624333585571e+03
1.854070848029224635e+03
1.661468099935688087e+03
1.857194866639702695e+03
1.618682043307695494e+03
1.752432009400134575e+03
1.737630009541866912e+03
1.647040474450712281e+03
1.803337824620327410e+03
2.204515534817783191e+03
1.629031547925638733e+03
1.844098669963763541e+03
1.573661139598176305e+03
2.236088979719169856e+03
2.093929670070363500e+03
2.150550778976632955e+03
2.366354117811059041e+03
2.029494312017076936e+03
2.174012085725947600e+03
2.238080001666298813e+03
2.060794955056015169e+03
2.208231977701075721e+03
2.148921491535727455e+03
1.947783785994585287e+03
1.866875817921643829e+03
2.191836177709414187e+03
1.948985406135840549e+03
1.990863124476827124e+03
2.043974875772148835e+03
2.011408423375853090e+03
2.021905316156154640e+03
2.244820445690457746e+03
1.994651164932541633e+03
2.025609084103547275e+03
2.099090098798893450e+03
2.035112129058090659e+03
1.956160165848291854e+03
1.993656759616938643e+03
1.940209388539949487e+03
1.976659617780436292e+03
1.929428806685361224e+03
1.995783028703979880e+03
1.919170712392058249e+03
2.095259030940918819e+03
1.867855728199034502e+03
2.084551584427310445e+03
1.958007321270202283e+03
2.023753023002405371e+03
2.138982634111445805e+03
2.324486728748768655e+03
2.235141636008464502e+03
2.242980789467696468e+03
2.209140847379074785e+03
2.217033572191504391e+03
2.118487149095354198e+03
1.829268374120476892e+03
1.947368222822721918e+03
2.107914035871175656e+03
2.029313493814256844e+03
2.064034049311996114e+03
1.974320769371685628e+03
2.040036160291038868e+03
1.738074945920042865e+03
1.913744611146165198e+03
1.947885817301988482e+03
1.738137464076547985e+03
1.892987554095308496e+03
2.013239322497722696e+03
1.840631917118136244e+03
1.797189773112263083e+03
1.751369473451227805e+03
1.775302193372331203e+03
1.828070808730429917e+03
1.504484003433061389e+03
1.764638043592022768e+03
1.771043660933291449e+03
1.574300060184807535e+03
1.833053877390012303e+03
1.789169533058962088e+03
1.712926337867246957e+03
1.704091899520688912e+03
1.684598635068211024e+03
1.490993475206490530e+03
1.433933043030328236e+03
1.567525657317929017e+03
1.551051985085537581e+03
1.787186415309023005e+03
1.690824079254608023e+03
1.744386670655253283e+03
1.431454185494442982e+03
1.609837729572969693e+03
1.583811180585540797e+03
1.675738973890027410e+03
1.805881592196503107e+03
1.914218861957115678e+03
1.737938973958468978e+03
1.728047119413930432e+03
1.884807837136194621e+03
1.864542400120270486e+03
1.636461639916251670e+03
1.720365727730280014e+03
1.848234435775390239e+03
1.634947512767252192e+03
1.556154133237250335e+03
1.837511492212554003e+03
1.876312347967574624e+03
1.679549190761393675e+03
1.729904863841036104e+03
1.921548720879875191e+03
1.742830102648971661e+03
1.795867272809618953e+03
1.672316908402872514e+03
1.647771924272258957e+03
1.598281483952489907e+03
1.731488061161420092e+03
1.933358758686184501e+03
1.982583304100134683e+03
1.822591416570985075e+03
1.833366856921201133e+03
1.724827673597670582e+03
1.850665358195083400e+03
1.941429539517343528e+03
1.827960439726246022e+03
1.829938488981311821e+03
1.750843324812743049e+03
1.914954046138078411e+03
1.858576931061141295e+03
1.885165420543501341e+03
1.763359262902514502e+03
1.872857429555840554e+03
1.954683150695544555e+03
1.867515966057957939e+03
1.785879108989265887e+03
1.780925619328216044e+03
1.892469666016367682e+03
1.649619288495791807e+03
1.816287350633352389e+03
2.002661536113607326e+03
1.915783047485780799e+03
1.905846435686749601e+03
1.865478220462855006e+03
1.937269713353698080e+03
1.873324486334888888e+03
1.990100994519168353e+03
2.056516584290450282e+03
1.925845176446212690e+03
2.004246917063930141e+03
1.975570331809481331e+03
2.006007485965727028e+03
1.878480880528289845e+03
1.910299925703095596e+03
1.884438390104874088e+03
1.958076835936693897e+03
1.842680926257292413e+03
1.903636388213735927e+03
1.958998597851578779e+03
2.114982722426963846e+03
1.853690464841101402e+03
1.837727365259072485e+03
1.901550798515970882e+03
1.948351588406200335e+03
1.873160186553853919e+03
2.101339764028993159e+03
1.963738327332847803e+03
1.940885791345499456e+03
2.075993903059752938e+03
2.046022708854443181e+03
1.879627440602744855e+03
1.845249109035946958e+03
1.966466720170360304e+03
2.086563310908749372e+03
1.855386229787153979e+03
2.006260252017959829e+03
2.026550376106604745e+03
2.044552857690924156e+03
2.055175121280337407e+03
2.131334507640293396e+03
2.097605381028381998e+03
2.082629586240384015e+03
1.736768262034458076e+03
1.614357371781137545e+03
1.522397918034997701e+03
1.641742811602497795e+03
1.646985934966709010e+03
1.779775312678523733e+03
1.731179854690602269e+03
1.703009735825944063e+03
2.294378417270733735e+03
2.202721753097966030e+03
2.275962481096115880e+03
1.969272008893399516e+03
2.218670735302632238e+03
2.141568391191636692e+03
1.705516931923022184e+03
